630783, 0.1535925023, 1.740023267e-05, (init)
640000, 0.1509831429, 1.740023267e-05
650000, 0.1482248316, 1.740023267e-05
660000, 0.1455393923, 1.740023267e-05
670000, 0.1429238093, 1.740023267e-05
680000, 0.1403752549, 1.740023267e-05
690000, 0.1378912401, 1.740023267e-05
700000, 0.1354691988, 1.740023267e-05
710000, 0.1331067216, 1.740023267e-05
720000, 0.1308016954, 1.740023267e-05
730000, 0.1285519217, 1.740023267e-05
740000, 0.1263553333, 1.740023267e-05
750000, 0.124210125, 1.740023267e-05
760000, 0.1221144013, 1.740023267e-05
770000, 0.1200663777, 1.740023267e-05
780000, 0.1180645028, 1.740023267e-05
790000, 0.1161071327, 1.740023267e-05
800000, 0.1141927181, 1.740023267e-05
810000, 0.1123199188, 1.740023267e-05
820000, 0.1104873011, 1.740023267e-05
830000, 0.1086935127, 1.740023267e-05
840000, 0.1069373903, 1.740023267e-05
850000, 0.1052176772, 1.740023267e-05
860000, 0.1035331871, 1.740023267e-05
870000, 0.1018829057, 1.740023267e-05
880000, 0.100265726, 1.740023267e-05
890000, 0.09868060293, 1.740023267e-05
900000, 0.09712664796, 1.740023267e-05
910000, 0.09560288204, 1.740023267e-05
920000, 0.09410838033, 1.740023267e-05
930000, 0.09264236149, 1.740023267e-05
940000, 0.09120395595, 1.740023267e-05
950000, 0.08979234201, 1.740023267e-05
960000, 0.08840683012, 1.740023267e-05
970000, 0.08704664492, 1.740023267e-05
980000, 0.0857110536, 1.740023267e-05
990000, 0.08439944551, 1.740023267e-05
1000000, 0.08311112678, 1.740023267e-05
1010000, 0.08184544157, 1.740023267e-05
1020000, 0.08060184734, 1.740023267e-05
1030000, 0.07937972105, 1.740023267e-05
1040000, 0.07817847376, 1.740023267e-05
1050000, 0.07699762201, 1.740023267e-05
1060000, 0.07583660451, 1.740023267e-05
1070000, 0.07469489077, 1.740023267e-05
1080000, 0.07357204875, 1.740023267e-05
1090000, 0.07246757125, 1.740023267e-05
1100000, 0.07138097899, 1.740023267e-05
1110000, 0.07031188484, 1.740023267e-05
1120000, 0.06925982919, 1.740023267e-05
1130000, 0.06822437778, 1.740023267e-05
1140000, 0.06720518288, 1.740023267e-05
1150000, 0.06620182682, 1.740023267e-05
1160000, 0.06521391513, 1.740023267e-05
1170000, 0.06424113468, 1.740023267e-05
1180000, 0.06328310497, 1.740023267e-05
1190000, 0.06233946674, 1.740023267e-05
1200000, 0.06140993742, 1.740023267e-05
1210000, 0.06049416948, 1.740023267e-05
1220000, 0.05959183496, 1.740023267e-05
1230000, 0.05870267831, 1.740023267e-05
1240000, 0.05782638138, 1.740023267e-05
1250000, 0.05696264408, 1.740023267e-05
1260000, 0.05611123487, 1.740023267e-05
1270000, 0.05527186183, 1.740023267e-05
1280000, 0.05444424977, 1.740023267e-05
1290000, 0.0536281885, 1.740023267e-05
1300000, 0.05282340959, 1.740023267e-05
1310000, 0.05202966019, 1.740023267e-05
1320000, 0.05124674911, 1.740023267e-05
1330000, 0.05047442905, 1.740023267e-05
1340000, 0.04971246719, 1.740023267e-05
1350000, 0.04896068937, 1.740023267e-05
1360000, 0.04821886728, 1.740023267e-05
1370000, 0.04748678616, 1.740023267e-05
1380000, 0.04676428708, 1.740023267e-05
1390000, 0.04605115889, 1.740023267e-05
1400000, 0.04534720311, 1.740023267e-05
1410000, 0.0446522745, 1.740023267e-05
1420000, 0.04396617744, 1.740023267e-05
1430000, 0.04328872816, 1.740023267e-05
1440000, 0.04261979375, 1.740023267e-05
1450000, 0.04195919265, 1.740023267e-05
1460000, 0.04130675444, 1.740023267e-05
1470000, 0.04066235733, 1.740023267e-05
1480000, 0.04002583253, 1.740023267e-05
1490000, 0.03939702174, 1.740023267e-05
1500000, 0.03877581321, 1.740023267e-05
1510000, 0.03816204978, 1.740023267e-05
1520000, 0.03755558419, 1.740023267e-05
1530000, 0.03695631378, 1.740023267e-05
1540000, 0.03636409197, 1.740023267e-05
1550000, 0.03577878159, 1.740023267e-05
1560000, 0.03520028819, 1.740023267e-05
1570000, 0.03462847491, 1.740023267e-05
1580000, 0.03406321375, 1.740023267e-05
1590000, 0.03350441776, 1.740023267e-05
1600000, 0.03295195892, 1.740023267e-05
1610000, 0.03240571766, 1.740023267e-05
1620000, 0.03186561384, 1.740023267e-05
1630000, 0.03133152757, 1.740023267e-05
1640000, 0.03080334698, 1.740023267e-05
1650000, 0.03028099814, 1.740023267e-05
1655426, 0.3404565657, 1.726158387e-05, (recalc)
1660000, 0.340220966, 1.726158387e-05
1670000, 0.339709951, 1.726158387e-05
1680000, 0.3392044823, 1.726158387e-05
1690000, 0.3387044543, 1.726158387e-05
1700000, 0.3382097687, 1.726158387e-05
1710000, 0.3377203624, 1.726158387e-05
1720000, 0.3372361362, 1.726158387e-05
1730000, 0.3367569978, 1.726158387e-05
1740000, 0.3362828888, 1.726158387e-05
1750000, 0.3358137159, 1.726158387e-05
1760000, 0.3353493923, 1.726158387e-05
1770000, 0.3348898639, 1.726158387e-05
1780000, 0.3344350428, 1.726158387e-05
1790000, 0.3339848473, 1.726158387e-05
1800000, 0.3335392274, 1.726158387e-05
1810000, 0.3330980999, 1.726158387e-05
1820000, 0.3326613882, 1.726158387e-05
1830000, 0.3322290456, 1.726158387e-05
1840000, 0.3318009938, 1.726158387e-05
1850000, 0.3313771603, 1.726158387e-05
1860000, 0.3309575021, 1.726158387e-05
1870000, 0.330541945, 1.726158387e-05
1880000, 0.3301304205, 1.726158387e-05
1890000, 0.3297228888, 1.726158387e-05
1900000, 0.3293192796, 1.726158387e-05
1910000, 0.3289195283, 1.726158387e-05
1920000, 0.3285235978, 1.726158387e-05
1930000, 0.3281314216, 1.726158387e-05
1940000, 0.3277429386, 1.726158387e-05
1950000, 0.3273581142, 1.726158387e-05
1960000, 0.3269768855, 1.726158387e-05
1970000, 0.3265991946, 1.726158387e-05
1980000, 0.3262250094, 1.726158387e-05
1990000, 0.3258542701, 1.726158387e-05
2000000, 0.3254869219, 1.726158387e-05
2010000, 0.325122935, 1.726158387e-05
2020000, 0.3247622525, 1.726158387e-05
2030000, 0.3244048225, 1.726158387e-05
2040000, 0.3240506171, 1.726158387e-05
2050000, 0.3236995825, 1.726158387e-05
2060000, 0.3233516692, 1.726158387e-05
2070000, 0.3230068515, 1.726158387e-05
2080000, 0.3226650779, 1.726158387e-05
2090000, 0.3223263016, 1.726158387e-05
2100000, 0.3219904985, 1.726158387e-05
2110000, 0.3216576198, 1.726158387e-05
2120000, 0.3213276207, 1.726158387e-05
2130000, 0.321000479, 1.726158387e-05
2140000, 0.3206761481, 1.726158387e-05
2150000, 0.3203545856, 1.726158387e-05
2160000, 0.3200357704, 1.726158387e-05
2170000, 0.3197196584, 1.726158387e-05
2180000, 0.319406209, 1.726158387e-05
2190000, 0.3190954028, 1.726158387e-05
2200000, 0.3187871974, 1.726158387e-05
2210000, 0.3184815544, 1.726158387e-05
2220000, 0.3181784556, 1.726158387e-05
2230000, 0.3178778606, 1.726158387e-05
2240000, 0.3175797325, 1.726158387e-05
2250000, 0.3172840547, 1.726158387e-05
2260000, 0.3169907883, 1.726158387e-05
2270000, 0.3166998983, 1.726158387e-05
2280000, 0.3164113691, 1.726158387e-05
2290000, 0.3161251636, 1.726158387e-05
2300000, 0.3158412484, 1.726158387e-05
2310000, 0.3155596088, 1.726158387e-05
2320000, 0.3152802095, 1.726158387e-05
2330000, 0.3150030184, 1.726158387e-05
2340000, 0.3147280219, 1.726158387e-05
2350000, 0.3144551862, 1.726158387e-05
2360000, 0.3141844805, 1.726158387e-05
2370000, 0.3139158924, 1.726158387e-05
2380000, 0.3136493891, 1.726158387e-05
2390000, 0.3133849416, 1.726158387e-05
2400000, 0.313122538, 1.726158387e-05
2410000, 0.312862147, 1.726158387e-05
2420000, 0.3126037408, 1.726158387e-05
2430000, 0.3123473083, 1.726158387e-05
2440000, 0.3120928196, 1.726158387e-05
2450000, 0.311840248, 1.726158387e-05
2460000, 0.311589583, 1.726158387e-05
2470000, 0.3113407961, 1.726158387e-05
2480000, 0.3110938616, 1.726158387e-05
2490000, 0.3108487698, 1.726158387e-05
2500000, 0.3106054934, 1.726158387e-05
2510000, 0.3103640075, 1.726158387e-05
2520000, 0.3101243033, 1.726158387e-05
2530000, 0.3098863543, 1.726158387e-05
2540000, 0.309650137, 1.726158387e-05
2550000, 0.3094156429, 1.726158387e-05
2560000, 0.3091828467, 1.726158387e-05
2570000, 0.3089517257, 1.726158387e-05
2580000, 0.3087222721, 1.726158387e-05
2590000, 0.3084944615, 1.726158387e-05
2600000, 0.3082682721, 1.726158387e-05
2610000, 0.3080436967, 1.726158387e-05
2620000, 0.3078207118, 1.726158387e-05
2630000, 0.3075992963, 1.726158387e-05
2640000, 0.3073794438, 1.726158387e-05
2650000, 0.3071611314, 1.726158387e-05
2660000, 0.306944339, 1.726158387e-05
2670000, 0.3067290605, 1.726158387e-05
2680000, 0.306515274, 1.726158387e-05
2690000, 0.3063029601, 1.726158387e-05
2700000, 0.3060921131, 1.726158387e-05
2710000, 0.305882712, 1.726158387e-05
2720000, 0.305674738, 1.726158387e-05
2730000, 0.3054681859, 1.726158387e-05
2740000, 0.3052630354, 1.726158387e-05
2750000, 0.3050592685, 1.726158387e-05
2760000, 0.3048568802, 1.726158387e-05
2770000, 0.3046558511, 1.726158387e-05
2780000, 0.3044561638, 1.726158387e-05
2790000, 0.3042578137, 1.726158387e-05
2800000, 0.304060782, 1.726158387e-05
2810000, 0.303865052, 1.726158387e-05
2820000, 0.3036706194, 1.726158387e-05
2830000, 0.3034774661, 1.726158387e-05
2840000, 0.3032855759, 1.726158387e-05
2850000, 0.303094945, 1.726158387e-05
2860000, 0.3029055557, 1.726158387e-05
2870000, 0.3027173926, 1.726158387e-05
2880000, 0.302530452, 1.726158387e-05
2890000, 0.302344717, 1.726158387e-05
2900000, 0.3021601725, 1.726158387e-05
2910000, 0.3019768153, 1.726158387e-05
2920000, 0.3017946289, 1.726158387e-05
2930000, 0.3016135989, 1.726158387e-05
2940000, 0.3014337223, 1.726158387e-05
2950000, 0.301254983, 1.726158387e-05
2960000, 0.3010773673, 1.726158387e-05
2970000, 0.3009008723, 1.726158387e-05
2980000, 0.3007254825, 1.726158387e-05
2990000, 0.3005511846, 1.726158387e-05
3000000, 0.3003779761, 1.726158387e-05
3010000, 0.3002058419, 1.726158387e-05
3020000, 0.3000347691, 1.726158387e-05
3030000, 0.2998647553, 1.726158387e-05
3040000, 0.2996957862, 1.726158387e-05
3050000, 0.2995278491, 1.726158387e-05
3060000, 0.2993609421, 1.726158387e-05
3070000, 0.2991950509, 1.726158387e-05
3080000, 0.2990301636, 1.726158387e-05
3090000, 0.2988662781, 1.726158387e-05
3100000, 0.2987033811, 1.726158387e-05
3110000, 0.2985414605, 1.726158387e-05
3120000, 0.2983805149, 1.726158387e-05
3130000, 0.2982205309, 1.726158387e-05
3140000, 0.2980614973, 1.726158387e-05
3150000, 0.2979034125, 1.726158387e-05
3160000, 0.2977462638, 1.726158387e-05
3170000, 0.2975900401, 1.726158387e-05
3180000, 0.29743474, 1.726158387e-05
3190000, 0.2972803513, 1.726158387e-05
3200000, 0.2971268632, 1.726158387e-05
3210000, 0.2969742745, 1.726158387e-05
3220000, 0.2968225732, 1.726158387e-05
3230000, 0.296671749, 1.726158387e-05
3240000, 0.2965218008, 1.726158387e-05
3250000, 0.296372717, 1.726158387e-05
3260000, 0.2962244875, 1.726158387e-05
3270000, 0.2960771115, 1.726158387e-05
3280000, 0.2959305775, 1.726158387e-05
3290000, 0.2957848759, 1.726158387e-05
3300000, 0.295640006, 1.726158387e-05
3310000, 0.2954959567, 1.726158387e-05
3320000, 0.2953527186, 1.726158387e-05
3330000, 0.295210291, 1.726158387e-05
3340000, 0.2950686633, 1.726158387e-05
3350000, 0.2949278263, 1.726158387e-05
3360000, 0.2947877795, 1.726158387e-05
3370000, 0.2946485125, 1.726158387e-05
3380000, 0.2945100163, 1.726158387e-05
3390000, 0.2943722908, 1.726158387e-05
3400000, 0.2942353256, 1.726158387e-05
3410000, 0.2940991121, 1.726158387e-05
3420000, 0.2939636502, 1.726158387e-05
3430000, 0.29382893, 1.726158387e-05
3440000, 0.2936949429, 1.726158387e-05
3450000, 0.293561689, 1.726158387e-05
3460000, 0.2934291586, 1.726158387e-05
3470000, 0.2932973436, 1.726158387e-05
3480000, 0.2931662439, 1.726158387e-05
3490000, 0.2930358501, 1.726158387e-05
3500000, 0.2929061544, 1.726158387e-05
3510000, 0.2927771567, 1.726158387e-05
3520000, 0.2926488481, 1.726158387e-05
3530000, 0.2925212207, 1.726158387e-05
3540000, 0.2923942748, 1.726158387e-05
3550000, 0.2922680014, 1.726158387e-05
3560000, 0.292142393, 1.726158387e-05
3570000, 0.29201745, 1.726158387e-05
3580000, 0.2918931635, 1.726158387e-05
3590000, 0.2917695264, 1.726158387e-05
3600000, 0.291646539, 1.726158387e-05
3610000, 0.2915241928, 1.726158387e-05
3620000, 0.2914024807, 1.726158387e-05
3630000, 0.2912814031, 1.726158387e-05
3640000, 0.2911609518, 1.726158387e-05
3650000, 0.2910411199, 1.726158387e-05
3660000, 0.2909219078, 1.726158387e-05
3670000, 0.2908033075, 1.726158387e-05
3680000, 0.2906853123, 1.726158387e-05
3690000, 0.2905679228, 1.726158387e-05
3700000, 0.290451131, 1.726158387e-05
3710000, 0.2903349305, 1.726158387e-05
3720000, 0.2902193218, 1.726158387e-05
3730000, 0.2901042974, 1.726158387e-05
3740000, 0.2899898507, 1.726158387e-05
3750000, 0.2898759825, 1.726158387e-05
3760000, 0.2897626853, 1.726158387e-05
3770000, 0.2896499529, 1.726158387e-05
3780000, 0.289537786, 1.726158387e-05
3790000, 0.2894261773, 1.726158387e-05
3800000, 0.2893151208, 1.726158387e-05
3810000, 0.2892046173, 1.726158387e-05
3820000, 0.2890946595, 1.726158387e-05
3830000, 0.2889852416, 1.726158387e-05
3840000, 0.2888763645, 1.726158387e-05
3850000, 0.2887680211, 1.726158387e-05
3860000, 0.2886602058, 1.726158387e-05
3870000, 0.2885529193, 1.726158387e-05
3880000, 0.2884461549, 1.726158387e-05
3890000, 0.288339907, 1.726158387e-05
3900000, 0.2882341764, 1.726158387e-05
3910000, 0.2881289566, 1.726158387e-05
3920000, 0.288024242, 1.726158387e-05
3930000, 0.2879200337, 1.726158387e-05
3940000, 0.2878163251, 1.726158387e-05
3950000, 0.2877131108, 1.726158387e-05
3960000, 0.2876103919, 1.726158387e-05
3970000, 0.287508162, 1.726158387e-05
3980000, 0.2874064159, 1.726158387e-05
3990000, 0.2873051547, 1.726158387e-05
4000000, 0.287204372, 1.726158387e-05
4010000, 0.2871040629, 1.726158387e-05
4020000, 0.2870042284, 1.726158387e-05
4030000, 0.2869048623, 1.726158387e-05
4040000, 0.2868059599, 1.726158387e-05
4050000, 0.286707522, 1.726158387e-05
4060000, 0.2866095429, 1.726158387e-05
4070000, 0.2865120176, 1.726158387e-05
4080000, 0.2864149472, 1.726158387e-05
4090000, 0.286318326, 1.726158387e-05
4100000, 0.2862221492, 1.726158387e-05
4110000, 0.286126418, 1.726158387e-05
4120000, 0.2860311266, 1.726158387e-05
4130000, 0.2859362705, 1.726158387e-05
4140000, 0.2858418508, 1.726158387e-05
4150000, 0.2857478619, 1.726158387e-05
4160000, 0.2856542993, 1.726158387e-05
4170000, 0.2855611643, 1.726158387e-05
4180000, 0.2854684513, 1.726158387e-05
4190000, 0.285376156, 1.726158387e-05
4200000, 0.2852842795, 1.726158387e-05
4210000, 0.2851928165, 1.726158387e-05
4220000, 0.2851017627, 1.726158387e-05
4230000, 0.2850111194, 1.726158387e-05
4240000, 0.2849208813, 1.726158387e-05
4250000, 0.2848310441, 1.726158387e-05
4260000, 0.2847416092, 1.726158387e-05
4270000, 0.2846525715, 1.726158387e-05
4280000, 0.2845639267, 1.726158387e-05
4290000, 0.2844756762, 1.726158387e-05
4300000, 0.2843878149, 1.726158387e-05
4310000, 0.2843003388, 1.726158387e-05
4320000, 0.2842132492, 1.726158387e-05
4330000, 0.2841265412, 1.726158387e-05
4340000, 0.2840402109, 1.726158387e-05
4350000, 0.2839542594, 1.726158387e-05
4360000, 0.2838686821, 1.726158387e-05
4370000, 0.2837834751, 1.726158387e-05
4380000, 0.2836986395, 1.726158387e-05
4390000, 0.2836141709, 1.726158387e-05
4400000, 0.2835300653, 1.726158387e-05
4410000, 0.2834463241, 1.726158387e-05
4420000, 0.2833629426, 1.726158387e-05
4430000, 0.2832799172, 1.726158387e-05
4440000, 0.2831972492, 1.726158387e-05
4450000, 0.2831149341, 1.726158387e-05
4460000, 0.2830329682, 1.726158387e-05
4470000, 0.2829513529, 1.726158387e-05
4480000, 0.2828700837, 1.726158387e-05
4490000, 0.2827891571, 1.726158387e-05
4500000, 0.2827085745, 1.726158387e-05
4510000, 0.2826283314, 1.726158387e-05
4520000, 0.2825484244, 1.726158387e-05
4530000, 0.2824688549, 1.726158387e-05
4540000, 0.2823896186, 1.726158387e-05
4550000, 0.2823107121, 1.726158387e-05
4560000, 0.2822321368, 1.726158387e-05
4570000, 0.2821538884, 1.726158387e-05
4580000, 0.2820759637, 1.726158387e-05
4590000, 0.2819983639, 1.726158387e-05
4600000, 0.281921085, 1.726158387e-05
4610000, 0.2818441238, 1.726158387e-05
4620000, 0.2817674816, 1.726158387e-05
4630000, 0.2816911543, 1.726158387e-05
4640000, 0.2816151389, 1.726158387e-05
4650000, 0.2815394365, 1.726158387e-05
4660000, 0.2814640434, 1.726158387e-05
4670000, 0.2813889563, 1.726158387e-05
4680000, 0.2813141766, 1.726158387e-05
4690000, 0.2812397005, 1.726158387e-05
4700000, 0.2811655249, 1.726158387e-05
4710000, 0.2810916511, 1.726158387e-05
4720000, 0.2810180754, 1.726158387e-05
4730000, 0.2809447947, 1.726158387e-05
4740000, 0.2808718105, 1.726158387e-05
4750000, 0.2807991189, 1.726158387e-05
4760000, 0.2807267171, 1.726158387e-05
4770000, 0.2806546064, 1.726158387e-05
4780000, 0.2805827831, 1.726158387e-05
4790000, 0.2805112444, 1.726158387e-05
4800000, 0.2804399916, 1.726158387e-05
4810000, 0.2803690212, 1.726158387e-05
4820000, 0.2802983302, 1.726158387e-05
4830000, 0.2802279201, 1.726158387e-05
4840000, 0.2801577874, 1.726158387e-05
4850000, 0.2800879292, 1.726158387e-05
4860000, 0.280018347, 1.726158387e-05
4870000, 0.2799490372, 1.726158387e-05
4880000, 0.2798799972, 1.726158387e-05
4890000, 0.2798112282, 1.726158387e-05
4900000, 0.279742727, 1.726158387e-05
4910000, 0.2796744908, 1.726158387e-05
4920000, 0.279606521, 1.726158387e-05
4930000, 0.2795388142, 1.726158387e-05
4940000, 0.2794713679, 1.726158387e-05
4950000, 0.2794041834, 1.726158387e-05
4960000, 0.2793372573, 1.726158387e-05
4970000, 0.2792705873, 1.726158387e-05
4980000, 0.2792041745, 1.726158387e-05
4990000, 0.2791380157, 1.726158387e-05
5000000, 0.2790721085, 1.726158387e-05
5010000, 0.2790064543, 1.726158387e-05
5020000, 0.2789410497, 1.726158387e-05
5030000, 0.2788758924, 1.726158387e-05
5040000, 0.2788109837, 1.726158387e-05
5050000, 0.2787463205, 1.726158387e-05
5060000, 0.2786819004, 1.726158387e-05
5070000, 0.2786177247, 1.726158387e-05
5080000, 0.2785537903, 1.726158387e-05
5090000, 0.2784900949, 1.726158387e-05
5100000, 0.2784266398, 1.726158387e-05
5110000, 0.278363422, 1.726158387e-05
5120000, 0.2783004391, 1.726158387e-05
5130000, 0.2782376926, 1.726158387e-05
5140000, 0.2781751794, 1.726158387e-05
5150000, 0.2781128972, 1.726158387e-05
5160000, 0.2780508474, 1.726158387e-05
5170000, 0.2779890271, 1.726158387e-05
5180000, 0.2779274339, 1.726158387e-05
5190000, 0.2778660694, 1.726158387e-05
5200000, 0.2778049305, 1.726158387e-05
5210000, 0.277744015, 1.726158387e-05
5220000, 0.2776833244, 1.726158387e-05
5230000, 0.2776228557, 1.726158387e-05
5240000, 0.2775626068, 1.726158387e-05
5250000, 0.277502579, 1.726158387e-05
5260000, 0.2774427696, 1.726158387e-05
5270000, 0.2773831764, 1.726158387e-05
5280000, 0.2773238008, 1.726158387e-05
5290000, 0.2772646399, 1.726158387e-05
5300000, 0.2772056918, 1.726158387e-05
5310000, 0.2771469576, 1.726158387e-05
5320000, 0.2770884349, 1.726158387e-05
5330000, 0.2770301214, 1.726158387e-05
5340000, 0.2769720184, 1.726158387e-05
5350000, 0.2769141235, 1.726158387e-05
5360000, 0.2768564344, 1.726158387e-05
5370000, 0.2767989526, 1.726158387e-05
5380000, 0.2767416754, 1.726158387e-05
5390000, 0.2766846008, 1.726158387e-05
5400000, 0.2766277302, 1.726158387e-05
5410000, 0.2765710609, 1.726158387e-05
5420000, 0.2765145911, 1.726158387e-05
5430000, 0.2764583219, 1.726158387e-05
5440000, 0.276402251, 1.726158387e-05
5450000, 0.2763463763, 1.726158387e-05
5460000, 0.2762906992, 1.726158387e-05
5470000, 0.2762352172, 1.726158387e-05
5480000, 0.2761799283, 1.726158387e-05
5490000, 0.276124834, 1.726158387e-05
5500000, 0.2760699316, 1.726158387e-05
5510000, 0.2760152195, 1.726158387e-05
5520000, 0.2759606987, 1.726158387e-05
5530000, 0.2759063671, 1.726158387e-05
5540000, 0.2758522226, 1.726158387e-05
5550000, 0.2757982666, 1.726158387e-05
5560000, 0.2757444968, 1.726158387e-05
5570000, 0.2756909112, 1.726158387e-05
5580000, 0.2756375113, 1.726158387e-05
5590000, 0.2755842946, 1.726158387e-05
5600000, 0.2755312594, 1.726158387e-05
5610000, 0.2754784069, 1.726158387e-05
5620000, 0.2754257349, 1.726158387e-05
5630000, 0.2753732416, 1.726158387e-05
5640000, 0.2753209283, 1.726158387e-05
5650000, 0.2752687926, 1.726158387e-05
5660000, 0.275216833, 1.726158387e-05
5670000, 0.2751650506, 1.726158387e-05
5680000, 0.2751134432, 1.726158387e-05
5690000, 0.2750620091, 1.726158387e-05
5700000, 0.2750107496, 1.726158387e-05
5710000, 0.2749596625, 1.726158387e-05
5720000, 0.274908746, 1.726158387e-05
5730000, 0.2748580016, 1.726158387e-05
5740000, 0.2748074269, 1.726158387e-05
5750000, 0.2747570203, 1.726158387e-05
5760000, 0.2747067832, 1.726158387e-05
5770000, 0.2746567133, 1.726158387e-05
5780000, 0.274606809, 1.726158387e-05
5790000, 0.2745570716, 1.726158387e-05
5800000, 0.274507499, 1.726158387e-05
5810000, 0.2744580896, 1.726158387e-05
5820000, 0.2744088446, 1.726158387e-05
5830000, 0.2743597619, 1.726158387e-05
5840000, 0.27431084, 1.726158387e-05
5850000, 0.27426208, 1.726158387e-05
5860000, 0.2742134801, 1.726158387e-05
5870000, 0.2741650385, 1.726158387e-05
5880000, 0.2741167566, 1.726158387e-05
5890000, 0.2740686322, 1.726158387e-05
5900000, 0.274020664, 1.726158387e-05
5910000, 0.2739728531, 1.726158387e-05
5920000, 0.2739251974, 1.726158387e-05
5930000, 0.2738776956, 1.726158387e-05
5940000, 0.2738303488, 1.726158387e-05
5950000, 0.2737831551, 1.726158387e-05
5960000, 0.273736113, 1.726158387e-05
5970000, 0.2736892237, 1.726158387e-05
5980000, 0.2736424852, 1.726158387e-05
5990000, 0.2735958961, 1.726158387e-05
6000000, 0.2735494577, 1.726158387e-05
6010000, 0.2735031679, 1.726158387e-05
6020000, 0.2734570254, 1.726158387e-05
6030000, 0.2734110313, 1.726158387e-05
6040000, 0.2733651838, 1.726158387e-05
6050000, 0.2733194815, 1.726158387e-05
6060000, 0.2732739255, 1.726158387e-05
6070000, 0.273228514, 1.726158387e-05
6080000, 0.2731832456, 1.726158387e-05
6090000, 0.2731381215, 1.726158387e-05
6100000, 0.2730931398, 1.726158387e-05
6110000, 0.2730482992, 1.726158387e-05
6120000, 0.2730036009, 1.726158387e-05
6130000, 0.2729590429, 1.726158387e-05
6140000, 0.2729146241, 1.726158387e-05
6150000, 0.2728703455, 1.726158387e-05
6160000, 0.2728262054, 1.726158387e-05
6170000, 0.2727822025, 1.726158387e-05
6180000, 0.2727383378, 1.726158387e-05
6190000, 0.2726946097, 1.726158387e-05
6200000, 0.2726510168, 1.726158387e-05
6210000, 0.2726075603, 1.726158387e-05
6220000, 0.2725642384, 1.726158387e-05
6230000, 0.2725210499, 1.726158387e-05
6240000, 0.2724779959, 1.726158387e-05
6250000, 0.2724350747, 1.726158387e-05
6260000, 0.272392285, 1.726158387e-05
6270000, 0.2723496279, 1.726158387e-05
6280000, 0.2723071018, 1.726158387e-05
6290000, 0.2722647054, 1.726158387e-05
6300000, 0.2722224399, 1.726158387e-05
6310000, 0.2721803035, 1.726158387e-05
6320000, 0.272138295, 1.726158387e-05
6330000, 0.2720964156, 1.726158387e-05
6340000, 0.2720546636, 1.726158387e-05
6350000, 0.2720130378, 1.726158387e-05
6360000, 0.2719715393, 1.726158387e-05
6370000, 0.2719301665, 1.726158387e-05
6380000, 0.2718889181, 1.726158387e-05
6390000, 0.2718477954, 1.726158387e-05
6400000, 0.2718067966, 1.726158387e-05
6410000, 0.2717659206, 1.726158387e-05
6420000, 0.2717251685, 1.726158387e-05
6430000, 0.2716845388, 1.726158387e-05
6440000, 0.2716440301, 1.726158387e-05
6450000, 0.2716036438, 1.726158387e-05
6460000, 0.2715633781, 1.726158387e-05
6470000, 0.2715232319, 1.726158387e-05
6480000, 0.2714832064, 1.726158387e-05
6490000, 0.2714432999, 1.726158387e-05
6500000, 0.2714035113, 1.726158387e-05
6510000, 0.2713638418, 1.726158387e-05
6520000, 0.2713242898, 1.726158387e-05
6530000, 0.2712848541, 1.726158387e-05
6540000, 0.2712455359, 1.726158387e-05
6550000, 0.2712063337, 1.726158387e-05
6560000, 0.2711672462, 1.726158387e-05
6570000, 0.2711282747, 1.726158387e-05
6580000, 0.2710894176, 1.726158387e-05
6590000, 0.2710506738, 1.726158387e-05
6600000, 0.2710120444, 1.726158387e-05
6610000, 0.2709735279, 1.726158387e-05
6620000, 0.2709351233, 1.726158387e-05
6630000, 0.2708968316, 1.726158387e-05
6640000, 0.2708586513, 1.726158387e-05
6650000, 0.2708205814, 1.726158387e-05
6660000, 0.270782623, 1.726158387e-05
6670000, 0.2707447745, 1.726158387e-05
6680000, 0.270707035, 1.726158387e-05
6690000, 0.2706694055, 1.726158387e-05
6700000, 0.2706318846, 1.726158387e-05
6710000, 0.2705944712, 1.726158387e-05
6720000, 0.2705571665, 1.726158387e-05
6730000, 0.2705199689, 1.726158387e-05
6740000, 0.2704828774, 1.726158387e-05
6750000, 0.2704458932, 1.726158387e-05
6760000, 0.2704090148, 1.726158387e-05
6770000, 0.2703722412, 1.726158387e-05
6780000, 0.2703355734, 1.726158387e-05
6790000, 0.2702990101, 1.726158387e-05
6800000, 0.2702625502, 1.726158387e-05
6810000, 0.2702261949, 1.726158387e-05
6820000, 0.2701899427, 1.726158387e-05
6830000, 0.2701537926, 1.726158387e-05
6840000, 0.2701177457, 1.726158387e-05
6850000, 0.2700818007, 1.726158387e-05
6860000, 0.2700459565, 1.726158387e-05
6870000, 0.2700102142, 1.726158387e-05
6880000, 0.2699745724, 1.726158387e-05
6890000, 0.2699390302, 1.726158387e-05
6900000, 0.2699035886, 1.726158387e-05
6910000, 0.2698682464, 1.726158387e-05
6920000, 0.2698330024, 1.726158387e-05
6930000, 0.2697978578, 1.726158387e-05
6940000, 0.2697628113, 1.726158387e-05
6950000, 0.2697278618, 1.726158387e-05
6960000, 0.2696930105, 1.726158387e-05
6970000, 0.2696582561, 1.726158387e-05
6980000, 0.2696235975, 1.726158387e-05
6990000, 0.2695890358, 1.726158387e-05
7000000, 0.2695545698, 1.726158387e-05
7010000, 0.2695201984, 1.726158387e-05
7020000, 0.2694859228, 1.726158387e-05
7030000, 0.2694517416, 1.726158387e-05
7040000, 0.269417654, 1.726158387e-05
7050000, 0.2693836609, 1.726158387e-05
7060000, 0.2693497612, 1.726158387e-05
7070000, 0.2693159538, 1.726158387e-05
7080000, 0.2692822398, 1.726158387e-05
7090000, 0.2692486179, 1.726158387e-05
7100000, 0.2692150873, 1.726158387e-05
7110000, 0.269181649, 1.726158387e-05
7120000, 0.2691483017, 1.726158387e-05
7130000, 0.2691150445, 1.726158387e-05
7140000, 0.2690818785, 1.726158387e-05
7150000, 0.2690488024, 1.726158387e-05
7160000, 0.2690158154, 1.726158387e-05
7170000, 0.2689829184, 1.726158387e-05
7180000, 0.2689501102, 1.726158387e-05
7190000, 0.2689173901, 1.726158387e-05
7200000, 0.2688847589, 1.726158387e-05
7210000, 0.2688522154, 1.726158387e-05
7220000, 0.2688197589, 1.726158387e-05
7230000, 0.2687873902, 1.726158387e-05
7240000, 0.2687551083, 1.726158387e-05
7250000, 0.2687229123, 1.726158387e-05
7260000, 0.2686908031, 1.726158387e-05
7270000, 0.2686587796, 1.726158387e-05
7280000, 0.2686268409, 1.726158387e-05
7290000, 0.2685949881, 1.726158387e-05
7300000, 0.2685632199, 1.726158387e-05
7310000, 0.2685315355, 1.726158387e-05
7320000, 0.268499936, 1.726158387e-05
7330000, 0.2684684201, 1.726158387e-05
7340000, 0.2684369871, 1.726158387e-05
7350000, 0.2684056379, 1.726158387e-05
7360000, 0.2683743713, 1.726158387e-05
7370000, 0.2683431867, 1.726158387e-05
7380000, 0.2683120848, 1.726158387e-05
7390000, 0.2682810647, 1.726158387e-05
7400000, 0.2682501254, 1.726158387e-05
7410000, 0.268219268, 1.726158387e-05
7420000, 0.2681884914, 1.726158387e-05
7430000, 0.2681577947, 1.726158387e-05
7440000, 0.2681271789, 1.726158387e-05
7450000, 0.268096643, 1.726158387e-05
7460000, 0.268066186, 1.726158387e-05
7470000, 0.268035809, 1.726158387e-05
7480000, 0.2680055109, 1.726158387e-05
7490000, 0.2679752909, 1.726158387e-05
7500000, 0.26794515, 1.726158387e-05
7510000, 0.267915087, 1.726158387e-05
7520000, 0.2678851012, 1.726158387e-05
7530000, 0.2678551936, 1.726158387e-05
7540000, 0.267825363, 1.726158387e-05
7550000, 0.2677956087, 1.726158387e-05
7560000, 0.2677659317, 1.726158387e-05
7570000, 0.2677363309, 1.726158387e-05
7580000, 0.2677068055, 1.726158387e-05
7590000, 0.2676773564, 1.726158387e-05
7600000, 0.2676479827, 1.726158387e-05
7610000, 0.2676186835, 1.726158387e-05
7620000, 0.2675894599, 1.726158387e-05
7630000, 0.2675603107, 1.726158387e-05
7640000, 0.2675312352, 1.726158387e-05
7650000, 0.2675022343, 1.726158387e-05
7660000, 0.2674733071, 1.726158387e-05
7670000, 0.2674444527, 1.726158387e-05
7680000, 0.2674156721, 1.726158387e-05
7690000, 0.2673869643, 1.726158387e-05
7700000, 0.2673583286, 1.726158387e-05
7710000, 0.2673297659, 1.726158387e-05
7720000, 0.267301275, 1.726158387e-05
7730000, 0.2672728555, 1.726158387e-05
7740000, 0.2672445081, 1.726158387e-05
7750000, 0.2672162318, 1.726158387e-05
7760000, 0.267188026, 1.726158387e-05
7770000, 0.2671598916, 1.726158387e-05
7780000, 0.2671318274, 1.726158387e-05
7790000, 0.267103833, 1.726158387e-05
7800000, 0.2670759091, 1.726158387e-05
7810000, 0.2670480548, 1.726158387e-05
7820000, 0.2670202693, 1.726158387e-05
7830000, 0.2669925536, 1.726158387e-05
7840000, 0.2669649068, 1.726158387e-05
7850000, 0.266937328, 1.726158387e-05
7860000, 0.2669098182, 1.726158387e-05
7870000, 0.2668823765, 1.726158387e-05
7880000, 0.2668550022, 1.726158387e-05
7890000, 0.2668276961, 1.726158387e-05
7900000, 0.2668004572, 1.726158387e-05
7910000, 0.266773285, 1.726158387e-05
7920000, 0.2667461803, 1.726158387e-05
7930000, 0.2667191422, 1.726158387e-05
7940000, 0.2666921699, 1.726158387e-05
7950000, 0.2666652644, 1.726158387e-05
7960000, 0.2666384247, 1.726158387e-05
7970000, 0.2666116502, 1.726158387e-05
7980000, 0.2665849417, 1.726158387e-05
7990000, 0.2665582984, 1.726158387e-05
8000000, 0.2665317195, 1.726158387e-05
8010000, 0.2665052059, 1.726158387e-05
8020000, 0.2664787567, 1.726158387e-05
8030000, 0.2664523712, 1.726158387e-05
8040000, 0.2664260504, 1.726158387e-05
8050000, 0.2663997933, 1.726158387e-05
8060000, 0.2663735992, 1.726158387e-05
8070000, 0.2663474691, 1.726158387e-05
8080000, 0.266321402, 1.726158387e-05
8090000, 0.2662953972, 1.726158387e-05
8100000, 0.2662694557, 1.726158387e-05
8110000, 0.2662435766, 1.726158387e-05
8120000, 0.2662177592, 1.726158387e-05
8130000, 0.2661920043, 1.726158387e-05
8140000, 0.2661663111, 1.726158387e-05
8150000, 0.2661406789, 1.726158387e-05
8160000, 0.2661151087, 1.726158387e-05
8170000, 0.2660895994, 1.726158387e-05
8180000, 0.2660641506, 1.726158387e-05
8190000, 0.266038763, 1.726158387e-05
8200000, 0.2660134357, 1.726158387e-05
8210000, 0.2659881683, 1.726158387e-05
8220000, 0.2659629614, 1.726158387e-05
8230000, 0.2659378142, 1.726158387e-05
8240000, 0.2659127262, 1.726158387e-05
8250000, 0.2658876981, 1.726158387e-05
8260000, 0.2658627292, 1.726158387e-05
8270000, 0.2658378187, 1.726158387e-05
8280000, 0.2658129676, 1.726158387e-05
8290000, 0.2657881749, 1.726158387e-05
8300000, 0.2657634401, 1.726158387e-05
8310000, 0.265738764, 1.726158387e-05
8320000, 0.2657141458, 1.726158387e-05
8330000, 0.2656895849, 1.726158387e-05
8340000, 0.2656650821, 1.726158387e-05
8350000, 0.2656406365, 1.726158387e-05
8360000, 0.2656162476, 1.726158387e-05
8370000, 0.2655919162, 1.726158387e-05
8380000, 0.2655676415, 1.726158387e-05
8390000, 0.2655434228, 1.726158387e-05
8400000, 0.2655192611, 1.726158387e-05
8410000, 0.2654951554, 1.726158387e-05
8420000, 0.2654711053, 1.726158387e-05
8430000, 0.2654471114, 1.726158387e-05
8440000, 0.2654231731, 1.726158387e-05
8450000, 0.2653992896, 1.726158387e-05
8460000, 0.265375462, 1.726158387e-05
8470000, 0.2653516892, 1.726158387e-05
8480000, 0.2653279708, 1.726158387e-05
8490000, 0.2653043076, 1.726158387e-05
8500000, 0.2652806987, 1.726158387e-05
8510000, 0.2652571437, 1.726158387e-05
8520000, 0.2652336432, 1.726158387e-05
8530000, 0.2652101966, 1.726158387e-05
8540000, 0.2651868032, 1.726158387e-05
8550000, 0.2651634638, 1.726158387e-05
8560000, 0.2651401778, 1.726158387e-05
8570000, 0.2651169444, 1.726158387e-05
8580000, 0.2650937645, 1.726158387e-05
8590000, 0.2650706374, 1.726158387e-05
8600000, 0.2650475624, 1.726158387e-05
8610000, 0.2650245404, 1.726158387e-05
8620000, 0.2650015705, 1.726158387e-05
8630000, 0.2649786524, 1.726158387e-05
8640000, 0.2649557866, 1.726158387e-05
8650000, 0.2649329725, 1.726158387e-05
8660000, 0.2649102095, 1.726158387e-05
8670000, 0.2648874985, 1.726158387e-05
8680000, 0.2648648385, 1.726158387e-05
8690000, 0.2648422292, 1.726158387e-05
8700000, 0.2648196713, 1.726158387e-05
8710000, 0.264797164, 1.726158387e-05
8720000, 0.2647747068, 1.726158387e-05
8730000, 0.2647523004, 1.726158387e-05
8740000, 0.2647299442, 1.726158387e-05
8750000, 0.2647076376, 1.726158387e-05
8760000, 0.2646853813, 1.726158387e-05
8770000, 0.2646631747, 1.726158387e-05
8780000, 0.2646410172, 1.726158387e-05
8790000, 0.2646189095, 1.726158387e-05
8800000, 0.264596851, 1.726158387e-05
8810000, 0.2645748411, 1.726158387e-05
8820000, 0.2645528806, 1.726158387e-05
8830000, 0.2645309687, 1.726158387e-05
8840000, 0.264509105, 1.726158387e-05
8850000, 0.2644872901, 1.726158387e-05
8860000, 0.2644655234, 1.726158387e-05
8870000, 0.2644438044, 1.726158387e-05
8880000, 0.2644221338, 1.726158387e-05
8890000, 0.2644005108, 1.726158387e-05
8900000, 0.2643789351, 1.726158387e-05
8910000, 0.2643574073, 1.726158387e-05
8920000, 0.2643359267, 1.726158387e-05
8930000, 0.2643144929, 1.726158387e-05
8940000, 0.2642931065, 1.726158387e-05
8950000, 0.2642717669, 1.726158387e-05
8960000, 0.2642504736, 1.726158387e-05
8970000, 0.2642292273, 1.726158387e-05
8980000, 0.2642080273, 1.726158387e-05
8990000, 0.2641868731, 1.726158387e-05
9000000, 0.2641657655, 1.726158387e-05
9010000, 0.2641447037, 1.726158387e-05
9020000, 0.2641236873, 1.726158387e-05
9030000, 0.264102717, 1.726158387e-05
9040000, 0.2640817922, 1.726158387e-05
9050000, 0.2640609123, 1.726158387e-05
9060000, 0.264040078, 1.726158387e-05
9070000, 0.2640192887, 1.726158387e-05
9080000, 0.2639985439, 1.726158387e-05
9090000, 0.2639778444, 1.726158387e-05
9100000, 0.2639571894, 1.726158387e-05
9110000, 0.2639365785, 1.726158387e-05
9120000, 0.2639160123, 1.726158387e-05
9130000, 0.2638954903, 1.726158387e-05
9140000, 0.263875012, 1.726158387e-05
9150000, 0.263854578, 1.726158387e-05
9160000, 0.2638341877, 1.726158387e-05
9170000, 0.2638138406, 1.726158387e-05
9180000, 0.2637935375, 1.726158387e-05
9190000, 0.2637732777, 1.726158387e-05
9200000, 0.2637530607, 1.726158387e-05
9210000, 0.2637328873, 1.726158387e-05
9220000, 0.2637127567, 1.726158387e-05
9230000, 0.2636926685, 1.726158387e-05
9240000, 0.2636726235, 1.726158387e-05
9250000, 0.2636526209, 1.726158387e-05
9260000, 0.2636326603, 1.726158387e-05
9270000, 0.2636127425, 1.726158387e-05
9280000, 0.2635928667, 1.726158387e-05
9290000, 0.2635730326, 1.726158387e-05
9300000, 0.2635532407, 1.726158387e-05
9310000, 0.2635334906, 1.726158387e-05
9320000, 0.2635137816, 1.726158387e-05
9330000, 0.2634941146, 1.726158387e-05
9340000, 0.2634744889, 1.726158387e-05
9350000, 0.263454904, 1.726158387e-05
9360000, 0.2634353606, 1.726158387e-05
9370000, 0.2634158581, 1.726158387e-05
9380000, 0.2633963962, 1.726158387e-05
9390000, 0.2633769753, 1.726158387e-05
9400000, 0.2633575949, 1.726158387e-05
9410000, 0.2633382547, 1.726158387e-05
9420000, 0.2633189552, 1.726158387e-05
9430000, 0.2632996958, 1.726158387e-05
9440000, 0.2632804762, 1.726158387e-05
9450000, 0.263261297, 1.726158387e-05
9460000, 0.2632421575, 1.726158387e-05
9470000, 0.2632230573, 1.726158387e-05
9480000, 0.2632039972, 1.726158387e-05
9490000, 0.2631849765, 1.726158387e-05
9500000, 0.2631659947, 1.726158387e-05
9510000, 0.2631470526, 1.726158387e-05
9520000, 0.2631281496, 1.726158387e-05
9530000, 0.2631092852, 1.726158387e-05
9540000, 0.26309046, 1.726158387e-05
9550000, 0.2630716736, 1.726158387e-05
9560000, 0.2630529254, 1.726158387e-05
9570000, 0.2630342161, 1.726158387e-05
9580000, 0.2630155452, 1.726158387e-05
9590000, 0.2629969121, 1.726158387e-05
9600000, 0.2629783177, 1.726158387e-05
9610000, 0.2629597612, 1.726158387e-05
9620000, 0.2629412423, 1.726158387e-05
9630000, 0.2629227617, 1.726158387e-05
9640000, 0.2629043186, 1.726158387e-05
9650000, 0.2628859128, 1.726158387e-05
9660000, 0.2628675449, 1.726158387e-05
9670000, 0.2628492143, 1.726158387e-05
9680000, 0.2628309205, 1.726158387e-05
9690000, 0.2628126643, 1.726158387e-05
9700000, 0.2627944451, 1.726158387e-05
9710000, 0.2627762624, 1.726158387e-05
9720000, 0.2627581169, 1.726158387e-05
9730000, 0.2627400081, 1.726158387e-05
9740000, 0.2627219354, 1.726158387e-05
9750000, 0.2627038997, 1.726158387e-05
9760000, 0.2626859002, 1.726158387e-05
9770000, 0.2626679366, 1.726158387e-05
9780000, 0.2626500096, 1.726158387e-05
9790000, 0.2626321186, 1.726158387e-05
9800000, 0.2626142631, 1.726158387e-05
9810000, 0.2625964438, 1.726158387e-05
9820000, 0.2625786602, 1.726158387e-05
9830000, 0.2625609119, 1.726158387e-05
9840000, 0.2625431995, 1.726158387e-05
9850000, 0.2625255223, 1.726158387e-05
9860000, 0.2625078802, 1.726158387e-05
9870000, 0.2624902736, 1.726158387e-05
9880000, 0.262472702, 1.726158387e-05
9890000, 0.2624551651, 1.726158387e-05
9900000, 0.2624376634, 1.726158387e-05
9910000, 0.2624201965, 1.726158387e-05
9920000, 0.2624027638, 1.726158387e-05
9930000, 0.2623853662, 1.726158387e-05
9940000, 0.2623680029, 1.726158387e-05
9950000, 0.2623506737, 1.726158387e-05
9960000, 0.2623333791, 1.726158387e-05
9970000, 0.2623161186, 1.726158387e-05
9980000, 0.2622988918, 1.726158387e-05
9990000, 0.2622816994, 1.726158387e-05
10000000, 0.2622645407, 1.726158387e-05
10010000, 0.2622474156, 1.726158387e-05
10020000, 0.2622303244, 1.726158387e-05
10030000, 0.2622132668, 1.726158387e-05
10040000, 0.2621962423, 1.726158387e-05
10050000, 0.2621792516, 1.726158387e-05
10060000, 0.262162294, 1.726158387e-05
10070000, 0.2621453693, 1.726158387e-05
10080000, 0.2621284781, 1.726158387e-05
10090000, 0.2621116198, 1.726158387e-05
10100000, 0.2620947941, 1.726158387e-05
10110000, 0.2620780015, 1.726158387e-05
10120000, 0.2620612416, 1.726158387e-05
10130000, 0.262044514, 1.726158387e-05
10140000, 0.2620278192, 1.726158387e-05
10150000, 0.2620111568, 1.726158387e-05
10160000, 0.2619945264, 1.726158387e-05
10170000, 0.2619779286, 1.726158387e-05
10180000, 0.2619613629, 1.726158387e-05
10190000, 0.2619448289, 1.726158387e-05
10200000, 0.2619283272, 1.726158387e-05
10210000, 0.2619118573, 1.726158387e-05
10220000, 0.2618954189, 1.726158387e-05
10230000, 0.2618790125, 1.726158387e-05
10240000, 0.2618626377, 1.726158387e-05
10250000, 0.261846294, 1.726158387e-05
10260000, 0.2618299821, 1.726158387e-05
10270000, 0.2618137015, 1.726158387e-05
10280000, 0.2617974518, 1.726158387e-05
10290000, 0.2617812336, 1.726158387e-05
10300000, 0.2617650464, 1.726158387e-05
10310000, 0.2617488898, 1.726158387e-05
10320000, 0.2617327645, 1.726158387e-05
10330000, 0.2617166699, 1.726158387e-05
10340000, 0.2617006057, 1.726158387e-05
10350000, 0.2616845725, 1.726158387e-05
10360000, 0.2616685697, 1.726158387e-05
10370000, 0.2616525971, 1.726158387e-05
10380000, 0.2616366552, 1.726158387e-05
10390000, 0.2616207435, 1.726158387e-05
10400000, 0.2616048616, 1.726158387e-05
10410000, 0.2615890103, 1.726158387e-05
10420000, 0.2615731889, 1.726158387e-05
10430000, 0.2615573971, 1.726158387e-05
10440000, 0.2615416355, 1.726158387e-05
10450000, 0.2615259036, 1.726158387e-05
10460000, 0.2615102011, 1.726158387e-05
10470000, 0.2614945286, 1.726158387e-05
10480000, 0.2614788855, 1.726158387e-05
10490000, 0.2614632715, 1.726158387e-05
10500000, 0.2614476872, 1.726158387e-05
10510000, 0.2614321322, 1.726158387e-05
10520000, 0.261416606, 1.726158387e-05
10530000, 0.2614011093, 1.726158387e-05
10540000, 0.2613856416, 1.726158387e-05
10550000, 0.2613702025, 1.726158387e-05
10560000, 0.2613547926, 1.726158387e-05
10570000, 0.2613394114, 1.726158387e-05
10580000, 0.2613240586, 1.726158387e-05
10590000, 0.2613087348, 1.726158387e-05
10600000, 0.2612934395, 1.726158387e-05
10610000, 0.2612781724, 1.726158387e-05
10620000, 0.261262934, 1.726158387e-05
10630000, 0.2612477238, 1.726158387e-05
10640000, 0.2612325416, 1.726158387e-05
10650000, 0.2612173879, 1.726158387e-05
10660000, 0.2612022622, 1.726158387e-05
10670000, 0.2611871642, 1.726158387e-05
10680000, 0.2611720945, 1.726158387e-05
10690000, 0.2611570525, 1.726158387e-05
10700000, 0.2611420381, 1.726158387e-05
10710000, 0.2611270516, 1.726158387e-05
10720000, 0.2611120927, 1.726158387e-05
10730000, 0.2610971611, 1.726158387e-05
10740000, 0.2610822573, 1.726158387e-05
10750000, 0.2610673808, 1.726158387e-05
10760000, 0.2610525314, 1.726158387e-05
10770000, 0.2610377095, 1.726158387e-05
10780000, 0.2610229147, 1.726158387e-05
10790000, 0.2610081468, 1.726158387e-05
10800000, 0.2609934062, 1.726158387e-05
10810000, 0.2609786925, 1.726158387e-05
10820000, 0.2609640054, 1.726158387e-05
10830000, 0.2609493454, 1.726158387e-05
10840000, 0.260934712, 1.726158387e-05
10850000, 0.2609201051, 1.726158387e-05
10860000, 0.2609055251, 1.726158387e-05
10870000, 0.2608909715, 1.726158387e-05
10880000, 0.2608764441, 1.726158387e-05
10890000, 0.2608619434, 1.726158387e-05
10900000, 0.2608474689, 1.726158387e-05
10910000, 0.2608330204, 1.726158387e-05
10920000, 0.2608185984, 1.726158387e-05
10930000, 0.2608042024, 1.726158387e-05
10940000, 0.2607898321, 1.726158387e-05
10950000, 0.2607754882, 1.726158387e-05
10960000, 0.26076117, 1.726158387e-05
10970000, 0.2607468774, 1.726158387e-05
10980000, 0.2607326108, 1.726158387e-05
10990000, 0.2607183699, 1.726158387e-05
11000000, 0.2607041542, 1.726158387e-05
11010000, 0.2606899645, 1.726158387e-05
11020000, 0.2606758001, 1.726158387e-05
11030000, 0.2606616609, 1.726158387e-05
11040000, 0.2606475473, 1.726158387e-05
11050000, 0.260633459, 1.726158387e-05
11060000, 0.2606193956, 1.726158387e-05
11070000, 0.2606053576, 1.726158387e-05
11080000, 0.2605913446, 1.726158387e-05
11090000, 0.2605773563, 1.726158387e-05
11100000, 0.2605633933, 1.726158387e-05
11110000, 0.2605494551, 1.726158387e-05
11120000, 0.2605355415, 1.726158387e-05
11130000, 0.2605216529, 1.726158387e-05
11140000, 0.2605077889, 1.726158387e-05
11150000, 0.2604939492, 1.726158387e-05
11160000, 0.2604801344, 1.726158387e-05
11170000, 0.2604663441, 1.726158387e-05
11180000, 0.2604525778, 1.726158387e-05
11190000, 0.2604388362, 1.726158387e-05
11200000, 0.2604251189, 1.726158387e-05
11210000, 0.2604114255, 1.726158387e-05
11220000, 0.2603977566, 1.726158387e-05
11230000, 0.2603841117, 1.726158387e-05
11240000, 0.2603704906, 1.726158387e-05
11250000, 0.2603568937, 1.726158387e-05
11260000, 0.2603433208, 1.726158387e-05
11270000, 0.2603297714, 1.726158387e-05
11280000, 0.260316246, 1.726158387e-05
11290000, 0.2603027444, 1.726158387e-05
11300000, 0.2602892661, 1.726158387e-05
11310000, 0.2602758118, 1.726158387e-05
11320000, 0.2602623809, 1.726158387e-05
11330000, 0.2602489732, 1.726158387e-05
11340000, 0.2602355893, 1.726158387e-05
11350000, 0.2602222286, 1.726158387e-05
11360000, 0.260208891, 1.726158387e-05
11370000, 0.2601955769, 1.726158387e-05
11380000, 0.260182286, 1.726158387e-05
11390000, 0.2601690179, 1.726158387e-05
11400000, 0.2601557731, 1.726158387e-05
11410000, 0.2601425513, 1.726158387e-05
11420000, 0.2601293522, 1.726158387e-05
11430000, 0.2601161762, 1.726158387e-05
11440000, 0.260103023, 1.726158387e-05
11450000, 0.2600898924, 1.726158387e-05
11460000, 0.2600767847, 1.726158387e-05
11470000, 0.2600636996, 1.726158387e-05
11480000, 0.2600506368, 1.726158387e-05
11490000, 0.2600375968, 1.726158387e-05
11500000, 0.2600245793, 1.726158387e-05
11510000, 0.2600115839, 1.726158387e-05
11520000, 0.2599986112, 1.726158387e-05
11530000, 0.2599856607, 1.726158387e-05
11540000, 0.2599727322, 1.726158387e-05
11550000, 0.2599598262, 1.726158387e-05
11560000, 0.2599469423, 1.726158387e-05
11570000, 0.2599340802, 1.726158387e-05
11580000, 0.2599212404, 1.726158387e-05
11590000, 0.2599084224, 1.726158387e-05
11600000, 0.2598956262, 1.726158387e-05
11610000, 0.2598828521, 1.726158387e-05
11620000, 0.2598700997, 1.726158387e-05
11630000, 0.2598573689, 1.726158387e-05
11640000, 0.2598446599, 1.726158387e-05
11650000, 0.2598319726, 1.726158387e-05
11660000, 0.2598193066, 1.726158387e-05
11670000, 0.2598066624, 1.726158387e-05
11680000, 0.2597940396, 1.726158387e-05
11690000, 0.259781438, 1.726158387e-05
11700000, 0.259768858, 1.726158387e-05
11710000, 0.2597562993, 1.726158387e-05
11720000, 0.2597437616, 1.726158387e-05
11730000, 0.2597312454, 1.726158387e-05
11740000, 0.2597187502, 1.726158387e-05
11750000, 0.259706276, 1.726158387e-05
11760000, 0.259693823, 1.726158387e-05
11770000, 0.259681391, 1.726158387e-05
11780000, 0.2596689796, 1.726158387e-05
11790000, 0.2596565895, 1.726158387e-05
11800000, 0.2596442201, 1.726158387e-05
11810000, 0.2596318712, 1.726158387e-05
11820000, 0.2596195433, 1.726158387e-05
11830000, 0.2596072361, 1.726158387e-05
11840000, 0.2595949493, 1.726158387e-05
11850000, 0.2595826833, 1.726158387e-05
11860000, 0.2595704377, 1.726158387e-05
11870000, 0.2595582125, 1.726158387e-05
11880000, 0.2595460079, 1.726158387e-05
11890000, 0.2595338236, 1.726158387e-05
11900000, 0.2595216594, 1.726158387e-05
11910000, 0.2595095157, 1.726158387e-05
11920000, 0.2594973923, 1.726158387e-05
11930000, 0.2594852887, 1.726158387e-05
11940000, 0.2594732056, 1.726158387e-05
11950000, 0.2594611424, 1.726158387e-05
11960000, 0.2594490991, 1.726158387e-05
11970000, 0.259437076, 1.726158387e-05
11980000, 0.2594250727, 1.726158387e-05
11990000, 0.2594130892, 1.726158387e-05
12000000, 0.2594011256, 1.726158387e-05
12010000, 0.2593891819, 1.726158387e-05
12020000, 0.2593772576, 1.726158387e-05
12030000, 0.2593653533, 1.726158387e-05
12040000, 0.2593534685, 1.726158387e-05
12050000, 0.2593416031, 1.726158387e-05
12060000, 0.2593297575, 1.726158387e-05
12070000, 0.2593179314, 1.726158387e-05
12080000, 0.2593061245, 1.726158387e-05
12090000, 0.2592943372, 1.726158387e-05
12100000, 0.2592825692, 1.726158387e-05
12110000, 0.2592708203, 1.726158387e-05
12120000, 0.2592590909, 1.726158387e-05
12130000, 0.2592473806, 1.726158387e-05
12140000, 0.2592356894, 1.726158387e-05
12150000, 0.2592240174, 1.726158387e-05
12160000, 0.2592123645, 1.726158387e-05
12170000, 0.2592007304, 1.726158387e-05
12180000, 0.2591891155, 1.726158387e-05
12190000, 0.2591775195, 1.726158387e-05
12200000, 0.2591659422, 1.726158387e-05
12210000, 0.2591543839, 1.726158387e-05
12220000, 0.2591428444, 1.726158387e-05
12230000, 0.2591313234, 1.726158387e-05
12240000, 0.2591198214, 1.726158387e-05
12250000, 0.259108338, 1.726158387e-05
12260000, 0.259096873, 1.726158387e-05
12270000, 0.2590854268, 1.726158387e-05
12280000, 0.2590739991, 1.726158387e-05
12290000, 0.2590625896, 1.726158387e-05
12300000, 0.2590511989, 1.726158387e-05
12310000, 0.2590398264, 1.726158387e-05
12320000, 0.2590284721, 1.726158387e-05
12330000, 0.2590171364, 1.726158387e-05
12340000, 0.2590058188, 1.726158387e-05
12350000, 0.2589945193, 1.726158387e-05
12360000, 0.2589832382, 1.726158387e-05
12370000, 0.2589719752, 1.726158387e-05
12380000, 0.25896073, 1.726158387e-05
12390000, 0.2589495031, 1.726158387e-05
12400000, 0.2589382942, 1.726158387e-05
12410000, 0.2589271031, 1.726158387e-05
12420000, 0.25891593, 1.726158387e-05
12430000, 0.2589047749, 1.726158387e-05
12440000, 0.2588936373, 1.726158387e-05
12450000, 0.2588825178, 1.726158387e-05
12460000, 0.2588714159, 1.726158387e-05
12470000, 0.2588603316, 1.726158387e-05
12480000, 0.2588492652, 1.726158387e-05
12490000, 0.2588382163, 1.726158387e-05
12500000, 0.2588271848, 1.726158387e-05
12510000, 0.2588161711, 1.726158387e-05
12520000, 0.2588051748, 1.726158387e-05
12530000, 0.2587941958, 1.726158387e-05
12540000, 0.2587832344, 1.726158387e-05
12550000, 0.2587722904, 1.726158387e-05
12560000, 0.2587613635, 1.726158387e-05
12570000, 0.2587504541, 1.726158387e-05
12580000, 0.258739562, 1.726158387e-05
12590000, 0.2587286868, 1.726158387e-05
12600000, 0.258717829, 1.726158387e-05
12610000, 0.2587069884, 1.726158387e-05
12620000, 0.2586961646, 1.726158387e-05
12630000, 0.2586853581, 1.726158387e-05
12640000, 0.2586745685, 1.726158387e-05
12650000, 0.2586637958, 1.726158387e-05
12660000, 0.2586530402, 1.726158387e-05
12670000, 0.2586423014, 1.726158387e-05
12680000, 0.2586315793, 1.726158387e-05
12690000, 0.2586208743, 1.726158387e-05
12700000, 0.258610186, 1.726158387e-05
12710000, 0.2585995142, 1.726158387e-05
12720000, 0.2585888593, 1.726158387e-05
12730000, 0.2585782211, 1.726158387e-05
12740000, 0.2585675993, 1.726158387e-05
12750000, 0.2585569943, 1.726158387e-05
12760000, 0.2585464058, 1.726158387e-05
12770000, 0.2585358336, 1.726158387e-05
12780000, 0.2585252781, 1.726158387e-05
12790000, 0.2585147389, 1.726158387e-05
12800000, 0.258504216, 1.726158387e-05
12810000, 0.2584937097, 1.726158387e-05
12820000, 0.2584832196, 1.726158387e-05
12830000, 0.2584727456, 1.726158387e-05
12840000, 0.2584622881, 1.726158387e-05
12850000, 0.2584518467, 1.726158387e-05
12860000, 0.2584414214, 1.726158387e-05
12870000, 0.2584310123, 1.726158387e-05
12880000, 0.2584206193, 1.726158387e-05
12890000, 0.2584102422, 1.726158387e-05
12900000, 0.2583998814, 1.726158387e-05
12910000, 0.2583895364, 1.726158387e-05
12920000, 0.2583792072, 1.726158387e-05
12930000, 0.2583688942, 1.726158387e-05
12940000, 0.258358597, 1.726158387e-05
12950000, 0.2583483154, 1.726158387e-05
12960000, 0.2583380499, 1.726158387e-05
12970000, 0.2583278, 1.726158387e-05
12980000, 0.2583175658, 1.726158387e-05
12990000, 0.2583073474, 1.726158387e-05
13000000, 0.2582971446, 1.726158387e-05
13010000, 0.2582869573, 1.726158387e-05
13020000, 0.2582767858, 1.726158387e-05
13030000, 0.2582666298, 1.726158387e-05
13040000, 0.2582564891, 1.726158387e-05
13050000, 0.2582463641, 1.726158387e-05
13060000, 0.2582362546, 1.726158387e-05
13070000, 0.2582261602, 1.726158387e-05
13080000, 0.2582160815, 1.726158387e-05
13090000, 0.258206018, 1.726158387e-05
13100000, 0.2581959697, 1.726158387e-05
13110000, 0.2581859369, 1.726158387e-05
13120000, 0.2581759192, 1.726158387e-05
13130000, 0.2581659166, 1.726158387e-05
13140000, 0.2581559294, 1.726158387e-05
13150000, 0.2581459572, 1.726158387e-05
13160000, 0.258136, 1.726158387e-05
13170000, 0.2581260581, 1.726158387e-05
13180000, 0.2581161311, 1.726158387e-05
13190000, 0.258106219, 1.726158387e-05
13200000, 0.2580963221, 1.726158387e-05
13210000, 0.25808644, 1.726158387e-05
13220000, 0.2580765727, 1.726158387e-05
13230000, 0.2580667205, 1.726158387e-05
13240000, 0.258056883, 1.726158387e-05
13250000, 0.2580470602, 1.726158387e-05
13260000, 0.2580372523, 1.726158387e-05
13270000, 0.2580274592, 1.726158387e-05
13280000, 0.2580176805, 1.726158387e-05
13290000, 0.2580079168, 1.726158387e-05
13300000, 0.2579981676, 1.726158387e-05
13310000, 0.2579884329, 1.726158387e-05
13320000, 0.257978713, 1.726158387e-05
13330000, 0.2579690075, 1.726158387e-05
13340000, 0.2579593164, 1.726158387e-05
13350000, 0.25794964, 1.726158387e-05
13360000, 0.257939978, 1.726158387e-05
13370000, 0.2579303302, 1.726158387e-05
13380000, 0.257920697, 1.726158387e-05
13390000, 0.2579110781, 1.726158387e-05
13400000, 0.2579014733, 1.726158387e-05
13410000, 0.2578918831, 1.726158387e-05
13420000, 0.257882307, 1.726158387e-05
13430000, 0.2578727451, 1.726158387e-05
13440000, 0.2578631975, 1.726158387e-05
13450000, 0.257853664, 1.726158387e-05
13460000, 0.2578441445, 1.726158387e-05
13470000, 0.2578346392, 1.726158387e-05
13480000, 0.2578251481, 1.726158387e-05
13490000, 0.2578156707, 1.726158387e-05
13500000, 0.2578062076, 1.726158387e-05
13510000, 0.2577967585, 1.726158387e-05
13520000, 0.2577873231, 1.726158387e-05
13530000, 0.2577779018, 1.726158387e-05
13540000, 0.2577684943, 1.726158387e-05
13550000, 0.2577591006, 1.726158387e-05
13560000, 0.2577497208, 1.726158387e-05
13570000, 0.2577403549, 1.726158387e-05
13580000, 0.2577310025, 1.726158387e-05
13590000, 0.257721664, 1.726158387e-05
13600000, 0.2577123393, 1.726158387e-05
13610000, 0.257703028, 1.726158387e-05
13620000, 0.2576937306, 1.726158387e-05
13630000, 0.2576844467, 1.726158387e-05
13640000, 0.2576751763, 1.726158387e-05
13650000, 0.2576659196, 1.726158387e-05
13660000, 0.2576566764, 1.726158387e-05
13670000, 0.2576474465, 1.726158387e-05
13680000, 0.2576382303, 1.726158387e-05
13690000, 0.2576290275, 1.726158387e-05
13700000, 0.257619838, 1.726158387e-05
13710000, 0.257610662, 1.726158387e-05
13720000, 0.2576014993, 1.726158387e-05
13730000, 0.2575923499, 1.726158387e-05
13740000, 0.2575832138, 1.726158387e-05
13750000, 0.2575740911, 1.726158387e-05
13760000, 0.2575649814, 1.726158387e-05
13770000, 0.2575558851, 1.726158387e-05
13780000, 0.2575468019, 1.726158387e-05
13790000, 0.2575377317, 1.726158387e-05
13800000, 0.2575286749, 1.726158387e-05
13810000, 0.2575196311, 1.726158387e-05
13820000, 0.2575106002, 1.726158387e-05
13830000, 0.2575015826, 1.726158387e-05
13840000, 0.2574925779, 1.726158387e-05
13850000, 0.2574835861, 1.726158387e-05
13860000, 0.2574746073, 1.726158387e-05
13870000, 0.2574656415, 1.726158387e-05
13880000, 0.2574566885, 1.726158387e-05
13890000, 0.2574477485, 1.726158387e-05
13900000, 0.2574388213, 1.726158387e-05
13910000, 0.2574299068, 1.726158387e-05
13920000, 0.2574210052, 1.726158387e-05
13930000, 0.2574121164, 1.726158387e-05
13940000, 0.2574032402, 1.726158387e-05
13950000, 0.2573943769, 1.726158387e-05
13960000, 0.2573855262, 1.726158387e-05
13970000, 0.257376688, 1.726158387e-05
13980000, 0.2573678626, 1.726158387e-05
13990000, 0.2573590498, 1.726158387e-05
14000000, 0.2573502495, 1.726158387e-05
14010000, 0.2573414618, 1.726158387e-05
14020000, 0.2573326867, 1.726158387e-05
14030000, 0.2573239239, 1.726158387e-05
14040000, 0.2573151737, 1.726158387e-05
14050000, 0.257306436, 1.726158387e-05
14060000, 0.2572977105, 1.726158387e-05
14070000, 0.2572889976, 1.726158387e-05
14080000, 0.2572802971, 1.726158387e-05
14090000, 0.2572716087, 1.726158387e-05
14100000, 0.2572629329, 1.726158387e-05
14110000, 0.2572542692, 1.726158387e-05
14120000, 0.2572456177, 1.726158387e-05
14130000, 0.2572369787, 1.726158387e-05
14140000, 0.2572283517, 1.726158387e-05
14150000, 0.2572197369, 1.726158387e-05
14160000, 0.2572111344, 1.726158387e-05
14170000, 0.2572025439, 1.726158387e-05
14180000, 0.2571939655, 1.726158387e-05
14190000, 0.2571853993, 1.726158387e-05
14200000, 0.2571768451, 1.726158387e-05
14210000, 0.2571683028, 1.726158387e-05
14220000, 0.2571597727, 1.726158387e-05
14230000, 0.2571512546, 1.726158387e-05
14240000, 0.2571427483, 1.726158387e-05
14250000, 0.2571342541, 1.726158387e-05
14260000, 0.2571257717, 1.726158387e-05
14270000, 0.2571173011, 1.726158387e-05
14280000, 0.2571088426, 1.726158387e-05
14290000, 0.2571003958, 1.726158387e-05
14300000, 0.2570919607, 1.726158387e-05
14310000, 0.2570835376, 1.726158387e-05
14320000, 0.2570751262, 1.726158387e-05
14330000, 0.2570667264, 1.726158387e-05
14340000, 0.2570583385, 1.726158387e-05
14350000, 0.2570499622, 1.726158387e-05
14360000, 0.2570415975, 1.726158387e-05
14370000, 0.2570332446, 1.726158387e-05
14380000, 0.2570249033, 1.726158387e-05
14390000, 0.2570165734, 1.726158387e-05
14400000, 0.2570082553, 1.726158387e-05
14410000, 0.2569999487, 1.726158387e-05
14420000, 0.2569916534, 1.726158387e-05
14430000, 0.2569833699, 1.726158387e-05
14440000, 0.2569750978, 1.726158387e-05
14450000, 0.2569668369, 1.726158387e-05
14460000, 0.2569585877, 1.726158387e-05
14470000, 0.2569503499, 1.726158387e-05
14480000, 0.2569421233, 1.726158387e-05
14490000, 0.2569339083, 1.726158387e-05
14500000, 0.2569257045, 1.726158387e-05
14510000, 0.2569175119, 1.726158387e-05
14520000, 0.2569093308, 1.726158387e-05
14530000, 0.2569011609, 1.726158387e-05
14540000, 0.2568930022, 1.726158387e-05
14550000, 0.2568848548, 1.726158387e-05
14560000, 0.2568767186, 1.726158387e-05
14570000, 0.2568685934, 1.726158387e-05
14580000, 0.2568604795, 1.726158387e-05
14590000, 0.2568523768, 1.726158387e-05
14600000, 0.256844285, 1.726158387e-05
14610000, 0.2568362044, 1.726158387e-05
14620000, 0.2568281349, 1.726158387e-05
14630000, 0.2568200763, 1.726158387e-05
14640000, 0.2568120289, 1.726158387e-05
14650000, 0.2568039924, 1.726158387e-05
14660000, 0.2567959668, 1.726158387e-05
14670000, 0.2567879523, 1.726158387e-05
14680000, 0.2567799487, 1.726158387e-05
14690000, 0.2567719559, 1.726158387e-05
14700000, 0.2567639741, 1.726158387e-05
14710000, 0.2567560032, 1.726158387e-05
14720000, 0.2567480429, 1.726158387e-05
14730000, 0.2567400937, 1.726158387e-05
14740000, 0.2567321552, 1.726158387e-05
14750000, 0.2567242274, 1.726158387e-05
14760000, 0.2567163104, 1.726158387e-05
14770000, 0.2567084042, 1.726158387e-05
14780000, 0.2567005086, 1.726158387e-05
14790000, 0.2566926238, 1.726158387e-05
14800000, 0.2566847496, 1.726158387e-05
14810000, 0.256676886, 1.726158387e-05
14820000, 0.2566690331, 1.726158387e-05
14830000, 0.2566611909, 1.726158387e-05
14840000, 0.2566533591, 1.726158387e-05
14850000, 0.256645538, 1.726158387e-05
14860000, 0.2566377274, 1.726158387e-05
14870000, 0.2566299272, 1.726158387e-05
14880000, 0.2566221376, 1.726158387e-05
14890000, 0.2566143586, 1.726158387e-05
14900000, 0.2566065898, 1.726158387e-05
14910000, 0.2565988316, 1.726158387e-05
14920000, 0.2565910839, 1.726158387e-05
14930000, 0.2565833464, 1.726158387e-05
14940000, 0.2565756194, 1.726158387e-05
14950000, 0.2565679027, 1.726158387e-05
14960000, 0.2565601963, 1.726158387e-05
14970000, 0.2565525003, 1.726158387e-05
14980000, 0.2565448146, 1.726158387e-05
14990000, 0.2565371391, 1.726158387e-05
15000000, 0.2565294739, 1.726158387e-05
cpu/wall(s): 1.84467e+10 1331.02
