282094, 0.09588421114, 7.461781092e-05, (init)
290000, 0.09003019901, 7.461781092e-05
300000, 0.08301041116, 7.461781092e-05
310000, 0.07638535784, 7.461781092e-05
320000, 0.07012160627, 7.461781092e-05
330000, 0.06418990027, 7.461781092e-05
340000, 0.05856364862, 7.461781092e-05
350000, 0.05321911677, 7.461781092e-05
360000, 0.04813538166, 7.461781092e-05
370000, 0.04329317941, 7.461781092e-05
380000, 0.03867516702, 7.461781092e-05
390000, 0.03426597119, 7.461781092e-05
400000, 0.03005127217, 7.461781092e-05
400125, 0.1816311204, 7.441304682e-05, (recalc)
410000, 0.1776495253, 7.441304682e-05
420000, 0.1737862929, 7.441304682e-05
430000, 0.1700821347, 7.441304682e-05
440000, 0.1665271241, 7.441304682e-05
450000, 0.1631124009, 7.441304682e-05
460000, 0.1598295398, 7.441304682e-05
470000, 0.1566708142, 7.441304682e-05
480000, 0.1536293151, 7.441304682e-05
490000, 0.15069841, 7.441304682e-05
500000, 0.1478719892, 7.441304682e-05
510000, 0.1451445846, 7.441304682e-05
520000, 0.1425108985, 7.441304682e-05
530000, 0.1399660326, 7.441304682e-05
540000, 0.1375056017, 7.441304682e-05
550000, 0.1351253199, 7.441304682e-05
560000, 0.1328212111, 7.441304682e-05
570000, 0.1305897174, 7.441304682e-05
580000, 0.1284273314, 7.441304682e-05
590000, 0.1263307899, 7.441304682e-05
600000, 0.1242971758, 7.441304682e-05
610000, 0.1223235892, 7.441304682e-05
620000, 0.1204073253, 7.441304682e-05
630000, 0.1185459698, 7.441304682e-05
640000, 0.1167371026, 7.441304682e-05
650000, 0.1149784615, 7.441304682e-05
660000, 0.1132680315, 7.441304682e-05
670000, 0.1116037756, 7.441304682e-05
680000, 0.1099837864, 7.441304682e-05
690000, 0.108406369, 7.441304682e-05
700000, 0.1068697957, 7.441304682e-05
710000, 0.1053724462, 7.441304682e-05
720000, 0.1039128847, 7.441304682e-05
730000, 0.1024896357, 7.441304682e-05
740000, 0.1011013131, 7.441304682e-05
750000, 0.09974669294, 7.441304682e-05
760000, 0.09842450662, 7.441304682e-05
770000, 0.09713356117, 7.441304682e-05
780000, 0.09587280686, 7.441304682e-05
790000, 0.09464114656, 7.441304682e-05
800000, 0.09343754745, 7.441304682e-05
810000, 0.09226110436, 7.441304682e-05
820000, 0.09111086313, 7.441304682e-05
830000, 0.08998592481, 7.441304682e-05
840000, 0.08888550488, 7.441304682e-05
850000, 0.0878087693, 7.441304682e-05
860000, 0.08675493168, 7.441304682e-05
870000, 0.08572330892, 7.441304682e-05
880000, 0.08471316843, 7.441304682e-05
890000, 0.08372381911, 7.441304682e-05
900000, 0.08275466355, 7.441304682e-05
910000, 0.08180505541, 7.441304682e-05
920000, 0.08087438469, 7.441304682e-05
930000, 0.0799621268, 7.441304682e-05
940000, 0.0790677091, 7.441304682e-05
950000, 0.07819059095, 7.441304682e-05
960000, 0.07733031001, 7.441304682e-05
970000, 0.07648635689, 7.441304682e-05
980000, 0.07565825066, 7.441304682e-05
990000, 0.07484558232, 7.441304682e-05
1000000, 0.07404789715, 7.441304682e-05
1010000, 0.07326476574, 7.441304682e-05
1020000, 0.07249582511, 7.441304682e-05
1030000, 0.0717406679, 7.441304682e-05
1040000, 0.07099890941, 7.441304682e-05
1050000, 0.07027022653, 7.441304682e-05
1060000, 0.0695542531, 7.441304682e-05
1070000, 0.0688506434, 7.441304682e-05
1080000, 0.06815910893, 7.441304682e-05
1090000, 0.06747931959, 7.441304682e-05
1100000, 0.06681096372, 7.441304682e-05
1110000, 0.06615378303, 7.441304682e-05
1120000, 0.06550747904, 7.441304682e-05
1130000, 0.06487177001, 7.441304682e-05
1140000, 0.06424642409, 7.441304682e-05
1150000, 0.06363117063, 7.441304682e-05
1160000, 0.06302575427, 7.441304682e-05
1170000, 0.06242996637, 7.441304682e-05
1180000, 0.06184356088, 7.441304682e-05
1190000, 0.06126630574, 7.441304682e-05
1200000, 0.06069801275, 7.441304682e-05
1210000, 0.06013845769, 7.441304682e-05
1220000, 0.05958742914, 7.441304682e-05
1230000, 0.059044757, 7.441304682e-05
1240000, 0.05851023642, 7.441304682e-05
1250000, 0.05798367435, 7.441304682e-05
1260000, 0.05746491672, 7.441304682e-05
1270000, 0.05695377595, 7.441304682e-05
1280000, 0.05645007539, 7.441304682e-05
1290000, 0.0559536752, 7.441304682e-05
1300000, 0.05546440327, 7.441304682e-05
1310000, 0.05498209758, 7.441304682e-05
1320000, 0.054506631, 7.441304682e-05
1330000, 0.05403784525, 7.441304682e-05
1340000, 0.05357559145, 7.441304682e-05
1350000, 0.05311975382, 7.441304682e-05
1360000, 0.05267018651, 7.441304682e-05
1370000, 0.05222675246, 7.441304682e-05
1380000, 0.05178934602, 7.441304682e-05
1390000, 0.05135783257, 7.441304682e-05
1400000, 0.05093208568, 7.441304682e-05
1410000, 0.05051200881, 7.441304682e-05
1420000, 0.05009747746, 7.441304682e-05
1430000, 0.04968837481, 7.441304682e-05
1440000, 0.0492846125, 7.441304682e-05
1450000, 0.04888607519, 7.441304682e-05
1460000, 0.04849265477, 7.441304682e-05
1470000, 0.04810427023, 7.441304682e-05
1480000, 0.04772081456, 7.441304682e-05
1490000, 0.04734218752, 7.441304682e-05
1500000, 0.04696831476, 7.441304682e-05
1510000, 0.04659909683, 7.441304682e-05
1520000, 0.04623444065, 7.441304682e-05
1530000, 0.04587427789, 7.441304682e-05
1540000, 0.04551851598, 7.441304682e-05
1550000, 0.04516706834, 7.441304682e-05
1560000, 0.04481987212, 7.441304682e-05
1570000, 0.044476841, 7.441304682e-05
1580000, 0.04413789438, 7.441304682e-05
1590000, 0.04380297432, 7.441304682e-05
1600000, 0.04347200027, 7.441304682e-05
1610000, 0.04314489704, 7.441304682e-05
1620000, 0.04282161121, 7.441304682e-05
1630000, 0.04250206746, 7.441304682e-05
1640000, 0.04218619558, 7.441304682e-05
1650000, 0.04187394624, 7.441304682e-05
1660000, 0.04156524895, 7.441304682e-05
1670000, 0.04126003805, 7.441304682e-05
1680000, 0.04095826796, 7.441304682e-05
1690000, 0.04065987258, 7.441304682e-05
1700000, 0.04036479047, 7.441304682e-05
1710000, 0.04007297943, 7.441304682e-05
1720000, 0.03978437747, 7.441304682e-05
1730000, 0.03949892695, 7.441304682e-05
1740000, 0.03921658884, 7.441304682e-05
1750000, 0.03893730485, 7.441304682e-05
1760000, 0.03866102093, 7.441304682e-05
1770000, 0.03838770087, 7.441304682e-05
1780000, 0.03811728987, 7.441304682e-05
1790000, 0.03784973712, 7.441304682e-05
1800000, 0.03758500906, 7.441304682e-05
1810000, 0.03732305407, 7.441304682e-05
1820000, 0.03706382436, 7.441304682e-05
1830000, 0.03680728878, 7.441304682e-05
1840000, 0.03655339865, 7.441304682e-05
1850000, 0.036302109, 7.441304682e-05
1860000, 0.03605339088, 7.441304682e-05
1870000, 0.03580719835, 7.441304682e-05
1880000, 0.03556348902, 7.441304682e-05
1890000, 0.03532223598, 7.441304682e-05
1900000, 0.03508339583, 7.441304682e-05
1910000, 0.03484692858, 7.441304682e-05
1920000, 0.03461280919, 7.441304682e-05
1930000, 0.03438099663, 7.441304682e-05
1940000, 0.03415145314, 7.441304682e-05
1950000, 0.03392415539, 7.441304682e-05
1960000, 0.03369906457, 7.441304682e-05
1970000, 0.03347614496, 7.441304682e-05
1980000, 0.03325537485, 7.441304682e-05
1990000, 0.03303671745, 7.441304682e-05
2000000, 0.03282013899, 7.441304682e-05
2010000, 0.03260561924, 7.441304682e-05
2020000, 0.03239312329, 7.441304682e-05
2030000, 0.03218261918, 7.441304682e-05
2040000, 0.03197408803, 7.441304682e-05
2050000, 0.03176749673, 7.441304682e-05
2060000, 0.03156281498, 7.441304682e-05
2070000, 0.03136002516, 7.441304682e-05
2080000, 0.03115909583, 7.441304682e-05
2090000, 0.03095999824, 7.441304682e-05
2100000, 0.03076271595, 7.441304682e-05
2110000, 0.03056721907, 7.441304682e-05
2120000, 0.03037348031, 7.441304682e-05
2130000, 0.03018148432, 7.441304682e-05
2139536, 0.4548600467, 7.418062779e-05, (recalc)
2140000, 0.4548512567, 7.418062779e-05
2150000, 0.4546626634, 7.418062779e-05
2160000, 0.4544757443, 7.418062779e-05
2170000, 0.454290472, 7.418062779e-05
2180000, 0.4541068222, 7.418062779e-05
2190000, 0.4539247812, 7.418062779e-05
2200000, 0.4537443234, 7.418062779e-05
2210000, 0.4535654253, 7.418062779e-05
2220000, 0.4533880744, 7.418062779e-05
2230000, 0.4532122459, 7.418062779e-05
2240000, 0.4530379177, 7.418062779e-05
2250000, 0.4528650781, 7.418062779e-05
2260000, 0.4526937034, 7.418062779e-05
2270000, 0.4525237725, 7.418062779e-05
2280000, 0.4523552744, 7.418062779e-05
2290000, 0.4521881867, 7.418062779e-05
2300000, 0.452022489, 7.418062779e-05
2310000, 0.4518581712, 7.418062779e-05
2320000, 0.4516952118, 7.418062779e-05
2330000, 0.4515335915, 7.418062779e-05
2340000, 0.4513733006, 7.418062779e-05
2350000, 0.4512143187, 7.418062779e-05
2360000, 0.4510566273, 7.418062779e-05
2370000, 0.4509002175, 7.418062779e-05
2380000, 0.4507450696, 7.418062779e-05
2390000, 0.4505911659, 7.418062779e-05
2400000, 0.4504384981, 7.418062779e-05
2410000, 0.4502870474, 7.418062779e-05
2420000, 0.450136797, 7.418062779e-05
2430000, 0.4499877389, 7.418062779e-05
2440000, 0.4498398552, 7.418062779e-05
2450000, 0.4496931297, 7.418062779e-05
2460000, 0.4495475551, 7.418062779e-05
2470000, 0.4494031142, 7.418062779e-05
2480000, 0.4492597914, 7.418062779e-05
2490000, 0.44911758, 7.418062779e-05
2500000, 0.4489764633, 7.418062779e-05
2510000, 0.4488364266, 7.418062779e-05
2520000, 0.4486974634, 7.418062779e-05
2530000, 0.4485595579, 7.418062779e-05
2540000, 0.4484226959, 7.418062779e-05
2550000, 0.4482868713, 7.418062779e-05
2560000, 0.4481520689, 7.418062779e-05
2570000, 0.4480182752, 7.418062779e-05
2580000, 0.4478854844, 7.418062779e-05
2590000, 0.4477536819, 7.418062779e-05
2600000, 0.4476228547, 7.418062779e-05
2610000, 0.4474929976, 7.418062779e-05
2620000, 0.4473640963, 7.418062779e-05
2630000, 0.4472361385, 7.418062779e-05
2640000, 0.4471091192, 7.418062779e-05
2650000, 0.4469830248, 7.418062779e-05
2660000, 0.4468578433, 7.418062779e-05
2670000, 0.4467335702, 7.418062779e-05
2680000, 0.4466101923, 7.418062779e-05
2690000, 0.4464876981, 7.418062779e-05
2700000, 0.4463660834, 7.418062779e-05
2710000, 0.4462453355, 7.418062779e-05
2720000, 0.4461254433, 7.418062779e-05
2730000, 0.446006403, 7.418062779e-05
2740000, 0.4458882022, 7.418062779e-05
2750000, 0.4457708304, 7.418062779e-05
2760000, 0.4456542839, 7.418062779e-05
2770000, 0.4455385508, 7.418062779e-05
2780000, 0.4454236211, 7.418062779e-05
2790000, 0.4453094912, 7.418062779e-05
2800000, 0.4451961498, 7.418062779e-05
2810000, 0.445083587, 7.418062779e-05
2820000, 0.4449717996, 7.418062779e-05
2830000, 0.4448607768, 7.418062779e-05
2840000, 0.444750509, 7.418062779e-05
2850000, 0.4446409931, 7.418062779e-05
2860000, 0.4445322188, 7.418062779e-05
2870000, 0.4444241767, 7.418062779e-05
2880000, 0.4443168642, 7.418062779e-05
2890000, 0.444210271, 7.418062779e-05
2900000, 0.4441043884, 7.418062779e-05
2910000, 0.4439992137, 7.418062779e-05
2920000, 0.4438947371, 7.418062779e-05
2930000, 0.4437909502, 7.418062779e-05
2940000, 0.4436878504, 7.418062779e-05
2950000, 0.4435854283, 7.418062779e-05
2960000, 0.4434836757, 7.418062779e-05
2970000, 0.4433825903, 7.418062779e-05
2980000, 0.443282163, 7.418062779e-05
2990000, 0.4431823858, 7.418062779e-05
3000000, 0.4430832567, 7.418062779e-05
3010000, 0.4429847668, 7.418062779e-05
3020000, 0.4428869085, 7.418062779e-05
3030000, 0.4427896797, 7.418062779e-05
3040000, 0.442693072, 7.418062779e-05
3050000, 0.442597078, 7.418062779e-05
3060000, 0.4425016958, 7.418062779e-05
3070000, 0.4424069171, 7.418062779e-05
3080000, 0.4423127349, 7.418062779e-05
3090000, 0.4422191475, 7.418062779e-05
3100000, 0.4421261467, 7.418062779e-05
3110000, 0.4420337258, 7.418062779e-05
3120000, 0.4419418832, 7.418062779e-05
3130000, 0.4418506111, 7.418062779e-05
3140000, 0.4417599029, 7.418062779e-05
3150000, 0.4416697571, 7.418062779e-05
3160000, 0.4415801662, 7.418062779e-05
3170000, 0.4414911238, 7.418062779e-05
3180000, 0.4414026286, 7.418062779e-05
3190000, 0.4413146731, 7.418062779e-05
3200000, 0.4412272514, 7.418062779e-05
3210000, 0.441140362, 7.418062779e-05
3220000, 0.4410539979, 7.418062779e-05
3230000, 0.4409681532, 7.418062779e-05
3240000, 0.4408828267, 7.418062779e-05
3250000, 0.4407980115, 7.418062779e-05
3260000, 0.4407137018, 7.418062779e-05
3270000, 0.4406298966, 7.418062779e-05
3280000, 0.4405465893, 7.418062779e-05
3290000, 0.4404637741, 7.418062779e-05
3300000, 0.4403814502, 7.418062779e-05
3310000, 0.4402996112, 7.418062779e-05
3320000, 0.4402182514, 7.418062779e-05
3330000, 0.4401373702, 7.418062779e-05
3340000, 0.4400569612, 7.418062779e-05
3350000, 0.4399770191, 7.418062779e-05
3360000, 0.4398975431, 7.418062779e-05
3370000, 0.4398185273, 7.418062779e-05
3380000, 0.4397399664, 7.418062779e-05
3390000, 0.4396618597, 7.418062779e-05
3400000, 0.4395842014, 7.418062779e-05
3410000, 0.4395069864, 7.418062779e-05
3420000, 0.4394302142, 7.418062779e-05
3430000, 0.439353879, 7.418062779e-05
3440000, 0.439277976, 7.418062779e-05
3450000, 0.4392025045, 7.418062779e-05
3460000, 0.4391274591, 7.418062779e-05
3470000, 0.4390528351, 7.418062779e-05
3480000, 0.4389786319, 7.418062779e-05
3490000, 0.4389048442, 7.418062779e-05
3500000, 0.4388314673, 7.418062779e-05
3510000, 0.4387585009, 7.418062779e-05
3520000, 0.4386859398, 7.418062779e-05
3530000, 0.4386137794, 7.418062779e-05
3540000, 0.4385420194, 7.418062779e-05
3550000, 0.4384706546, 7.418062779e-05
3560000, 0.4383996809, 7.418062779e-05
3570000, 0.4383290978, 7.418062779e-05
3580000, 0.4382589004, 7.418062779e-05
3590000, 0.4381890846, 7.418062779e-05
3600000, 0.43811965, 7.418062779e-05
3610000, 0.4380505918, 7.418062779e-05
3620000, 0.4379819059, 7.418062779e-05
3630000, 0.4379135921, 7.418062779e-05
3640000, 0.4378456458, 7.418062779e-05
3650000, 0.437778063, 7.418062779e-05
3660000, 0.4377108434, 7.418062779e-05
3670000, 0.4376439825, 7.418062779e-05
3680000, 0.4375774766, 7.418062779e-05
3690000, 0.4375113253, 7.418062779e-05
3700000, 0.4374455243, 7.418062779e-05
3710000, 0.4373800699, 7.418062779e-05
3720000, 0.4373149619, 7.418062779e-05
3730000, 0.4372501961, 7.418062779e-05
3740000, 0.4371857687, 7.418062779e-05
3750000, 0.4371216797, 7.418062779e-05
3760000, 0.4370579249, 7.418062779e-05
3770000, 0.4369945007, 7.418062779e-05
3780000, 0.4369314072, 7.418062779e-05
3790000, 0.4368686402, 7.418062779e-05
3800000, 0.4368061962, 7.418062779e-05
3810000, 0.4367440754, 7.418062779e-05
3820000, 0.4366822736, 7.418062779e-05
3830000, 0.4366207875, 7.418062779e-05
3840000, 0.4365596172, 7.418062779e-05
3850000, 0.4364987587, 7.418062779e-05
3860000, 0.4364382088, 7.418062779e-05
3870000, 0.4363779675, 7.418062779e-05
3880000, 0.4363180311, 7.418062779e-05
3890000, 0.4362583964, 7.418062779e-05
3900000, 0.4361990634, 7.418062779e-05
3910000, 0.4361400285, 7.418062779e-05
3920000, 0.4360812885, 7.418062779e-05
3930000, 0.4360228436, 7.418062779e-05
3940000, 0.4359646902, 7.418062779e-05
3950000, 0.4359068251, 7.418062779e-05
3960000, 0.4358492487, 7.418062779e-05
3970000, 0.4357919573, 7.418062779e-05
3980000, 0.435734948, 7.418062779e-05
3990000, 0.4356782211, 7.418062779e-05
4000000, 0.4356217729, 7.418062779e-05
4010000, 0.4355656007, 7.418062779e-05
4020000, 0.4355097047, 7.418062779e-05
4030000, 0.4354540814, 7.418062779e-05
4040000, 0.4353987282, 7.418062779e-05
4050000, 0.4353436452, 7.418062779e-05
4060000, 0.4352888291, 7.418062779e-05
4070000, 0.4352342771, 7.418062779e-05
4080000, 0.4351799897, 7.418062779e-05
4090000, 0.4351259635, 7.418062779e-05
4100000, 0.4350721958, 7.418062779e-05
4110000, 0.435018687, 7.418062779e-05
4120000, 0.4349654339, 7.418062779e-05
4130000, 0.4349124338, 7.418062779e-05
4140000, 0.4348596872, 7.418062779e-05
4150000, 0.4348071909, 7.418062779e-05
4160000, 0.4347549423, 7.418062779e-05
4170000, 0.4347029418, 7.418062779e-05
4180000, 0.4346511864, 7.418062779e-05
4190000, 0.4345996736, 7.418062779e-05
4200000, 0.4345484037, 7.418062779e-05
4210000, 0.4344973738, 7.418062779e-05
4220000, 0.4344465815, 7.418062779e-05
4230000, 0.4343960271, 7.418062779e-05
4240000, 0.4343457077, 7.418062779e-05
4250000, 0.434295621, 7.418062779e-05
4260000, 0.4342457673, 7.418062779e-05
4270000, 0.4341961439, 7.418062779e-05
4280000, 0.4341467484, 7.418062779e-05
4290000, 0.4340975811, 7.418062779e-05
4300000, 0.4340486395, 7.418062779e-05
4310000, 0.4339999211, 7.418062779e-05
4320000, 0.4339514264, 7.418062779e-05
4330000, 0.4339031526, 7.418062779e-05
4340000, 0.4338550977, 7.418062779e-05
4350000, 0.4338072619, 7.418062779e-05
4360000, 0.4337596427, 7.418062779e-05
4370000, 0.4337122379, 7.418062779e-05
4380000, 0.4336650479, 7.418062779e-05
4390000, 0.4336180701, 7.418062779e-05
4400000, 0.4335713024, 7.418062779e-05
4410000, 0.4335247453, 7.418062779e-05
4420000, 0.4334783962, 7.418062779e-05
4430000, 0.4334322531, 7.418062779e-05
4440000, 0.4333863164, 7.418062779e-05
4450000, 0.4333405837, 7.418062779e-05
4460000, 0.4332950528, 7.418062779e-05
4470000, 0.4332497243, 7.418062779e-05
4480000, 0.4332045958, 7.418062779e-05
4490000, 0.4331596652, 7.418062779e-05
4500000, 0.4331149331, 7.418062779e-05
4510000, 0.433070397, 7.418062779e-05
4520000, 0.4330260551, 7.418062779e-05
4530000, 0.4329819078, 7.418062779e-05
4540000, 0.4329379527, 7.418062779e-05
4550000, 0.432894188, 7.418062779e-05
4560000, 0.4328506143, 7.418062779e-05
4570000, 0.432807229, 7.418062779e-05
4580000, 0.4327640306, 7.418062779e-05
4590000, 0.4327210193, 7.418062779e-05
4600000, 0.4326781931, 7.418062779e-05
4610000, 0.43263555, 7.418062779e-05
4620000, 0.4325930906, 7.418062779e-05
4630000, 0.4325508127, 7.418062779e-05
4640000, 0.4325087145, 7.418062779e-05
4650000, 0.4324667966, 7.418062779e-05
4660000, 0.4324250567, 7.418062779e-05
4670000, 0.4323834931, 7.418062779e-05
4680000, 0.4323421064, 7.418062779e-05
4690000, 0.4323008945, 7.418062779e-05
4700000, 0.4322598555, 7.418062779e-05
4710000, 0.4322189902, 7.418062779e-05
4720000, 0.4321782963, 7.418062779e-05
4730000, 0.4321377722, 7.418062779e-05
4740000, 0.4320974186, 7.418062779e-05
4750000, 0.4320572332, 7.418062779e-05
4760000, 0.4320172145, 7.418062779e-05
4770000, 0.431977363, 7.418062779e-05
4780000, 0.4319376768, 7.418062779e-05
4790000, 0.4318981542, 7.418062779e-05
4800000, 0.4318587958, 7.418062779e-05
4810000, 0.4318195995, 7.418062779e-05
4820000, 0.431780564, 7.418062779e-05
4830000, 0.4317416896, 7.418062779e-05
4840000, 0.4317029745, 7.418062779e-05
4850000, 0.4316644171, 7.418062779e-05
4860000, 0.431626018, 7.418062779e-05
4870000, 0.4315877753, 7.418062779e-05
4880000, 0.4315496874, 7.418062779e-05
4890000, 0.4315117551, 7.418062779e-05
4900000, 0.4314739763, 7.418062779e-05
4910000, 0.4314363496, 7.418062779e-05
4920000, 0.4313988756, 7.418062779e-05
4930000, 0.4313615524, 7.418062779e-05
4940000, 0.4313243787, 7.418062779e-05
4950000, 0.4312873549, 7.418062779e-05
4960000, 0.4312504793, 7.418062779e-05
4970000, 0.4312137504, 7.418062779e-05
4980000, 0.4311771689, 7.418062779e-05
4990000, 0.4311407329, 7.418062779e-05
5000000, 0.4311044411, 7.418062779e-05
5010000, 0.4310682941, 7.418062779e-05
5020000, 0.43103229, 7.418062779e-05
5030000, 0.4309964276, 7.418062779e-05
5040000, 0.4309607075, 7.418062779e-05
5050000, 0.4309251278, 7.418062779e-05
5060000, 0.4308896874, 7.418062779e-05
5070000, 0.4308543866, 7.418062779e-05
5080000, 0.430819224, 7.418062779e-05
5090000, 0.4307841982, 7.418062779e-05
5100000, 0.4307493097, 7.418062779e-05
5110000, 0.4307145569, 7.418062779e-05
5120000, 0.4306799385, 7.418062779e-05
5130000, 0.4306454551, 7.418062779e-05
5140000, 0.4306111051, 7.418062779e-05
5150000, 0.4305768873, 7.418062779e-05
5160000, 0.4305428021, 7.418062779e-05
5170000, 0.430508848, 7.418062779e-05
5180000, 0.4304750238, 7.418062779e-05
5190000, 0.4304413301, 7.418062779e-05
5200000, 0.4304077653, 7.418062779e-05
5210000, 0.4303743281, 7.418062779e-05
5220000, 0.4303410192, 7.418062779e-05
5230000, 0.430307837, 7.418062779e-05
5240000, 0.4302747803, 7.418062779e-05
5250000, 0.4302418498, 7.418062779e-05
5260000, 0.4302090438, 7.418062779e-05
5270000, 0.4301763613, 7.418062779e-05
5280000, 0.4301438027, 7.418062779e-05
5290000, 0.4301113667, 7.418062779e-05
5300000, 0.4300790521, 7.418062779e-05
5310000, 0.4300468594, 7.418062779e-05
5320000, 0.4300147872, 7.418062779e-05
5330000, 0.4299828343, 7.418062779e-05
5340000, 0.4299510015, 7.418062779e-05
5350000, 0.4299192871, 7.418062779e-05
5360000, 0.4298876901, 7.418062779e-05
5370000, 0.4298562111, 7.418062779e-05
5380000, 0.4298248486, 7.418062779e-05
5390000, 0.4297936016, 7.418062779e-05
5400000, 0.4297624707, 7.418062779e-05
5410000, 0.4297314545, 7.418062779e-05
5420000, 0.4297005518, 7.418062779e-05
5430000, 0.4296697633, 7.418062779e-05
5440000, 0.4296390876, 7.418062779e-05
5450000, 0.4296085237, 7.418062779e-05
5460000, 0.4295780721, 7.418062779e-05
5470000, 0.4295477315, 7.418062779e-05
5480000, 0.4295175008, 7.418062779e-05
5490000, 0.4294873807, 7.418062779e-05
5500000, 0.4294573697, 7.418062779e-05
5510000, 0.429427467, 7.418062779e-05
5520000, 0.429397673, 7.418062779e-05
5530000, 0.4293679865, 7.418062779e-05
5540000, 0.4293384065, 7.418062779e-05
5550000, 0.4293089334, 7.418062779e-05
5560000, 0.4292795662, 7.418062779e-05
5570000, 0.4292503037, 7.418062779e-05
5580000, 0.4292211466, 7.418062779e-05
5590000, 0.4291920935, 7.418062779e-05
5600000, 0.4291631436, 7.418062779e-05
5610000, 0.4291342974, 7.418062779e-05
5620000, 0.4291055536, 7.418062779e-05
5630000, 0.4290769113, 7.418062779e-05
5640000, 0.4290483711, 7.418062779e-05
5650000, 0.4290199317, 7.418062779e-05
5660000, 0.4289915923, 7.418062779e-05
5670000, 0.4289633534, 7.418062779e-05
5680000, 0.4289352137, 7.418062779e-05
5690000, 0.4289071724, 7.418062779e-05
5700000, 0.42887923, 7.418062779e-05
5710000, 0.4288513853, 7.418062779e-05
5720000, 0.4288236376, 7.418062779e-05
5730000, 0.4287959872, 7.418062779e-05
5740000, 0.428768433, 7.418062779e-05
5750000, 0.4287409742, 7.418062779e-05
5760000, 0.4287136114, 7.418062779e-05
5770000, 0.4286863432, 7.418062779e-05
5780000, 0.428659169, 7.418062779e-05
5790000, 0.4286320893, 7.418062779e-05
5800000, 0.4286051028, 7.418062779e-05
5810000, 0.4285782088, 7.418062779e-05
5820000, 0.4285514079, 7.418062779e-05
5830000, 0.4285246988, 7.418062779e-05
5840000, 0.4284980808, 7.418062779e-05
5850000, 0.4284715545, 7.418062779e-05
5860000, 0.4284451186, 7.418062779e-05
5870000, 0.4284187724, 7.418062779e-05
5880000, 0.4283925165, 7.418062779e-05
5890000, 0.4283663498, 7.418062779e-05
5900000, 0.4283402713, 7.418062779e-05
5910000, 0.4283142818, 7.418062779e-05
5920000, 0.4282883801, 7.418062779e-05
5930000, 0.4282625655, 7.418062779e-05
5940000, 0.4282368384, 7.418062779e-05
5950000, 0.4282111978, 7.418062779e-05
5960000, 0.4281856429, 7.418062779e-05
5970000, 0.4281601744, 7.418062779e-05
5980000, 0.428134791, 7.418062779e-05
5990000, 0.4281094922, 7.418062779e-05
6000000, 0.4280842783, 7.418062779e-05
6010000, 0.4280591484, 7.418062779e-05
6020000, 0.4280341018, 7.418062779e-05
6030000, 0.4280091389, 7.418062779e-05
6040000, 0.4279842588, 7.418062779e-05
6050000, 0.4279594606, 7.418062779e-05
6060000, 0.427934745, 7.418062779e-05
6070000, 0.427910111, 7.418062779e-05
6080000, 0.4278855577, 7.418062779e-05
6090000, 0.4278610858, 7.418062779e-05
6100000, 0.4278366943, 7.418062779e-05
6110000, 0.4278123824, 7.418062779e-05
6120000, 0.4277881507, 7.418062779e-05
6130000, 0.4277639981, 7.418062779e-05
6140000, 0.4277399241, 7.418062779e-05
6150000, 0.427715929, 7.418062779e-05
6160000, 0.4276920121, 7.418062779e-05
6170000, 0.4276681724, 7.418062779e-05
6180000, 0.4276444107, 7.418062779e-05
6190000, 0.4276207259, 7.418062779e-05
6200000, 0.4275971174, 7.418062779e-05
6210000, 0.4275735856, 7.418062779e-05
6220000, 0.4275501297, 7.418062779e-05
6230000, 0.427526749, 7.418062779e-05
6240000, 0.4275034439, 7.418062779e-05
6250000, 0.4274802136, 7.418062779e-05
6260000, 0.4274570574, 7.418062779e-05
6270000, 0.4274339759, 7.418062779e-05
6280000, 0.427410968, 7.418062779e-05
6290000, 0.4273880332, 7.418062779e-05
6300000, 0.427365172, 7.418062779e-05
6310000, 0.4273423834, 7.418062779e-05
6320000, 0.4273196669, 7.418062779e-05
6330000, 0.4272970229, 7.418062779e-05
6340000, 0.4272744506, 7.418062779e-05
6350000, 0.4272519493, 7.418062779e-05
6360000, 0.4272295196, 7.418062779e-05
6370000, 0.4272071605, 7.418062779e-05
6380000, 0.4271848714, 7.418062779e-05
6390000, 0.4271626529, 7.418062779e-05
6400000, 0.4271405041, 7.418062779e-05
6410000, 0.4271184243, 7.418062779e-05
6420000, 0.4270964141, 7.418062779e-05
6430000, 0.4270744727, 7.418062779e-05
6440000, 0.4270525993, 7.418062779e-05
6450000, 0.4270307946, 7.418062779e-05
6460000, 0.4270090576, 7.418062779e-05
6470000, 0.4269873878, 7.418062779e-05
6480000, 0.4269657857, 7.418062779e-05
6490000, 0.4269442505, 7.418062779e-05
6500000, 0.4269227815, 7.418062779e-05
6510000, 0.4269013792, 7.418062779e-05
6520000, 0.426880043, 7.418062779e-05
6530000, 0.426858772, 7.418062779e-05
6540000, 0.4268375669, 7.418062779e-05
6550000, 0.4268164269, 7.418062779e-05
6560000, 0.4267953513, 7.418062779e-05
6570000, 0.4267743407, 7.418062779e-05
6580000, 0.4267533943, 7.418062779e-05
6590000, 0.4267325115, 7.418062779e-05
6600000, 0.4267116928, 7.418062779e-05
6610000, 0.4266909373, 7.418062779e-05
6620000, 0.4266702447, 7.418062779e-05
6630000, 0.4266496152, 7.418062779e-05
6640000, 0.4266290482, 7.418062779e-05
6650000, 0.4266085432, 7.418062779e-05
6660000, 0.4265881005, 7.418062779e-05
6670000, 0.4265677195, 7.418062779e-05
6680000, 0.4265473995, 7.418062779e-05
6690000, 0.4265271411, 7.418062779e-05
6700000, 0.4265069435, 7.418062779e-05
6710000, 0.4264868062, 7.418062779e-05
6720000, 0.4264667297, 7.418062779e-05
6730000, 0.4264467132, 7.418062779e-05
6740000, 0.4264267561, 7.418062779e-05
6750000, 0.426406859, 7.418062779e-05
6760000, 0.4263870211, 7.418062779e-05
6770000, 0.426367242, 7.418062779e-05
6780000, 0.426347522, 7.418062779e-05
6790000, 0.4263278604, 7.418062779e-05
6800000, 0.4263082568, 7.418062779e-05
6810000, 0.4262887116, 7.418062779e-05
6820000, 0.426269224, 7.418062779e-05
6830000, 0.4262497937, 7.418062779e-05
6840000, 0.4262304209, 7.418062779e-05
6850000, 0.4262111052, 7.418062779e-05
6860000, 0.4261918458, 7.418062779e-05
6870000, 0.4261726434, 7.418062779e-05
6880000, 0.4261534971, 7.418062779e-05
6890000, 0.4261344066, 7.418062779e-05
6900000, 0.4261153722, 7.418062779e-05
6910000, 0.4260963933, 7.418062779e-05
6920000, 0.4260774694, 7.418062779e-05
6930000, 0.4260586009, 7.418062779e-05
6940000, 0.4260397872, 7.418062779e-05
6950000, 0.4260210278, 7.418062779e-05
6960000, 0.4260023231, 7.418062779e-05
6970000, 0.4259836725, 7.418062779e-05
6980000, 0.4259650755, 7.418062779e-05
6990000, 0.4259465325, 7.418062779e-05
7000000, 0.425928043, 7.418062779e-05
7010000, 0.4259096063, 7.418062779e-05
7020000, 0.425891223, 7.418062779e-05
7030000, 0.4258728924, 7.418062779e-05
7040000, 0.425854614, 7.418062779e-05
7050000, 0.4258363883, 7.418062779e-05
7060000, 0.4258182147, 7.418062779e-05
7070000, 0.4258000926, 7.418062779e-05
7080000, 0.4257820226, 7.418062779e-05
7090000, 0.4257640039, 7.418062779e-05
7100000, 0.4257460362, 7.418062779e-05
7110000, 0.4257281199, 7.418062779e-05
7120000, 0.4257102543, 7.418062779e-05
7130000, 0.425692439, 7.418062779e-05
7140000, 0.4256746745, 7.418062779e-05
7150000, 0.4256569601, 7.418062779e-05
7160000, 0.4256392953, 7.418062779e-05
7170000, 0.4256216807, 7.418062779e-05
7180000, 0.4256041155, 7.418062779e-05
7190000, 0.4255865994, 7.418062779e-05
7200000, 0.4255691328, 7.418062779e-05
7210000, 0.4255517151, 7.418062779e-05
7220000, 0.4255343458, 7.418062779e-05
7230000, 0.4255170254, 7.418062779e-05
7240000, 0.4254997533, 7.418062779e-05
7250000, 0.425482529, 7.418062779e-05
7260000, 0.425465353, 7.418062779e-05
7270000, 0.4254482247, 7.418062779e-05
7280000, 0.4254311437, 7.418062779e-05
7290000, 0.4254141104, 7.418062779e-05
7300000, 0.4253971242, 7.418062779e-05
7310000, 0.4253801847, 7.418062779e-05
7320000, 0.4253632922, 7.418062779e-05
7330000, 0.4253464464, 7.418062779e-05
7340000, 0.4253296466, 7.418062779e-05
7350000, 0.4253128934, 7.418062779e-05
7360000, 0.4252961862, 7.418062779e-05
7370000, 0.4252795245, 7.418062779e-05
7380000, 0.4252629088, 7.418062779e-05
7390000, 0.4252463385, 7.418062779e-05
7400000, 0.4252298133, 7.418062779e-05
7410000, 0.4252133335, 7.418062779e-05
7420000, 0.4251968985, 7.418062779e-05
7430000, 0.425180508, 7.418062779e-05
7440000, 0.4251641624, 7.418062779e-05
7450000, 0.4251478612, 7.418062779e-05
7460000, 0.4251316039, 7.418062779e-05
7470000, 0.4251153909, 7.418062779e-05
7480000, 0.4250992218, 7.418062779e-05
7490000, 0.425083096, 7.418062779e-05
7500000, 0.4250670141, 7.418062779e-05
7510000, 0.4250509755, 7.418062779e-05
7520000, 0.4250349798, 7.418062779e-05
7530000, 0.4250190274, 7.418062779e-05
7540000, 0.4250031178, 7.418062779e-05
7550000, 0.4249872505, 7.418062779e-05
7560000, 0.4249714261, 7.418062779e-05
7570000, 0.4249556439, 7.418062779e-05
7580000, 0.4249399037, 7.418062779e-05
7590000, 0.4249242057, 7.418062779e-05
7600000, 0.4249085495, 7.418062779e-05
7610000, 0.4248929347, 7.418062779e-05
7620000, 0.4248773617, 7.418062779e-05
7630000, 0.42486183, 7.418062779e-05
7640000, 0.4248463393, 7.418062779e-05
7650000, 0.4248308898, 7.418062779e-05
7660000, 0.4248154811, 7.418062779e-05
7670000, 0.4248001129, 7.418062779e-05
7680000, 0.4247847855, 7.418062779e-05
7690000, 0.4247694985, 7.418062779e-05
7700000, 0.4247542514, 7.418062779e-05
7710000, 0.4247390447, 7.418062779e-05
7720000, 0.4247238779, 7.418062779e-05
7730000, 0.4247087505, 7.418062779e-05
7740000, 0.4246936631, 7.418062779e-05
7750000, 0.4246786151, 7.418062779e-05
7760000, 0.4246636061, 7.418062779e-05
7770000, 0.4246486366, 7.418062779e-05
7780000, 0.4246337061, 7.418062779e-05
7790000, 0.4246188141, 7.418062779e-05
7800000, 0.4246039611, 7.418062779e-05
7810000, 0.4245891467, 7.418062779e-05
7820000, 0.4245743704, 7.418062779e-05
7830000, 0.4245596327, 7.418062779e-05
7840000, 0.424544933, 7.418062779e-05
7850000, 0.4245302711, 7.418062779e-05
7860000, 0.4245156472, 7.418062779e-05
7870000, 0.4245010611, 7.418062779e-05
7880000, 0.4244865122, 7.418062779e-05
7890000, 0.424472001, 7.418062779e-05
7900000, 0.424457527, 7.418062779e-05
7910000, 0.4244430899, 7.418062779e-05
7920000, 0.42442869, 7.418062779e-05
7930000, 0.424414327, 7.418062779e-05
7940000, 0.4244000004, 7.418062779e-05
7950000, 0.4243857107, 7.418062779e-05
7960000, 0.4243714573, 7.418062779e-05
7970000, 0.42435724, 7.418062779e-05
7980000, 0.4243430591, 7.418062779e-05
7990000, 0.4243289142, 7.418062779e-05
8000000, 0.4243148049, 7.418062779e-05
8010000, 0.4243007317, 7.418062779e-05
8020000, 0.4242866941, 7.418062779e-05
8030000, 0.4242726917, 7.418062779e-05
8040000, 0.4242587249, 7.418062779e-05
8050000, 0.4242447933, 7.418062779e-05
8060000, 0.4242308965, 7.418062779e-05
8070000, 0.4242170351, 7.418062779e-05
8080000, 0.4242032083, 7.418062779e-05
8090000, 0.4241894161, 7.418062779e-05
8100000, 0.4241756587, 7.418062779e-05
8110000, 0.4241619357, 7.418062779e-05
8120000, 0.4241482468, 7.418062779e-05
8130000, 0.4241345924, 7.418062779e-05
8140000, 0.424120972, 7.418062779e-05
8150000, 0.4241073853, 7.418062779e-05
8160000, 0.4240938327, 7.418062779e-05
8170000, 0.4240803138, 7.418062779e-05
8180000, 0.4240668282, 7.418062779e-05
8190000, 0.4240533763, 7.418062779e-05
8200000, 0.4240399577, 7.418062779e-05
8210000, 0.4240265721, 7.418062779e-05
8220000, 0.4240132199, 7.418062779e-05
8230000, 0.4239999006, 7.418062779e-05
8240000, 0.4239866139, 7.418062779e-05
8250000, 0.4239733602, 7.418062779e-05
8260000, 0.423960139, 7.418062779e-05
8270000, 0.4239469502, 7.418062779e-05
8280000, 0.423933794, 7.418062779e-05
8290000, 0.42392067, 7.418062779e-05
8300000, 0.4239075779, 7.418062779e-05
8310000, 0.4238945181, 7.418062779e-05
8320000, 0.4238814901, 7.418062779e-05
8330000, 0.4238684938, 7.418062779e-05
8340000, 0.4238555294, 7.418062779e-05
8350000, 0.4238425965, 7.418062779e-05
8360000, 0.4238296949, 7.418062779e-05
8370000, 0.4238168248, 7.418062779e-05
8380000, 0.423803986, 7.418062779e-05
8390000, 0.4237911781, 7.418062779e-05
8400000, 0.4237784014, 7.418062779e-05
8410000, 0.4237656556, 7.418062779e-05
8420000, 0.4237529404, 7.418062779e-05
8430000, 0.4237402561, 7.418062779e-05
8440000, 0.4237276023, 7.418062779e-05
8450000, 0.4237149788, 7.418062779e-05
8460000, 0.4237023859, 7.418062779e-05
8470000, 0.4236898232, 7.418062779e-05
8480000, 0.4236772904, 7.418062779e-05
8490000, 0.423664788, 7.418062779e-05
8500000, 0.4236523154, 7.418062779e-05
8510000, 0.4236398724, 7.418062779e-05
8520000, 0.4236274594, 7.418062779e-05
8530000, 0.423615076, 7.418062779e-05
8540000, 0.4236027219, 7.418062779e-05
8550000, 0.4235903974, 7.418062779e-05
8560000, 0.4235781022, 7.418062779e-05
8570000, 0.423565836, 7.418062779e-05
8580000, 0.4235535992, 7.418062779e-05
8590000, 0.4235413913, 7.418062779e-05
8600000, 0.4235292121, 7.418062779e-05
8610000, 0.423517062, 7.418062779e-05
8620000, 0.4235049405, 7.418062779e-05
8630000, 0.4234928475, 7.418062779e-05
8640000, 0.4234807831, 7.418062779e-05
8650000, 0.4234687471, 7.418062779e-05
8660000, 0.4234567393, 7.418062779e-05
8670000, 0.4234447599, 7.418062779e-05
8680000, 0.4234328085, 7.418062779e-05
8690000, 0.423420885, 7.418062779e-05
8700000, 0.4234089896, 7.418062779e-05
8710000, 0.423397122, 7.418062779e-05
8720000, 0.4233852819, 7.418062779e-05
8730000, 0.4233734697, 7.418062779e-05
8740000, 0.423361685, 7.418062779e-05
8750000, 0.4233499276, 7.418062779e-05
8760000, 0.4233381977, 7.418062779e-05
8770000, 0.423326495, 7.418062779e-05
8780000, 0.4233148193, 7.418062779e-05
8790000, 0.4233031709, 7.418062779e-05
8800000, 0.4232915495, 7.418062779e-05
8810000, 0.4232799547, 7.418062779e-05
8820000, 0.423268387, 7.418062779e-05
8830000, 0.4232568459, 7.418062779e-05
8840000, 0.4232453313, 7.418062779e-05
8850000, 0.4232338434, 7.418062779e-05
8860000, 0.4232223819, 7.418062779e-05
8870000, 0.4232109465, 7.418062779e-05
8880000, 0.4231995377, 7.418062779e-05
8890000, 0.4231881549, 7.418062779e-05
8900000, 0.4231767981, 7.418062779e-05
8910000, 0.4231654674, 7.418062779e-05
8920000, 0.4231541627, 7.418062779e-05
8930000, 0.4231428835, 7.418062779e-05
8940000, 0.4231316304, 7.418062779e-05
8950000, 0.4231204028, 7.418062779e-05
8960000, 0.4231092006, 7.418062779e-05
8970000, 0.4230980241, 7.418062779e-05
8980000, 0.4230868729, 7.418062779e-05
8990000, 0.4230757469, 7.418062779e-05
9000000, 0.4230646463, 7.418062779e-05
9010000, 0.4230535708, 7.418062779e-05
9020000, 0.4230425202, 7.418062779e-05
9030000, 0.4230314947, 7.418062779e-05
9040000, 0.4230204941, 7.418062779e-05
9050000, 0.4230095181, 7.418062779e-05
9060000, 0.4229985671, 7.418062779e-05
9070000, 0.4229876407, 7.418062779e-05
9080000, 0.4229767386, 7.418062779e-05
9090000, 0.4229658613, 7.418062779e-05
9100000, 0.4229550083, 7.418062779e-05
9110000, 0.4229441794, 7.418062779e-05
9120000, 0.422933375, 7.418062779e-05
9130000, 0.4229225947, 7.418062779e-05
9140000, 0.4229118383, 7.418062779e-05
9150000, 0.4229011062, 7.418062779e-05
9160000, 0.4228903979, 7.418062779e-05
9170000, 0.4228797132, 7.418062779e-05
9180000, 0.4228690526, 7.418062779e-05
9190000, 0.4228584156, 7.418062779e-05
9200000, 0.422847802, 7.418062779e-05
9210000, 0.4228372122, 7.418062779e-05
9220000, 0.4228266458, 7.418062779e-05
9230000, 0.4228161026, 7.418062779e-05
9240000, 0.422805583, 7.418062779e-05
9250000, 0.4227950865, 7.418062779e-05
9260000, 0.422784613, 7.418062779e-05
9270000, 0.4227741627, 7.418062779e-05
9280000, 0.4227637355, 7.418062779e-05
9290000, 0.422753331, 7.418062779e-05
9300000, 0.4227429496, 7.418062779e-05
9310000, 0.4227325909, 7.418062779e-05
9320000, 0.4227222547, 7.418062779e-05
9330000, 0.4227119414, 7.418062779e-05
9340000, 0.4227016507, 7.418062779e-05
9350000, 0.4226913822, 7.418062779e-05
9360000, 0.4226811364, 7.418062779e-05
9370000, 0.4226709128, 7.418062779e-05
9380000, 0.4226607114, 7.418062779e-05
9390000, 0.4226505324, 7.418062779e-05
9400000, 0.4226403755, 7.418062779e-05
9410000, 0.4226302405, 7.418062779e-05
9420000, 0.4226201277, 7.418062779e-05
9430000, 0.4226100368, 7.418062779e-05
9440000, 0.4225999675, 7.418062779e-05
9450000, 0.4225899203, 7.418062779e-05
9460000, 0.4225798947, 7.418062779e-05
9470000, 0.4225698906, 7.418062779e-05
9480000, 0.4225599083, 7.418062779e-05
9490000, 0.4225499474, 7.418062779e-05
9500000, 0.4225400078, 7.418062779e-05
9510000, 0.4225300898, 7.418062779e-05
9520000, 0.4225201931, 7.418062779e-05
9530000, 0.4225103174, 7.418062779e-05
9540000, 0.4225004632, 7.418062779e-05
9550000, 0.4224906299, 7.418062779e-05
9560000, 0.4224808176, 7.418062779e-05
9570000, 0.4224710264, 7.418062779e-05
9580000, 0.4224612561, 7.418062779e-05
9590000, 0.4224515065, 7.418062779e-05
9600000, 0.4224417779, 7.418062779e-05
9610000, 0.4224320699, 7.418062779e-05
9620000, 0.4224223824, 7.418062779e-05
9630000, 0.4224127157, 7.418062779e-05
9640000, 0.4224030695, 7.418062779e-05
9650000, 0.4223934436, 7.418062779e-05
9660000, 0.4223838383, 7.418062779e-05
9670000, 0.4223742532, 7.418062779e-05
9680000, 0.4223646883, 7.418062779e-05
9690000, 0.4223551438, 7.418062779e-05
9700000, 0.4223456193, 7.418062779e-05
9710000, 0.4223361148, 7.418062779e-05
9720000, 0.4223266305, 7.418062779e-05
9730000, 0.4223171661, 7.418062779e-05
9740000, 0.4223077215, 7.418062779e-05
9750000, 0.4222982968, 7.418062779e-05
9760000, 0.4222888919, 7.418062779e-05
9770000, 0.4222795066, 7.418062779e-05
9780000, 0.4222701411, 7.418062779e-05
9790000, 0.4222607951, 7.418062779e-05
9800000, 0.4222514685, 7.418062779e-05
9810000, 0.4222421616, 7.418062779e-05
9820000, 0.4222328741, 7.418062779e-05
9830000, 0.4222236057, 7.418062779e-05
9840000, 0.4222143568, 7.418062779e-05
9850000, 0.4222051272, 7.418062779e-05
9860000, 0.4221959165, 7.418062779e-05
9870000, 0.4221867251, 7.418062779e-05
9880000, 0.4221775528, 7.418062779e-05
9890000, 0.4221683993, 7.418062779e-05
9900000, 0.422159265, 7.418062779e-05
9910000, 0.4221501494, 7.418062779e-05
9920000, 0.4221410526, 7.418062779e-05
9930000, 0.4221319747, 7.418062779e-05
9940000, 0.4221229155, 7.418062779e-05
9950000, 0.4221138748, 7.418062779e-05
9960000, 0.4221048529, 7.418062779e-05
9970000, 0.4220958495, 7.418062779e-05
9980000, 0.4220868644, 7.418062779e-05
9990000, 0.422077898, 7.418062779e-05
10000000, 0.4220689499, 7.418062779e-05
10010000, 0.4220600199, 7.418062779e-05
10020000, 0.4220511084, 7.418062779e-05
10030000, 0.4220422151, 7.418062779e-05
10040000, 0.4220333398, 7.418062779e-05
10050000, 0.4220244828, 7.418062779e-05
10060000, 0.4220156438, 7.418062779e-05
10070000, 0.4220068227, 7.418062779e-05
10080000, 0.4219980196, 7.418062779e-05
10090000, 0.4219892345, 7.418062779e-05
10100000, 0.421980467, 7.418062779e-05
10110000, 0.4219717174, 7.418062779e-05
10120000, 0.4219629856, 7.418062779e-05
10130000, 0.4219542713, 7.418062779e-05
10140000, 0.4219455748, 7.418062779e-05
10150000, 0.4219368958, 7.418062779e-05
10160000, 0.4219282343, 7.418062779e-05
10170000, 0.4219195903, 7.418062779e-05
10180000, 0.4219109637, 7.418062779e-05
10190000, 0.4219023544, 7.418062779e-05
10200000, 0.4218937626, 7.418062779e-05
10210000, 0.4218851879, 7.418062779e-05
10220000, 0.4218766304, 7.418062779e-05
10230000, 0.4218680902, 7.418062779e-05
10240000, 0.421859567, 7.418062779e-05
10250000, 0.4218510608, 7.418062779e-05
10260000, 0.4218425718, 7.418062779e-05
10270000, 0.4218340997, 7.418062779e-05
10280000, 0.4218256444, 7.418062779e-05
10290000, 0.4218172061, 7.418062779e-05
10300000, 0.4218087845, 7.418062779e-05
10310000, 0.4218003796, 7.418062779e-05
10320000, 0.4217919916, 7.418062779e-05
10330000, 0.4217836202, 7.418062779e-05
10340000, 0.4217752653, 7.418062779e-05
10350000, 0.4217669272, 7.418062779e-05
10360000, 0.4217586055, 7.418062779e-05
10370000, 0.4217503002, 7.418062779e-05
10380000, 0.4217420114, 7.418062779e-05
10390000, 0.421733739, 7.418062779e-05
10400000, 0.4217254828, 7.418062779e-05
10410000, 0.4217172431, 7.418062779e-05
10420000, 0.4217090195, 7.418062779e-05
10430000, 0.421700812, 7.418062779e-05
10440000, 0.4216926209, 7.418062779e-05
10450000, 0.4216844457, 7.418062779e-05
10460000, 0.4216762865, 7.418062779e-05
10470000, 0.4216681435, 7.418062779e-05
10480000, 0.4216600164, 7.418062779e-05
10490000, 0.421651905, 7.418062779e-05
10500000, 0.4216438097, 7.418062779e-05
10510000, 0.4216357302, 7.418062779e-05
10520000, 0.4216276663, 7.418062779e-05
10530000, 0.4216196184, 7.418062779e-05
10540000, 0.421611586, 7.418062779e-05
10550000, 0.4216035692, 7.418062779e-05
10560000, 0.4215955682, 7.418062779e-05
10570000, 0.4215875826, 7.418062779e-05
10580000, 0.4215796125, 7.418062779e-05
10590000, 0.4215716579, 7.418062779e-05
10600000, 0.4215637188, 7.418062779e-05
10610000, 0.4215557949, 7.418062779e-05
10620000, 0.4215478865, 7.418062779e-05
10630000, 0.4215399933, 7.418062779e-05
10640000, 0.4215321153, 7.418062779e-05
10650000, 0.4215242526, 7.418062779e-05
10660000, 0.4215164051, 7.418062779e-05
10670000, 0.4215085725, 7.418062779e-05
10680000, 0.4215007552, 7.418062779e-05
10690000, 0.4214929529, 7.418062779e-05
10700000, 0.4214851654, 7.418062779e-05
10710000, 0.421477393, 7.418062779e-05
10720000, 0.4214696356, 7.418062779e-05
10730000, 0.4214618928, 7.418062779e-05
10740000, 0.421454165, 7.418062779e-05
10750000, 0.421446452, 7.418062779e-05
10760000, 0.4214387536, 7.418062779e-05
10770000, 0.42143107, 7.418062779e-05
10780000, 0.4214234011, 7.418062779e-05
10790000, 0.4214157467, 7.418062779e-05
10800000, 0.421408107, 7.418062779e-05
10810000, 0.4214004818, 7.418062779e-05
10820000, 0.4213928709, 7.418062779e-05
10830000, 0.4213852747, 7.418062779e-05
10840000, 0.4213776928, 7.418062779e-05
10850000, 0.4213701252, 7.418062779e-05
10860000, 0.4213625721, 7.418062779e-05
10870000, 0.4213550333, 7.418062779e-05
10880000, 0.4213475085, 7.418062779e-05
10890000, 0.4213399982, 7.418062779e-05
10900000, 0.421332502, 7.418062779e-05
10910000, 0.4213250198, 7.418062779e-05
10920000, 0.4213175518, 7.418062779e-05
10930000, 0.4213100979, 7.418062779e-05
10940000, 0.4213026579, 7.418062779e-05
10950000, 0.421295232, 7.418062779e-05
10960000, 0.42128782, 7.418062779e-05
10970000, 0.4212804218, 7.418062779e-05
10980000, 0.4212730376, 7.418062779e-05
10990000, 0.4212656673, 7.418062779e-05
11000000, 0.4212583105, 7.418062779e-05
11010000, 0.4212509677, 7.418062779e-05
11020000, 0.4212436386, 7.418062779e-05
11030000, 0.421236323, 7.418062779e-05
11040000, 0.4212290212, 7.418062779e-05
11050000, 0.421221733, 7.418062779e-05
11060000, 0.4212144583, 7.418062779e-05
11070000, 0.4212071972, 7.418062779e-05
11080000, 0.4211999496, 7.418062779e-05
11090000, 0.4211927153, 7.418062779e-05
11100000, 0.4211854945, 7.418062779e-05
11110000, 0.4211782872, 7.418062779e-05
11120000, 0.421171093, 7.418062779e-05
11130000, 0.4211639123, 7.418062779e-05
11140000, 0.4211567449, 7.418062779e-05
11150000, 0.4211495906, 7.418062779e-05
11160000, 0.4211424496, 7.418062779e-05
11170000, 0.4211353218, 7.418062779e-05
11180000, 0.4211282069, 7.418062779e-05
11190000, 0.4211211053, 7.418062779e-05
11200000, 0.4211140168, 7.418062779e-05
11210000, 0.4211069411, 7.418062779e-05
11220000, 0.4210998786, 7.418062779e-05
11230000, 0.421092829, 7.418062779e-05
11240000, 0.4210857923, 7.418062779e-05
11250000, 0.4210787685, 7.418062779e-05
11260000, 0.4210717576, 7.418062779e-05
11270000, 0.4210647593, 7.418062779e-05
11280000, 0.421057774, 7.418062779e-05
11290000, 0.4210508014, 7.418062779e-05
11300000, 0.4210438415, 7.418062779e-05
11310000, 0.4210368943, 7.418062779e-05
11320000, 0.4210299597, 7.418062779e-05
11330000, 0.4210230377, 7.418062779e-05
11340000, 0.4210161284, 7.418062779e-05
11350000, 0.4210092316, 7.418062779e-05
11360000, 0.4210023472, 7.418062779e-05
11370000, 0.4209954754, 7.418062779e-05
11380000, 0.420988616, 7.418062779e-05
11390000, 0.4209817689, 7.418062779e-05
11400000, 0.4209749344, 7.418062779e-05
11410000, 0.4209681121, 7.418062779e-05
11420000, 0.4209613021, 7.418062779e-05
11430000, 0.4209545045, 7.418062779e-05
11440000, 0.4209477191, 7.418062779e-05
11450000, 0.4209409458, 7.418062779e-05
11460000, 0.4209341849, 7.418062779e-05
11470000, 0.420927436, 7.418062779e-05
11480000, 0.4209206992, 7.418062779e-05
11490000, 0.4209139746, 7.418062779e-05
11500000, 0.4209072621, 7.418062779e-05
11510000, 0.4209005614, 7.418062779e-05
11520000, 0.4208938729, 7.418062779e-05
11530000, 0.4208871963, 7.418062779e-05
11540000, 0.4208805316, 7.418062779e-05
11550000, 0.4208738788, 7.418062779e-05
11560000, 0.4208672379, 7.418062779e-05
11570000, 0.4208606088, 7.418062779e-05
11580000, 0.4208539916, 7.418062779e-05
11590000, 0.4208473861, 7.418062779e-05
11600000, 0.4208407923, 7.418062779e-05
11610000, 0.4208342104, 7.418062779e-05
11620000, 0.42082764, 7.418062779e-05
11630000, 0.4208210813, 7.418062779e-05
11640000, 0.4208145343, 7.418062779e-05
11650000, 0.4208079988, 7.418062779e-05
11660000, 0.4208014749, 7.418062779e-05
11670000, 0.4207949626, 7.418062779e-05
11680000, 0.4207884617, 7.418062779e-05
11690000, 0.4207819723, 7.418062779e-05
11700000, 0.4207754944, 7.418062779e-05
11710000, 0.4207690279, 7.418062779e-05
11720000, 0.4207625727, 7.418062779e-05
11730000, 0.4207561289, 7.418062779e-05
11740000, 0.4207496965, 7.418062779e-05
11750000, 0.4207432753, 7.418062779e-05
11760000, 0.4207368655, 7.418062779e-05
11770000, 0.4207304669, 7.418062779e-05
11780000, 0.4207240793, 7.418062779e-05
11790000, 0.4207177032, 7.418062779e-05
11800000, 0.4207113381, 7.418062779e-05
11810000, 0.420704984, 7.418062779e-05
11820000, 0.4206986412, 7.418062779e-05
11830000, 0.4206923095, 7.418062779e-05
11840000, 0.4206859886, 7.418062779e-05
11850000, 0.4206796789, 7.418062779e-05
11860000, 0.4206733802, 7.418062779e-05
11870000, 0.4206670923, 7.418062779e-05
11880000, 0.4206608155, 7.418062779e-05
11890000, 0.4206545496, 7.418062779e-05
11900000, 0.4206482944, 7.418062779e-05
11910000, 0.4206420502, 7.418062779e-05
11920000, 0.4206358168, 7.418062779e-05
11930000, 0.4206295941, 7.418062779e-05
11940000, 0.4206233822, 7.418062779e-05
11950000, 0.4206171811, 7.418062779e-05
11960000, 0.4206109906, 7.418062779e-05
11970000, 0.4206048109, 7.418062779e-05
11980000, 0.4205986419, 7.418062779e-05
11990000, 0.4205924833, 7.418062779e-05
12000000, 0.4205863355, 7.418062779e-05
12010000, 0.4205801982, 7.418062779e-05
12020000, 0.4205740714, 7.418062779e-05
12030000, 0.4205679553, 7.418062779e-05
12040000, 0.4205618496, 7.418062779e-05
12050000, 0.4205557542, 7.418062779e-05
12060000, 0.4205496695, 7.418062779e-05
12070000, 0.4205435951, 7.418062779e-05
12080000, 0.420537531, 7.418062779e-05
12090000, 0.4205314775, 7.418062779e-05
12100000, 0.4205254342, 7.418062779e-05
12110000, 0.4205194011, 7.418062779e-05
12120000, 0.4205133785, 7.418062779e-05
12130000, 0.4205073661, 7.418062779e-05
12140000, 0.4205013638, 7.418062779e-05
12150000, 0.4204953719, 7.418062779e-05
12160000, 0.4204893901, 7.418062779e-05
12170000, 0.4204834184, 7.418062779e-05
12180000, 0.4204774569, 7.418062779e-05
12190000, 0.4204715055, 7.418062779e-05
12200000, 0.4204655642, 7.418062779e-05
12210000, 0.4204596329, 7.418062779e-05
12220000, 0.4204537118, 7.418062779e-05
12230000, 0.4204478005, 7.418062779e-05
12240000, 0.4204418993, 7.418062779e-05
12250000, 0.4204360081, 7.418062779e-05
12260000, 0.4204301267, 7.418062779e-05
12270000, 0.4204242553, 7.418062779e-05
12280000, 0.4204183938, 7.418062779e-05
12290000, 0.4204125421, 7.418062779e-05
12300000, 0.4204067003, 7.418062779e-05
12310000, 0.4204008683, 7.418062779e-05
12320000, 0.420395046, 7.418062779e-05
12330000, 0.4203892336, 7.418062779e-05
12340000, 0.4203834309, 7.418062779e-05
12350000, 0.4203776378, 7.418062779e-05
12360000, 0.4203718546, 7.418062779e-05
12370000, 0.420366081, 7.418062779e-05
12380000, 0.4203603169, 7.418062779e-05
12390000, 0.4203545626, 7.418062779e-05
12400000, 0.4203488179, 7.418062779e-05
12410000, 0.4203430826, 7.418062779e-05
12420000, 0.4203373571, 7.418062779e-05
12430000, 0.420331641, 7.418062779e-05
12440000, 0.4203259343, 7.418062779e-05
12450000, 0.4203202373, 7.418062779e-05
12460000, 0.4203145497, 7.418062779e-05
12470000, 0.4203088714, 7.418062779e-05
12480000, 0.4203032026, 7.418062779e-05
12490000, 0.4202975433, 7.418062779e-05
12500000, 0.4202918932, 7.418062779e-05
12510000, 0.4202862525, 7.418062779e-05
12520000, 0.4202806212, 7.418062779e-05
12530000, 0.4202749991, 7.418062779e-05
12540000, 0.4202693863, 7.418062779e-05
12550000, 0.4202637828, 7.418062779e-05
12560000, 0.4202581885, 7.418062779e-05
12570000, 0.4202526035, 7.418062779e-05
12580000, 0.4202470276, 7.418062779e-05
12590000, 0.4202414608, 7.418062779e-05
12600000, 0.4202359033, 7.418062779e-05
12610000, 0.4202303549, 7.418062779e-05
12620000, 0.4202248155, 7.418062779e-05
12630000, 0.4202192853, 7.418062779e-05
12640000, 0.4202137641, 7.418062779e-05
12650000, 0.4202082518, 7.418062779e-05
12660000, 0.4202027487, 7.418062779e-05
12670000, 0.4201972546, 7.418062779e-05
12680000, 0.4201917694, 7.418062779e-05
12690000, 0.4201862932, 7.418062779e-05
12700000, 0.4201808259, 7.418062779e-05
12710000, 0.4201753674, 7.418062779e-05
12720000, 0.420169918, 7.418062779e-05
12730000, 0.4201644773, 7.418062779e-05
12740000, 0.4201590455, 7.418062779e-05
12750000, 0.4201536226, 7.418062779e-05
12760000, 0.4201482084, 7.418062779e-05
12770000, 0.420142803, 7.418062779e-05
12780000, 0.4201374064, 7.418062779e-05
12790000, 0.4201320185, 7.418062779e-05
12800000, 0.4201266393, 7.418062779e-05
12810000, 0.4201212689, 7.418062779e-05
12820000, 0.4201159071, 7.418062779e-05
12830000, 0.4201105539, 7.418062779e-05
12840000, 0.4201052095, 7.418062779e-05
12850000, 0.4200998736, 7.418062779e-05
12860000, 0.4200945463, 7.418062779e-05
12870000, 0.4200892276, 7.418062779e-05
12880000, 0.4200839175, 7.418062779e-05
12890000, 0.4200786158, 7.418062779e-05
12900000, 0.4200733228, 7.418062779e-05
12910000, 0.4200680382, 7.418062779e-05
12920000, 0.420062762, 7.418062779e-05
12930000, 0.4200574944, 7.418062779e-05
12940000, 0.4200522352, 7.418062779e-05
12950000, 0.4200469844, 7.418062779e-05
12960000, 0.420041742, 7.418062779e-05
12970000, 0.420036508, 7.418062779e-05
12980000, 0.4200312823, 7.418062779e-05
12990000, 0.420026065, 7.418062779e-05
13000000, 0.420020856, 7.418062779e-05
cpu/wall(s): 1.84467e+10 1276.13
