80000, 0.034513201238977961198, 0.00010829536543196197467, (init)
81448, 0.039731812699580327928, 0.00010823573084631598139, (recalc)
84729, 0.051098731930621372971, 0.00010811058067017553249, (recalc)
90000, 0.036760377678998607914, 0.00010811058067017553249
92687, 0.076327795753439430753, 0.00010785516269986262862, (recalc)
100000, 0.059547326356170213961, 0.00010785516269986262862
110000, 0.039798832612770046607, 0.00010785516269986262862
115639, 0.13496267573808148536, 0.00010736883176547594827, (recalc)
120000, 0.12794398814116358183, 0.00010736883176547594827
130000, 0.11343568995364026959, 0.00010736883176547594827
140000, 0.10078473827502731073, 0.00010736883176547594827
150000, 0.089650974834489809685, 0.00010736883176547594827
160000, 0.079772636222310300988, 0.00010736883176547594827
170000, 0.070945596623282276706, 0.00010736883176547594827
180000, 0.063008686385317416342, 0.00010736883176547594827
190000, 0.055831849412277101543, 0.00010736883176547594827
200000, 0.049309487545711221559, 0.00010736883176547594827
210000, 0.043355272938493680414, 0.00010736883176547594827
220000, 0.037897143008178074756, 0.00010736883176547594827
230000, 0.032874879379215820308, 0.00010736883176547594827
236108, 0.29226477920387272243, 0.00010662698679842829032, (recalc)
240000, 0.29050301244190205169, 0.00010662698679842829032
250000, 0.28620832628995932644, 0.00010662698679842829032
260000, 0.28221891295239375319, 0.00010662698679842829032
270000, 0.27850327115462715892, 0.00010662698679842829032
280000, 0.2750338643305818034, 0.00010662698679842829032
290000, 0.27178678636061605438, 0.00010662698679842829032
300000, 0.26874134431887204067, 0.00010662698679842829032
310000, 0.2658791427671142102, 0.00010662698679842829032
320000, 0.26318399834904307745, 0.00010662698679842829032
330000, 0.26064175107796065578, 0.00010662698679842829032
340000, 0.25823963190358048494, 0.00010662698679842829032
350000, 0.25596628559058509099, 0.00010662698679842829032
360000, 0.25381169281380200206, 0.00010662698679842829032
370000, 0.25176670520088715009, 0.00010662698679842829032
380000, 0.24982311458767027106, 0.00010662698679842829032
390000, 0.24797363079322752521, 0.00010662698679842829032
400000, 0.24621152310202806696, 0.00010662698679842829032
410000, 0.244530707394935037, 0.00010662698679842829032
420000, 0.24292575233532725075, 0.00010662698679842829032
430000, 0.24139159267563211313, 0.00010662698679842829032
440000, 0.23992362083859917802, 0.00010662698679842829032
450000, 0.23851770744909888683, 0.00010662698679842829032
460000, 0.23716996556102034012, 0.00010662698679842829032
470000, 0.23587684038585358796, 0.00010662698679842829032
480000, 0.23463513669135201438, 0.00010662698679842829032
490000, 0.23344182062326822465, 0.00010662698679842829032
500000, 0.2322941047535909344, 0.00010662698679842829032
510000, 0.23118947829255942263, 0.00010662698679842829032
520000, 0.23012553760611132017, 0.00010662698679842829032
530000, 0.22910006548345608625, 0.00010662698679842829032
540000, 0.22811106195078353737, 0.00010662698679842829032
550000, 0.2271565972991080353, 0.00010662698679842829032
560000, 0.22623488533109456652, 0.00010662698679842829032
570000, 0.22534431358136470996, 0.00010662698679842829032
580000, 0.22448331440590011163, 0.00010662698679842829032
590000, 0.22365043238714783675, 0.00010662698679842829032
600000, 0.22284435333765516675, 0.00010662698679842829032
610000, 0.22206379015598027832, 0.00010662698679842829032
620000, 0.22130754476025352078, 0.00010662698679842829032
630000, 0.22057453557729096295, 0.00010662698679842829032
640000, 0.21986369566246750156, 0.00010662698679842829032
650000, 0.21917402960472433767, 0.00010662698679842829032
660000, 0.21850463938906726548, 0.00010662698679842829032
670000, 0.21785463283836674552, 0.00010662698679842829032
680000, 0.21722317594483575728, 0.00010662698679842829032
690000, 0.21660951709898732134, 0.00010662698679842829032
700000, 0.2160129043180897022, 0.00010662698679842829032
710000, 0.21543263344103135367, 0.00010662698679842829032
720000, 0.21486807077487190794, 0.00010662698679842829032
730000, 0.2143185778766362987, 0.00010662698679842829032
740000, 0.21378355601663866839, 0.00010662698679842829032
750000, 0.21326246732406987955, 0.00010662698679842829032
760000, 0.21275476611748769894, 0.00010662698679842829032
770000, 0.21225994000483246614, 0.00010662698679842829032
780000, 0.21177752962343209676, 0.00010662698679842829032
790000, 0.21130706569080024226, 0.00010662698679842829032
800000, 0.2108481070723120869, 0.00010662698679842829032
810000, 0.21040025921535312667, 0.00010662698679842829032
820000, 0.20996311623002362815, 0.00010662698679842829032
830000, 0.20953629622003278007, 0.00010662698679842829032
840000, 0.20911945850954610255, 0.00010662698679842829032
850000, 0.2087122501729259774, 0.00010662698679842829032
860000, 0.20831433889187198698, 0.00010662698679842829032
870000, 0.20792542906929792101, 0.00010662698679842829032
880000, 0.20754521231525991756, 0.00010662698679842829032
890000, 0.20717339806406615707, 0.00010662698679842829032
900000, 0.20680972866372901885, 0.00010662698679842829032
910000, 0.20645393339675150353, 0.00010662698679842829032
920000, 0.20610575706483830467, 0.00010662698679842829032
930000, 0.20576497413601880911, 0.00010662698679842829032
940000, 0.20543134593764992255, 0.00010662698679842829032
950000, 0.20510464739329233889, 0.00010662698679842829032
960000, 0.20478468030301790934, 0.00010662698679842829032
970000, 0.20447123339457572859, 0.00010662698679842829032
980000, 0.20416410737668325421, 0.00010662698679842829032
990000, 0.20386312742162401181, 0.00010662698679842829032
1000000, 0.2035681058010771178, 0.00010662698679842829032
1010000, 0.2032788654022202567, 0.00010662698679842829032
1020000, 0.20299525147565864039, 0.00010662698679842829032
1030000, 0.20271709661651379357, 0.00010662698679842829032
1040000, 0.20244424287405708789, 0.00010662698679842829032
1050000, 0.20217655282237079289, 0.00010662698679842829032
1060000, 0.20191387667615057075, 0.00010662698679842829032
1070000, 0.20165607311081671653, 0.00010662698679842829032
1080000, 0.20140301970812355981, 0.00010662698679842829032
1090000, 0.20115458202070623022, 0.00010662698679842829032
1100000, 0.20091063320751005382, 0.00010662698679842829032
1110000, 0.20067106390183511719, 0.00010662698679842829032
1120000, 0.20043575305970527688, 0.00010662698679842829032
1130000, 0.2002045865047995994, 0.00010662698679842829032
1140000, 0.19997746626212650687, 0.00010662698679842829032
1150000, 0.19975428304341240808, 0.00010662698679842829032
1160000, 0.19953493378632427116, 0.00010662698679842829032
1170000, 0.19931933049308489728, 0.00010662698679842829032
1180000, 0.1991073742217526472, 0.00010662698679842829032
1190000, 0.19889897169622714954, 0.00010662698679842829032
1200000, 0.19869404368561201835, 0.00010662698679842829032
1210000, 0.1984925003838768184, 0.00010662698679842829032
1220000, 0.19829425715979631956, 0.00010662698679842829032
1230000, 0.19809924250970628107, 0.00010662698679842829032
1240000, 0.19790737471992284182, 0.00010662698679842829032
1250000, 0.19771857681925666844, 0.00010662698679842829032
1260000, 0.19753278413495879551, 0.00010662698679842829032
1270000, 0.19734992214268278314, 0.00010662698679842829032
1280000, 0.19716992067843240286, 0.00010662698679842829032
1290000, 0.19699272112492713746, 0.00010662698679842829032
1300000, 0.1968182553630449412, 0.00010662698679842829032
1310000, 0.19664645929491413021, 0.00010662698679842829032
1320000, 0.19647727968561340099, 0.00010662698679842829032
1330000, 0.19631065413810751461, 0.00010662698679842829032
1340000, 0.19614652397460169805, 0.00010662698679842829032
1350000, 0.1959848407564027561, 0.00010662698679842829032
1360000, 0.19582554721150655655, 0.00010662698679842829032
1370000, 0.19566858951722815936, 0.00010662698679842829032
1380000, 0.19551392351916504577, 0.00010662698679842829032
1390000, 0.19536149654693991066, 0.00010662698679842829032
1400000, 0.1952112591374428011, 0.00010662698679842829032
1410000, 0.19506317097213331362, 0.00010662698679842829032
1420000, 0.19491718352209119591, 0.00010662698679842829032
1430000, 0.19477325124790679391, 0.00010662698679842829032
1440000, 0.19463133727301714102, 0.00010662698679842829032
1450000, 0.19449139680426030342, 0.00010662698679842829032
1460000, 0.1943533878414829868, 0.00010662698679842829032
1470000, 0.19421727660320867804, 0.00010662698679842829032
1480000, 0.19408302167340617664, 0.00010662698679842829032
1490000, 0.19395058425120970184, 0.00010662698679842829032
1500000, 0.19381993334395042578, 0.00010662698679842829032
cpu/wall(s): 172.851 172.902
