69098, 0.01845150816, 0.0001612722772, (init)
70000, 0.01452889516, 0.0001612722772
71000, 0.01027987322, 0.0001612722772
71067, 0.02662285813, 0.0001611540662, (recalc)
72000, 0.0227578734, 0.0001611540662
73000, 0.01871073717, 0.0001611540662
74000, 0.01475744693, 0.0001611540662
75000, 0.01089679355, 0.0001611540662
75236, 0.04295816806, 0.0001609305205, (recalc)
76000, 0.04008400586, 0.0001609305205
77000, 0.03639573442, 0.0001609305205
78000, 0.0327905336, 0.0001609305205
79000, 0.02926496594, 0.0001609305205
80000, 0.02581558659, 0.0001609305205
81000, 0.0224410711, 0.0001609305205
82000, 0.01913862894, 0.0001609305205
83000, 0.01590462712, 0.0001609305205
84000, 0.01273867955, 0.0001609305205
84883, 0.07645101717, 0.0001605220034, (recalc)
85000, 0.07609205747, 0.0001605220034
86000, 0.07305360776, 0.0001605220034
87000, 0.07007730473, 0.0001605220034
88000, 0.06715996914, 0.0001605220034
89000, 0.06429964018, 0.0001605220034
90000, 0.06149559464, 0.0001605220034
91000, 0.05874540423, 0.0001605220034
92000, 0.05604730314, 0.0001605220034
93000, 0.05340079545, 0.0001605220034
94000, 0.05080388769, 0.0001605220034
95000, 0.04825440255, 0.0001605220034
96000, 0.04575235833, 0.0001605220034
97000, 0.04329559721, 0.0001605220034
98000, 0.04088244479, 0.0001605220034
99000, 0.03851277187, 0.0001605220034
100000, 0.03618499677, 0.0001605220034
101000, 0.03389750577, 0.0001605220034
102000, 0.03165000762, 0.0001605220034
103000, 0.02944122856, 0.0001605220034
104000, 0.02726931779, 0.0001605220034
105000, 0.02513450543, 0.0001605220034
106000, 0.02303532064, 0.0001605220034
107000, 0.0209704096, 0.0001605220034
108000, 0.01894003435, 0.0001605220034
109000, 0.01694248112, 0.0001605220034
110000, 0.01497682742, 0.0001605220034
111000, 0.01304295463, 0.0001605220034
112000, 0.01113957579, 0.0001605220034
112607, 0.1493279484, 0.0001598350199, (recalc)
113000, 0.1485954539, 0.0001598350199
114000, 0.1467513333, 0.0001598350199
115000, 0.1449357822, 0.0001598350199
116000, 0.1431476078, 0.0001598350199
117000, 0.1413871061, 0.0001598350199
118000, 0.1396530585, 0.0001598350199
119000, 0.1379445664, 0.0001598350199
120000, 0.1362617924, 0.0001598350199
121000, 0.1346038696, 0.0001598350199
122000, 0.1329699042, 0.0001598350199
123000, 0.1313599101, 0.0001598350199
124000, 0.1297732025, 0.0001598350199
125000, 0.128208684, 0.0001598350199
126000, 0.1266667077, 0.0001598350199
127000, 0.1251464167, 0.0001598350199
128000, 0.1236470332, 0.0001598350199
129000, 0.1221689133, 0.0001598350199
130000, 0.120710999, 0.0001598350199
131000, 0.1192727912, 0.0001598350199
132000, 0.1178543576, 0.0001598350199
133000, 0.1164549181, 0.0001598350199
134000, 0.1150739924, 0.0001598350199
135000, 0.1137117164, 0.0001598350199
136000, 0.1123674529, 0.0001598350199
137000, 0.1110404637, 0.0001598350199
138000, 0.1097310879, 0.0001598350199
139000, 0.1084385519, 0.0001598350199
140000, 0.1071623117, 0.0001598350199
141000, 0.1059025994, 0.0001598350199
142000, 0.1046588805, 0.0001598350199
143000, 0.1034306011, 0.0001598350199
144000, 0.1022178702, 0.0001598350199
145000, 0.1010202753, 0.0001598350199
146000, 0.09983709741, 0.0001598350199
147000, 0.09866868652, 0.0001598350199
148000, 0.09751448934, 0.0001598350199
149000, 0.09637401161, 0.0001598350199
150000, 0.09524759891, 0.0001598350199
151000, 0.09413453609, 0.0001598350199
152000, 0.09303452561, 0.0001598350199
153000, 0.09194769108, 0.0001598350199
154000, 0.09087351439, 0.0001598350199
155000, 0.0898117005, 0.0001598350199
156000, 0.08876242154, 0.0001598350199
157000, 0.08772525656, 0.0001598350199
158000, 0.08669970817, 0.0001598350199
159000, 0.08568609549, 0.0001598350199
160000, 0.08468388605, 0.0001598350199
161000, 0.08369272144, 0.0001598350199
162000, 0.08271283586, 0.0001598350199
163000, 0.08174387098, 0.0001598350199
164000, 0.08078545526, 0.0001598350199
165000, 0.07983772226, 0.0001598350199
166000, 0.0789004025, 0.0001598350199
167000, 0.0779729905, 0.0001598350199
168000, 0.07705580145, 0.0001598350199
169000, 0.07614845096, 0.0001598350199
170000, 0.07525060139, 0.0001598350199
171000, 0.07436256185, 0.0001598350199
172000, 0.0734838172, 0.0001598350199
173000, 0.07261417645, 0.0001598350199
174000, 0.07175377434, 0.0001598350199
175000, 0.07090224323, 0.0001598350199
176000, 0.07005938855, 0.0001598350199
177000, 0.06922538234, 0.0001598350199
178000, 0.06839992752, 0.0001598350199
179000, 0.06758266799, 0.0001598350199
180000, 0.06677388749, 0.0001598350199
181000, 0.06597319776, 0.0001598350199
182000, 0.0651803473, 0.0001598350199
183000, 0.06439555211, 0.0001598350199
184000, 0.06361855686, 0.0001598350199
185000, 0.06284909695, 0.0001598350199
186000, 0.06208730582, 0.0001598350199
187000, 0.06133299609, 0.0001598350199
188000, 0.06058579382, 0.0001598350199
189000, 0.05984597451, 0.0001598350199
190000, 0.05911325647, 0.0001598350199
191000, 0.05838739595, 0.0001598350199
192000, 0.05766866276, 0.0001598350199
193000, 0.05695666822, 0.0001598350199
194000, 0.05625128292, 0.0001598350199
195000, 0.05555263673, 0.0001598350199
196000, 0.05486045542, 0.0001598350199
197000, 0.05417460352, 0.0001598350199
198000, 0.05349524093, 0.0001598350199
199000, 0.05282214731, 0.0001598350199
200000, 0.05215505587, 0.0001598350199
201000, 0.05149421432, 0.0001598350199
202000, 0.05083932705, 0.0001598350199
203000, 0.05019020894, 0.0001598350199
204000, 0.04954705306, 0.0001598350199
205000, 0.04890966879, 0.0001598350199
206000, 0.04827785892, 0.0001598350199
207000, 0.04765174805, 0.0001598350199
208000, 0.04703119943, 0.0001598350199
209000, 0.04641592557, 0.0001598350199
210000, 0.04580616533, 0.0001598350199
211000, 0.04520170365, 0.0001598350199
212000, 0.04460235705, 0.0001598350199
213000, 0.04400835951, 0.0001598350199
214000, 0.04341940718, 0.0001598350199
215000, 0.04283540833, 0.0001598350199
216000, 0.04225648254, 0.0001598350199
217000, 0.04168241737, 0.0001598350199
218000, 0.04111311436, 0.0001598350199
219000, 0.04054871802, 0.0001598350199
220000, 0.03998905858, 0.0001598350199
221000, 0.039433929, 0.0001598350199
222000, 0.03888354469, 0.0001598350199
223000, 0.03833767302, 0.0001598350199
224000, 0.03779617258, 0.0001598350199
225000, 0.03725921408, 0.0001598350199
226000, 0.03672664995, 0.0001598350199
227000, 0.03619832788, 0.0001598350199
228000, 0.03567436114, 0.0001598350199
229000, 0.03515464604, 0.0001598350199
230000, 0.03463895475, 0.0001598350199
231000, 0.0341274945, 0.0001598350199
232000, 0.03362009575, 0.0001598350199
233000, 0.03311661575, 0.0001598350199
234000, 0.03261725764, 0.0001598350199
235000, 0.03212177722, 0.0001598350199
236000, 0.03163010708, 0.0001598350199
237000, 0.03114235531, 0.0001598350199
238000, 0.0306583524, 0.0001598350199
239000, 0.03017802422, 0.0001598350199
240000, 0.02970150003, 0.0001598350199
241000, 0.02922864496, 0.0001598350199
242000, 0.02875929384, 0.0001598350199
243000, 0.02829363433, 0.0001598350199
244000, 0.02783147852, 0.0001598350199
245000, 0.02737271507, 0.0001598350199
246000, 0.0269174946, 0.0001598350199
247000, 0.02646569948, 0.0001598350199
248000, 0.02601720878, 0.0001598350199
249000, 0.02557212429, 0.0001598350199
250000, 0.0251303649, 0.0001598350199
251000, 0.02469174573, 0.0001598350199
252000, 0.02425644721, 0.0001598350199
253000, 0.02382433226, 0.0001598350199
254000, 0.02339528683, 0.0001598350199
255000, 0.02296948801, 0.0001598350199
256000, 0.02254673516, 0.0001598350199
257000, 0.02212697726, 0.0001598350199
258000, 0.02171031128, 0.0001598350199
259000, 0.02129659877, 0.0001598350199
260000, 0.02088578225, 0.0001598350199
261000, 0.02047797699, 0.0001598350199
262000, 0.02007307323, 0.0001598350199
263000, 0.01967093618, 0.0001598350199
264000, 0.01927173009, 0.0001598350199
265000, 0.01887529986, 0.0001598350199
266000, 0.01848155571, 0.0001598350199
267000, 0.01809063074, 0.0001598350199
268000, 0.01770242897, 0.0001598350199
269000, 0.01731685213, 0.0001598350199
270000, 0.01693399141, 0.0001598350199
271000, 0.01655378171, 0.0001598350199
272000, 0.01617607003, 0.0001598350199
273000, 0.01580101434, 0.0001598350199
274000, 0.01542850142, 0.0001598350199
275000, 0.01505843821, 0.0001598350199
276000, 0.01469097989, 0.0001598350199
277000, 0.01432595862, 0.0001598350199
278000, 0.01396333482, 0.0001598350199
279000, 0.0136031953, 0.0001598350199
280000, 0.0132454248, 0.0001598350199
281000, 0.01288997767, 0.0001598350199
282000, 0.01253695675, 0.0001598350199
283000, 0.01218627094, 0.0001598350199
284000, 0.01183780818, 0.0001598350199
285000, 0.01149171296, 0.0001598350199
286000, 0.01114785506, 0.0001598350199
287000, 0.01080616062, 0.0001598350199
288000, 0.01046674762, 0.0001598350199
289000, 0.01012953625, 0.0001598350199
289386, 0.3411108072, 0.0001589551877, (recalc)
290000, 0.3409053175, 0.0001589551877
291000, 0.3405724283, 0.0001589551877
292000, 0.3402416877, 0.0001589551877
293000, 0.339912967, 0.0001589551877
294000, 0.3395864052, 0.0001589551877
295000, 0.3392619073, 0.0001589551877
296000, 0.3389393959, 0.0001589551877
297000, 0.3386190079, 0.0001589551877
298000, 0.3383006006, 0.0001589551877
299000, 0.3379841427, 0.0001589551877
300000, 0.3376697121, 0.0001589551877
301000, 0.3373572112, 0.0001589551877
302000, 0.337046603, 0.0001589551877
303000, 0.3367379795, 0.0001589551877
304000, 0.3364312638, 0.0001589551877
305000, 0.3361263613, 0.0001589551877
306000, 0.3358233998, 0.0001589551877
307000, 0.3355222684, 0.0001589551877
308000, 0.3352229053, 0.0001589551877
309000, 0.3349254156, 0.0001589551877
310000, 0.3346297317, 0.0001589551877
311000, 0.3343357852, 0.0001589551877
312000, 0.3340436494, 0.0001589551877
313000, 0.3337532799, 0.0001589551877
314000, 0.3334645668, 0.0001589551877
315000, 0.3331776333, 0.0001589551877
316000, 0.3328923984, 0.0001589551877
317000, 0.3326087968, 0.0001589551877
318000, 0.3323269498, 0.0001589551877
319000, 0.3320467349, 0.0001589551877
320000, 0.3317681266, 0.0001589551877
321000, 0.331491195, 0.0001589551877
322000, 0.3312158563, 0.0001589551877
323000, 0.3309420802, 0.0001589551877
324000, 0.330669949, 0.0001589551877
325000, 0.3303993971, 0.0001589551877
326000, 0.3301303436, 0.0001589551877
327000, 0.329862902, 0.0001589551877
328000, 0.3295969767, 0.0001589551877
329000, 0.3293325153, 0.0001589551877
330000, 0.3290696118, 0.0001589551877
331000, 0.3288082082, 0.0001589551877
332000, 0.3285482463, 0.0001589551877
333000, 0.328289792, 0.0001589551877
334000, 0.3280328076, 0.0001589551877
335000, 0.3277771985, 0.0001589551877
336000, 0.3275230743, 0.0001589551877
337000, 0.327270365, 0.0001589551877
338000, 0.3270190151, 0.0001589551877
339000, 0.3267691324, 0.0001589551877
340000, 0.3265206105, 0.0001589551877
341000, 0.3262734286, 0.0001589551877
342000, 0.3260276498, 0.0001589551877
343000, 0.3257832014, 0.0001589551877
344000, 0.325540058, 0.0001589551877
345000, 0.3252982939, 0.0001589551877
346000, 0.3250578521, 0.0001589551877
347000, 0.3248186627, 0.0001589551877
348000, 0.3245808272, 0.0001589551877
349000, 0.3243442623, 0.0001589551877
350000, 0.3241089229, 0.0001589551877
351000, 0.3238748935, 0.0001589551877
352000, 0.3236421239, 0.0001589551877
353000, 0.3234105638, 0.0001589551877
354000, 0.3231802727, 0.0001589551877
355000, 0.3229512182, 0.0001589551877
356000, 0.322723318, 0.0001589551877
357000, 0.3224966702, 0.0001589551877
358000, 0.3222712137, 0.0001589551877
359000, 0.3220469006, 0.0001589551877
360000, 0.3218238275, 0.0001589551877
361000, 0.3216019009, 0.0001589551877
362000, 0.3213811037, 0.0001589551877
363000, 0.3211614928, 0.0001589551877
364000, 0.3209430047, 0.0001589551877
365000, 0.3207256177, 0.0001589551877
366000, 0.320509399, 0.0001589551877
367000, 0.3202942988, 0.0001589551877
368000, 0.3200802559, 0.0001589551877
369000, 0.3198673617, 0.0001589551877
370000, 0.3196555429, 0.0001589551877
371000, 0.3194447603, 0.0001589551877
372000, 0.3192350901, 0.0001589551877
373000, 0.3190264884, 0.0001589551877
374000, 0.3188189114, 0.0001589551877
375000, 0.3186124129, 0.0001589551877
376000, 0.318406965, 0.0001589551877
377000, 0.3182024951, 0.0001589551877
378000, 0.3179990915, 0.0001589551877
379000, 0.3177967007, 0.0001589551877
380000, 0.3175952806, 0.0001589551877
381000, 0.3173949183, 0.0001589551877
382000, 0.3171955311, 0.0001589551877
383000, 0.3169971047, 0.0001589551877
384000, 0.3167996905, 0.0001589551877
385000, 0.3166032326, 0.0001589551877
386000, 0.3164077124, 0.0001589551877
387000, 0.3162131907, 0.0001589551877
388000, 0.3160196237, 0.0001589551877
389000, 0.3158269575, 0.0001589551877
390000, 0.3156352745, 0.0001589551877
391000, 0.3154445097, 0.0001589551877
392000, 0.315254629, 0.0001589551877
393000, 0.3150657011, 0.0001589551877
394000, 0.3148776875, 0.0001589551877
395000, 0.3146905496, 0.0001589551877
396000, 0.3145043363, 0.0001589551877
397000, 0.3143190231, 0.0001589551877
398000, 0.3141345458, 0.0001589551877
399000, 0.3139509842, 0.0001589551877
400000, 0.3137682908, 0.0001589551877
401000, 0.3135864285, 0.0001589551877
402000, 0.3134054762, 0.0001589551877
403000, 0.3132253603, 0.0001589551877
404000, 0.3130460683, 0.0001589551877
405000, 0.3128676474, 0.0001589551877
406000, 0.3126900475, 0.0001589551877
407000, 0.3125132527, 0.0001589551877
408000, 0.3123373184, 0.0001589551877
409000, 0.3121622054, 0.0001589551877
410000, 0.3119878662, 0.0001589551877
411000, 0.3118143753, 0.0001589551877
412000, 0.3116416747, 0.0001589551877
413000, 0.3114697342, 0.0001589551877
414000, 0.3112986166, 0.0001589551877
415000, 0.3111282873, 0.0001589551877
416000, 0.3109587122, 0.0001589551877
417000, 0.310789936, 0.0001589551877
418000, 0.310621937, 0.0001589551877
419000, 0.3104546579, 0.0001589551877
420000, 0.3102881712, 0.0001589551877
421000, 0.3101224344, 0.0001589551877
422000, 0.3099574148, 0.0001589551877
423000, 0.3097931839, 0.0001589551877
424000, 0.3096296756, 0.0001589551877
425000, 0.3094668793, 0.0001589551877
426000, 0.3093048381, 0.0001589551877
427000, 0.3091435073, 0.0001589551877
428000, 0.3089828726, 0.0001589551877
429000, 0.3088229849, 0.0001589551877
430000, 0.3086638091, 0.0001589551877
431000, 0.3085053027, 0.0001589551877
432000, 0.3083475335, 0.0001589551877
433000, 0.3081904495, 0.0001589551877
434000, 0.3080340237, 0.0001589551877
435000, 0.3078783135, 0.0001589551877
436000, 0.307723288, 0.0001589551877
437000, 0.3075689166, 0.0001589551877
438000, 0.3074152403, 0.0001589551877
439000, 0.3072622398, 0.0001589551877
440000, 0.3071098637, 0.0001589551877
441000, 0.306958178, 0.0001589551877
442000, 0.3068071445, 0.0001589551877
443000, 0.306656734, 0.0001589551877
444000, 0.3065070117, 0.0001589551877
445000, 0.306357918, 0.0001589551877
446000, 0.3062094439, 0.0001589551877
447000, 0.3060616287, 0.0001589551877
448000, 0.305914432, 0.0001589551877
449000, 0.3057678415, 0.0001589551877
450000, 0.3056219037, 0.0001589551877
451000, 0.305476587, 0.0001589551877
452000, 0.3053318532, 0.0001589551877
453000, 0.3051877642, 0.0001589551877
454000, 0.3050442731, 0.0001589551877
455000, 0.3049013559, 0.0001589551877
456000, 0.3047590648, 0.0001589551877
457000, 0.3046173721, 0.0001589551877
458000, 0.3044762505, 0.0001589551877
459000, 0.3043357376, 0.0001589551877
460000, 0.3041958159, 0.0001589551877
461000, 0.3040564392, 0.0001589551877
462000, 0.3039176679, 0.0001589551877
463000, 0.3037794673, 0.0001589551877
464000, 0.3036418114, 0.0001589551877
465000, 0.3035047598, 0.0001589551877
466000, 0.3033682585, 0.0001589551877
467000, 0.3032322995, 0.0001589551877
468000, 0.303096919, 0.0001589551877
469000, 0.3029620805, 0.0001589551877
470000, 0.3028277731, 0.0001589551877
471000, 0.3026940394, 0.0001589551877
472000, 0.3025608508, 0.0001589551877
473000, 0.3024281729, 0.0001589551877
474000, 0.3022960624, 0.0001589551877
475000, 0.3021644768, 0.0001589551877
476000, 0.3020333943, 0.0001589551877
477000, 0.3019028632, 0.0001589551877
478000, 0.3017728581, 0.0001589551877
479000, 0.3016433545, 0.0001589551877
480000, 0.3015143869, 0.0001589551877
481000, 0.3013859397, 0.0001589551877
482000, 0.301257971, 0.0001589551877
483000, 0.301130536, 0.0001589551877
484000, 0.3010036035, 0.0001589551877
485000, 0.3008771498, 0.0001589551877
486000, 0.3007512297, 0.0001589551877
487000, 0.300625794, 0.0001589551877
488000, 0.3005008358, 0.0001589551877
489000, 0.3003763884, 0.0001589551877
490000, 0.3002524186, 0.0001589551877
491000, 0.3001289165, 0.0001589551877
492000, 0.3000059215, 0.0001589551877
493000, 0.2998834077, 0.0001589551877
494000, 0.2997613437, 0.0001589551877
495000, 0.2996397818, 0.0001589551877
496000, 0.299518683, 0.0001589551877
497000, 0.2993980279, 0.0001589551877
498000, 0.2992778608, 0.0001589551877
499000, 0.2991581587, 0.0001589551877
500000, 0.2990388992, 0.0001589551877
501000, 0.2989201144, 0.0001589551877
502000, 0.29880179, 0.0001589551877
503000, 0.2986838878, 0.0001589551877
504000, 0.2985664588, 0.0001589551877
505000, 0.2984494744, 0.0001589551877
506000, 0.2983329132, 0.0001589551877
507000, 0.2982168256, 0.0001589551877
508000, 0.2981011666, 0.0001589551877
509000, 0.2979859302, 0.0001589551877
510000, 0.297871147, 0.0001589551877
511000, 0.2977567868, 0.0001589551877
512000, 0.2976428408, 0.0001589551877
513000, 0.2975293452, 0.0001589551877
514000, 0.2974162764, 0.0001589551877
515000, 0.2973036059, 0.0001589551877
516000, 0.2971913818, 0.0001589551877
517000, 0.2970795685, 0.0001589551877
518000, 0.2969681483, 0.0001589551877
519000, 0.2968571621, 0.0001589551877
520000, 0.296746589, 0.0001589551877
521000, 0.2966364086, 0.0001589551877
522000, 0.2965266504, 0.0001589551877
523000, 0.2964173016, 0.0001589551877
524000, 0.2963083272, 0.0001589551877
525000, 0.2961997743, 0.0001589551877
526000, 0.2960916167, 0.0001589551877
527000, 0.2959838348, 0.0001589551877
528000, 0.2958764753, 0.0001589551877
529000, 0.295769497, 0.0001589551877
530000, 0.2956628942, 0.0001589551877
531000, 0.2955566957, 0.0001589551877
532000, 0.2954508735, 0.0001589551877
533000, 0.2953454196, 0.0001589551877
534000, 0.2952403679, 0.0001589551877
535000, 0.2951356965, 0.0001589551877
536000, 0.2950313793, 0.0001589551877
537000, 0.2949274609, 0.0001589551877
538000, 0.2948239086, 0.0001589551877
539000, 0.2947207062, 0.0001589551877
540000, 0.2946178916, 0.0001589551877
541000, 0.2945154455, 0.0001589551877
542000, 0.2944133494, 0.0001589551877
543000, 0.2943116308, 0.0001589551877
544000, 0.2942102777, 0.0001589551877
545000, 0.2941092582, 0.0001589551877
546000, 0.2940086157, 0.0001589551877
547000, 0.2939083263, 0.0001589551877
548000, 0.2938083721, 0.0001589551877
549000, 0.2937087961, 0.0001589551877
550000, 0.2936095606, 0.0001589551877
551000, 0.2935106605, 0.0001589551877
552000, 0.2934121224, 0.0001589551877
553000, 0.2933139205, 0.0001589551877
554000, 0.2932160478, 0.0001589551877
555000, 0.2931185356, 0.0001589551877
556000, 0.2930213637, 0.0001589551877
557000, 0.2929245082, 0.0001589551877
558000, 0.2928280105, 0.0001589551877
559000, 0.2927318404, 0.0001589551877
560000, 0.2926359831, 0.0001589551877
561000, 0.2925404738, 0.0001589551877
562000, 0.2924452947, 0.0001589551877
563000, 0.2923504288, 0.0001589551877
564000, 0.2922559016, 0.0001589551877
565000, 0.2921617023, 0.0001589551877
566000, 0.2920678014, 0.0001589551877
567000, 0.2919742392, 0.0001589551877
568000, 0.2918809936, 0.0001589551877
569000, 0.2917880483, 0.0001589551877
570000, 0.2916954431, 0.0001589551877
571000, 0.2916031432, 0.0001589551877
572000, 0.2915111441, 0.0001589551877
573000, 0.2914194704, 0.0001589551877
574000, 0.2913280985, 0.0001589551877
575000, 0.2912370218, 0.0001589551877
576000, 0.2911462695, 0.0001589551877
577000, 0.291055823, 0.0001589551877
578000, 0.2909656604, 0.0001589551877
579000, 0.2908758199, 0.0001589551877
580000, 0.2907862738, 0.0001589551877
581000, 0.2906970083, 0.0001589551877
582000, 0.2906080564, 0.0001589551877
583000, 0.2905194015, 0.0001589551877
584000, 0.290431028, 0.0001589551877
585000, 0.2903429597, 0.0001589551877
586000, 0.2902551865, 0.0001589551877
587000, 0.2901676813, 0.0001589551877
588000, 0.2900804815, 0.0001589551877
589000, 0.2899935668, 0.0001589551877
590000, 0.289906922, 0.0001589551877
591000, 0.2898205843, 0.0001589551877
592000, 0.2897345214, 0.0001589551877
593000, 0.2896487291, 0.0001589551877
594000, 0.2895632307, 0.0001589551877
595000, 0.289478004, 0.0001589551877
596000, 0.289393043, 0.0001589551877
597000, 0.2893083751, 0.0001589551877
598000, 0.2892239831, 0.0001589551877
599000, 0.2891398465, 0.0001589551877
600000, 0.2890560012, 0.0001589551877
601000, 0.2889724213, 0.0001589551877
602000, 0.2888890941, 0.0001589551877
603000, 0.2888060504, 0.0001589551877
604000, 0.2887232749, 0.0001589551877
605000, 0.2886407532, 0.0001589551877
606000, 0.2885585074, 0.0001589551877
607000, 0.2884765282, 0.0001589551877
608000, 0.2883947905, 0.0001589551877
609000, 0.2883133294, 0.0001589551877
610000, 0.2882321256, 0.0001589551877
611000, 0.2881511654, 0.0001589551877
612000, 0.2880704835, 0.0001589551877
613000, 0.2879900497, 0.0001589551877
614000, 0.2879098604, 0.0001589551877
615000, 0.2878299372, 0.0001589551877
616000, 0.2877502596, 0.0001589551877
617000, 0.2876708221, 0.0001589551877
618000, 0.2875916503, 0.0001589551877
619000, 0.2875127281, 0.0001589551877
620000, 0.2874340366, 0.0001589551877
621000, 0.2873556093, 0.0001589551877
622000, 0.2872774222, 0.0001589551877
623000, 0.2871994635, 0.0001589551877
624000, 0.287121762, 0.0001589551877
625000, 0.2870443034, 0.0001589551877
626000, 0.2869670744, 0.0001589551877
627000, 0.2868900957, 0.0001589551877
628000, 0.2868133587, 0.0001589551877
629000, 0.2867368401, 0.0001589551877
630000, 0.2866605726, 0.0001589551877
631000, 0.2865845384, 0.0001589551877
632000, 0.2865087247, 0.0001589551877
633000, 0.286433164, 0.0001589551877
634000, 0.2863578281, 0.0001589551877
635000, 0.2862827137, 0.0001589551877
636000, 0.2862078412, 0.0001589551877
637000, 0.2861331913, 0.0001589551877
638000, 0.2860587591, 0.0001589551877
639000, 0.2859845684, 0.0001589551877
640000, 0.2859106044, 0.0001589551877
641000, 0.2858368495, 0.0001589551877
642000, 0.285763335, 0.0001589551877
643000, 0.2856900384, 0.0001589551877
644000, 0.285616949, 0.0001589551877
645000, 0.2855440936, 0.0001589551877
646000, 0.285471459, 0.0001589551877
647000, 0.2853990328, 0.0001589551877
648000, 0.2853268344, 0.0001589551877
649000, 0.2852548557, 0.0001589551877
650000, 0.2851830752, 0.0001589551877
651000, 0.2851115234, 0.0001589551877
652000, 0.2850401837, 0.0001589551877
653000, 0.2849690443, 0.0001589551877
654000, 0.2848981354, 0.0001589551877
655000, 0.2848274309, 0.0001589551877
656000, 0.2847569279, 0.0001589551877
657000, 0.2846866451, 0.0001589551877
658000, 0.284616565, 0.0001589551877
659000, 0.2845466827, 0.0001589551877
660000, 0.2844770208, 0.0001589551877
661000, 0.2844075652, 0.0001589551877
662000, 0.2843382997, 0.0001589551877
663000, 0.2842692537, 0.0001589551877
664000, 0.284200406, 0.0001589551877
665000, 0.2841317467, 0.0001589551877
666000, 0.2840633011, 0.0001589551877
667000, 0.2839950566, 0.0001589551877
668000, 0.2839270018, 0.0001589551877
669000, 0.283859155, 0.0001589551877
670000, 0.2837915086, 0.0001589551877
671000, 0.2837240425, 0.0001589551877
672000, 0.2836567853, 0.0001589551877
673000, 0.2835897215, 0.0001589551877
674000, 0.2835228401, 0.0001589551877
675000, 0.2834561695, 0.0001589551877
676000, 0.2833896852, 0.0001589551877
677000, 0.2833233846, 0.0001589551877
678000, 0.2832572854, 0.0001589551877
679000, 0.2831913709, 0.0001589551877
680000, 0.2831256368, 0.0001589551877
681000, 0.2830601043, 0.0001589551877
682000, 0.2829947602, 0.0001589551877
683000, 0.2829295895, 0.0001589551877
684000, 0.2828646195, 0.0001589551877
685000, 0.2827998307, 0.0001589551877
686000, 0.2827352136, 0.0001589551877
687000, 0.2826707921, 0.0001589551877
688000, 0.2826065545, 0.0001589551877
689000, 0.28254249, 0.0001589551877
690000, 0.2824786159, 0.0001589551877
691000, 0.2824149251, 0.0001589551877
692000, 0.2823513987, 0.0001589551877
693000, 0.2822880636, 0.0001589551877
694000, 0.2822249055, 0.0001589551877
695000, 0.2821619139, 0.0001589551877
696000, 0.2820991156, 0.0001589551877
697000, 0.2820364876, 0.0001589551877
698000, 0.2819740275, 0.0001589551877
699000, 0.2819117519, 0.0001589551877
700000, 0.2818496453, 0.0001589551877
701000, 0.2817877036, 0.0001589551877
702000, 0.2817259469, 0.0001589551877
703000, 0.2816643626, 0.0001589551877
704000, 0.2816029368, 0.0001589551877
705000, 0.2815416952, 0.0001589551877
706000, 0.2814806194, 0.0001589551877
707000, 0.2814197007, 0.0001589551877
708000, 0.2813589614, 0.0001589551877
709000, 0.2812983907, 0.0001589551877
710000, 0.2812379784, 0.0001589551877
711000, 0.2811777408, 0.0001589551877
712000, 0.2811176712, 0.0001589551877
713000, 0.2810577521, 0.0001589551877
714000, 0.2809980087, 0.0001589551877
715000, 0.2809384274, 0.0001589551877
716000, 0.2808789987, 0.0001589551877
717000, 0.2808197475, 0.0001589551877
718000, 0.2807606526, 0.0001589551877
719000, 0.2807017114, 0.0001589551877
720000, 0.2806429398, 0.0001589551877
721000, 0.2805843231, 0.0001589551877
722000, 0.2805258576, 0.0001589551877
723000, 0.2804675621, 0.0001589551877
724000, 0.280409425, 0.0001589551877
725000, 0.280351433, 0.0001589551877
726000, 0.2802936104, 0.0001589551877
727000, 0.2802359401, 0.0001589551877
728000, 0.2801784137, 0.0001589551877
729000, 0.2801210524, 0.0001589551877
730000, 0.280063846, 0.0001589551877
731000, 0.2800067849, 0.0001589551877
732000, 0.2799498845, 0.0001589551877
733000, 0.2798931385, 0.0001589551877
734000, 0.2798365305, 0.0001589551877
735000, 0.2797800843, 0.0001589551877
736000, 0.279723787, 0.0001589551877
737000, 0.2796676298, 0.0001589551877
738000, 0.2796116362, 0.0001589551877
739000, 0.279555786, 0.0001589551877
740000, 0.2795000771, 0.0001589551877
741000, 0.2794445244, 0.0001589551877
742000, 0.2793891141, 0.0001589551877
743000, 0.2793338427, 0.0001589551877
744000, 0.2792787279, 0.0001589551877
745000, 0.2792237589, 0.0001589551877
746000, 0.2791689232, 0.0001589551877
747000, 0.2791142438, 0.0001589551877
748000, 0.2790597043, 0.0001589551877
749000, 0.2790052971, 0.0001589551877
750000, 0.2789510421, 0.0001589551877
751000, 0.2788969297, 0.0001589551877
752000, 0.2788429509, 0.0001589551877
753000, 0.2787891204, 0.0001589551877
754000, 0.2787354321, 0.0001589551877
755000, 0.2786818706, 0.0001589551877
756000, 0.2786284584, 0.0001589551877
757000, 0.2785751834, 0.0001589551877
758000, 0.2785220371, 0.0001589551877
759000, 0.2784690421, 0.0001589551877
760000, 0.278416179, 0.0001589551877
761000, 0.2783634461, 0.0001589551877
762000, 0.2783108573, 0.0001589551877
763000, 0.2782583997, 0.0001589551877
764000, 0.27820607, 0.0001589551877
765000, 0.278153885, 0.0001589551877
766000, 0.2781018344, 0.0001589551877
767000, 0.2780499064, 0.0001589551877
768000, 0.2779981229, 0.0001589551877
769000, 0.2779464685, 0.0001589551877
770000, 0.2778949358, 0.0001589551877
771000, 0.2778435438, 0.0001589551877
772000, 0.2777922834, 0.0001589551877
773000, 0.2777411462, 0.0001589551877
774000, 0.2776901459, 0.0001589551877
775000, 0.2776392769, 0.0001589551877
776000, 0.2775885248, 0.0001589551877
777000, 0.2775379106, 0.0001589551877
778000, 0.2774874232, 0.0001589551877
779000, 0.2774370544, 0.0001589551877
780000, 0.2773868255, 0.0001589551877
781000, 0.2773367185, 0.0001589551877
782000, 0.2772867315, 0.0001589551877
783000, 0.2772368779, 0.0001589551877
784000, 0.2771871454, 0.0001589551877
785000, 0.2771375308, 0.0001589551877
786000, 0.2770880502, 0.0001589551877
787000, 0.2770386939, 0.0001589551877
788000, 0.2769894507, 0.0001589551877
789000, 0.2769403412, 0.0001589551877
790000, 0.2768913509, 0.0001589551877
791000, 0.2768424731, 0.0001589551877
792000, 0.2767937255, 0.0001589551877
793000, 0.2767450996, 0.0001589551877
794000, 0.2766965874, 0.0001589551877
795000, 0.2766482021, 0.0001589551877
796000, 0.2765999383, 0.0001589551877
797000, 0.2765517822, 0.0001589551877
798000, 0.2765037541, 0.0001589551877
799000, 0.2764558431, 0.0001589551877
800000, 0.2764080418, 0.0001589551877
801000, 0.2763603702, 0.0001589551877
802000, 0.2763128113, 0.0001589551877
803000, 0.2762653633, 0.0001589551877
804000, 0.276218039, 0.0001589551877
805000, 0.2761708267, 0.0001589551877
806000, 0.2761237234, 0.0001589551877
807000, 0.2760767445, 0.0001589551877
808000, 0.2760298805, 0.0001589551877
809000, 0.2759831212, 0.0001589551877
810000, 0.2759364859, 0.0001589551877
811000, 0.275889961, 0.0001589551877
812000, 0.27584354, 0.0001589551877
813000, 0.2757972399, 0.0001589551877
814000, 0.2757510525, 0.0001589551877
815000, 0.2757049704, 0.0001589551877
816000, 0.275659006, 0.0001589551877
817000, 0.2756131542, 0.0001589551877
818000, 0.2755674021, 0.0001589551877
819000, 0.2755217687, 0.0001589551877
820000, 0.275476244, 0.0001589551877
821000, 0.2754308207, 0.0001589551877
822000, 0.2753855179, 0.0001589551877
823000, 0.2753403196, 0.0001589551877
824000, 0.275295224, 0.0001589551877
825000, 0.2752502432, 0.0001589551877
826000, 0.2752053662, 0.0001589551877
827000, 0.2751605903, 0.0001589551877
828000, 0.2751159299, 0.0001589551877
829000, 0.2750713762, 0.0001589551877
830000, 0.2750269194, 0.0001589551877
831000, 0.2749825779, 0.0001589551877
832000, 0.2749383387, 0.0001589551877
833000, 0.2748941959, 0.0001589551877
834000, 0.2748501654, 0.0001589551877
835000, 0.2748062395, 0.0001589551877
836000, 0.2747624113, 0.0001589551877
837000, 0.2747186924, 0.0001589551877
838000, 0.2746750782, 0.0001589551877
839000, 0.2746315563, 0.0001589551877
840000, 0.2745881448, 0.0001589551877
841000, 0.2745448342, 0.0001589551877
842000, 0.2745016177, 0.0001589551877
843000, 0.2744585133, 0.0001589551877
844000, 0.2744155059, 0.0001589551877
845000, 0.2743725939, 0.0001589551877
846000, 0.2743297886, 0.0001589551877
847000, 0.2742870798, 0.0001589551877
848000, 0.2742444648, 0.0001589551877
849000, 0.2742019572, 0.0001589551877
850000, 0.2741595489, 0.0001589551877
851000, 0.2741172304, 0.0001589551877
852000, 0.2740750194, 0.0001589551877
853000, 0.2740329034, 0.0001589551877
854000, 0.2739908768, 0.0001589551877
855000, 0.2739489548, 0.0001589551877
856000, 0.2739071302, 0.0001589551877
857000, 0.2738653962, 0.0001589551877
858000, 0.273823764, 0.0001589551877
859000, 0.2737822293, 0.0001589551877
860000, 0.2737407801, 0.0001589551877
861000, 0.273699434, 0.0001589551877
862000, 0.2736581816, 0.0001589551877
863000, 0.2736170166, 0.0001589551877
864000, 0.2735759562, 0.0001589551877
865000, 0.273534986, 0.0001589551877
866000, 0.2734941044, 0.0001589551877
867000, 0.2734533223, 0.0001589551877
868000, 0.27341263, 0.0001589551877
869000, 0.2733720248, 0.0001589551877
870000, 0.2733315199, 0.0001589551877
871000, 0.2732911073, 0.0001589551877
872000, 0.2732507782, 0.0001589551877
873000, 0.2732105494, 0.0001589551877
874000, 0.2731704091, 0.0001589551877
875000, 0.2731303518, 0.0001589551877
876000, 0.2730903921, 0.0001589551877
877000, 0.2730505231, 0.0001589551877
878000, 0.2730107385, 0.0001589551877
879000, 0.2729710489, 0.0001589551877
880000, 0.2729314499, 0.0001589551877
881000, 0.2728919307, 0.0001589551877
882000, 0.2728525075, 0.0001589551877
883000, 0.2728131717, 0.0001589551877
884000, 0.2727739172, 0.0001589551877
885000, 0.2727347605, 0.0001589551877
886000, 0.2726956876, 0.0001589551877
887000, 0.2726566973, 0.0001589551877
888000, 0.2726178, 0.0001589551877
889000, 0.2725789862, 0.0001589551877
890000, 0.2725402536, 0.0001589551877
891000, 0.2725016147, 0.0001589551877
892000, 0.2724630618, 0.0001589551877
893000, 0.2724245868, 0.0001589551877
894000, 0.2723862053, 0.0001589551877
895000, 0.2723479064, 0.0001589551877
896000, 0.2723096848, 0.0001589551877
897000, 0.2722715545, 0.0001589551877
898000, 0.2722335087, 0.0001589551877
899000, 0.2721955415, 0.0001589551877
900000, 0.2721576631, 0.0001589551877
901000, 0.2721198694, 0.0001589551877
902000, 0.2720821498, 0.0001589551877
903000, 0.2720445201, 0.0001589551877
904000, 0.2720069719, 0.0001589551877
905000, 0.2719694995, 0.0001589551877
906000, 0.2719321185, 0.0001589551877
907000, 0.2718948158, 0.0001589551877
908000, 0.2718575901, 0.0001589551877
909000, 0.2718204514, 0.0001589551877
910000, 0.2717833905, 0.0001589551877
911000, 0.2717464054, 0.0001589551877
912000, 0.2717095079, 0.0001589551877
913000, 0.2716726909, 0.0001589551877
914000, 0.2716359463, 0.0001589551877
915000, 0.2715992894, 0.0001589551877
916000, 0.2715627096, 0.0001589551877
917000, 0.2715262018, 0.0001589551877
918000, 0.2714897794, 0.0001589551877
919000, 0.2714534361, 0.0001589551877
920000, 0.2714171661, 0.0001589551877
921000, 0.2713809792, 0.0001589551877
922000, 0.2713448715, 0.0001589551877
923000, 0.2713088329, 0.0001589551877
924000, 0.2712728785, 0.0001589551877
925000, 0.2712370002, 0.0001589551877
926000, 0.2712011927, 0.0001589551877
927000, 0.2711654708, 0.0001589551877
928000, 0.2711298221, 0.0001589551877
929000, 0.2710942453, 0.0001589551877
930000, 0.2710587499, 0.0001589551877
931000, 0.2710233273, 0.0001589551877
932000, 0.2709879755, 0.0001589551877
933000, 0.2709527058, 0.0001589551877
934000, 0.2709175113, 0.0001589551877
935000, 0.2708823845, 0.0001589551877
936000, 0.2708473399, 0.0001589551877
937000, 0.2708123673, 0.0001589551877
938000, 0.270777462, 0.0001589551877
939000, 0.2707426368, 0.0001589551877
940000, 0.2707078856, 0.0001589551877
941000, 0.2706732029, 0.0001589551877
942000, 0.2706385981, 0.0001589551877
943000, 0.2706040673, 0.0001589551877
944000, 0.2705696012, 0.0001589551877
945000, 0.270535214, 0.0001589551877
946000, 0.270500898, 0.0001589551877
947000, 0.2704666483, 0.0001589551877
948000, 0.2704324788, 0.0001589551877
949000, 0.2703983778, 0.0001589551877
950000, 0.2703643441, 0.0001589551877
951000, 0.2703303867, 0.0001589551877
952000, 0.2702964975, 0.0001589551877
953000, 0.2702626745, 0.0001589551877
954000, 0.2702289285, 0.0001589551877
955000, 0.270195253, 0.0001589551877
956000, 0.2701616408, 0.0001589551877
957000, 0.2701281057, 0.0001589551877
958000, 0.270094638, 0.0001589551877
959000, 0.2700612333, 0.0001589551877
960000, 0.2700279038, 0.0001589551877
961000, 0.2699946436, 0.0001589551877
962000, 0.2699614475, 0.0001589551877
963000, 0.2699283246, 0.0001589551877
964000, 0.2698952711, 0.0001589551877
965000, 0.269862278, 0.0001589551877
966000, 0.269829359, 0.0001589551877
967000, 0.2697965068, 0.0001589551877
968000, 0.2697637166, 0.0001589551877
969000, 0.2697310018, 0.0001589551877
970000, 0.2696983512, 0.0001589551877
971000, 0.2696657635, 0.0001589551877
972000, 0.2696332476, 0.0001589551877
973000, 0.2696007956, 0.0001589551877
974000, 0.2695684055, 0.0001589551877
975000, 0.2695360879, 0.0001589551877
976000, 0.2695038363, 0.0001589551877
977000, 0.2694716441, 0.0001589551877
978000, 0.2694395243, 0.0001589551877
979000, 0.2694074677, 0.0001589551877
980000, 0.2693754702, 0.0001589551877
981000, 0.2693435432, 0.0001589551877
982000, 0.2693116813, 0.0001589551877
983000, 0.2692798796, 0.0001589551877
984000, 0.2692481465, 0.0001589551877
985000, 0.2692164787, 0.0001589551877
986000, 0.2691848674, 0.0001589551877
987000, 0.2691533258, 0.0001589551877
988000, 0.2691218469, 0.0001589551877
989000, 0.2690904261, 0.0001589551877
990000, 0.2690590763, 0.0001589551877
991000, 0.2690277866, 0.0001589551877
992000, 0.268996556, 0.0001589551877
993000, 0.2689653929, 0.0001589551877
994000, 0.2689342897, 0.0001589551877
995000, 0.2689032447, 0.0001589551877
996000, 0.2688722677, 0.0001589551877
997000, 0.2688413529, 0.0001589551877
998000, 0.2688104937, 0.0001589551877
999000, 0.2687797026, 0.0001589551877
1000000, 0.268748971, 0.0001589551877
1001000, 0.2687182946, 0.0001589551877
1002000, 0.2686876847, 0.0001589551877
1003000, 0.268657136, 0.0001589551877
1004000, 0.2686266437, 0.0001589551877
1005000, 0.268596216, 0.0001589551877
1006000, 0.2685658496, 0.0001589551877
1007000, 0.2685355363, 0.0001589551877
1008000, 0.2685052886, 0.0001589551877
1009000, 0.2684750997, 0.0001589551877
1010000, 0.2684449654, 0.0001589551877
1011000, 0.268414898, 0.0001589551877
1012000, 0.2683848871, 0.0001589551877
1013000, 0.2683549317, 0.0001589551877
1014000, 0.2683250398, 0.0001589551877
1015000, 0.2682952042, 0.0001589551877
1016000, 0.2682654232, 0.0001589551877
1017000, 0.2682357064, 0.0001589551877
1018000, 0.268206048, 0.0001589551877
1019000, 0.2681764418, 0.0001589551877
1020000, 0.2681468998, 0.0001589551877
1021000, 0.2681174137, 0.0001589551877
1022000, 0.2680879795, 0.0001589551877
1023000, 0.2680586079, 0.0001589551877
1024000, 0.2680292939, 0.0001589551877
1025000, 0.2680000329, 0.0001589551877
1026000, 0.2679708327, 0.0001589551877
1027000, 0.2679416903, 0.0001589551877
1028000, 0.2679125977, 0.0001589551877
1029000, 0.2678835669, 0.0001589551877
1030000, 0.2678545915, 0.0001589551877
1031000, 0.2678256674, 0.0001589551877
1032000, 0.2677968063, 0.0001589551877
1033000, 0.2677679984, 0.0001589551877
1034000, 0.2677392427, 0.0001589551877
1035000, 0.2677105469, 0.0001589551877
1036000, 0.267681904, 0.0001589551877
1037000, 0.2676533125, 0.0001589551877
1038000, 0.2676247815, 0.0001589551877
1039000, 0.2675963055, 0.0001589551877
1040000, 0.2675678786, 0.0001589551877
1041000, 0.2675395123, 0.0001589551877
1042000, 0.2675111985, 0.0001589551877
1043000, 0.2674829336, 0.0001589551877
1044000, 0.2674547277, 0.0001589551877
1045000, 0.267426576, 0.0001589551877
1046000, 0.2673984742, 0.0001589551877
1047000, 0.2673704298, 0.0001589551877
1048000, 0.2673424398, 0.0001589551877
1049000, 0.2673144967, 0.0001589551877
1050000, 0.2672866119, 0.0001589551877
1051000, 0.2672587793, 0.0001589551877
1052000, 0.2672309949, 0.0001589551877
1053000, 0.26720327, 0.0001589551877
1054000, 0.2671755952, 0.0001589551877
1055000, 0.2671479696, 0.0001589551877
1056000, 0.2671204004, 0.0001589551877
1057000, 0.2670928812, 0.0001589551877
1058000, 0.2670654103, 0.0001589551877
1059000, 0.2670379965, 0.0001589551877
1060000, 0.2670106346, 0.0001589551877
1061000, 0.2669833189, 0.0001589551877
1062000, 0.2669560604, 0.0001589551877
1063000, 0.2669288514, 0.0001589551877
1064000, 0.2669016884, 0.0001589551877
1065000, 0.2668745811, 0.0001589551877
1066000, 0.266847525, 0.0001589551877
1067000, 0.2668205159, 0.0001589551877
1068000, 0.266793561, 0.0001589551877
1069000, 0.2667666574, 0.0001589551877
1070000, 0.2667397979, 0.0001589551877
1071000, 0.2667129934, 0.0001589551877
1072000, 0.2666862383, 0.0001589551877
1073000, 0.2666595285, 0.0001589551877
1074000, 0.266632875, 0.0001589551877
1075000, 0.2666062687, 0.0001589551877
1076000, 0.2665797088, 0.0001589551877
1077000, 0.2665532022, 0.0001589551877
1078000, 0.2665267426, 0.0001589551877
1079000, 0.2665003287, 0.0001589551877
1080000, 0.2664739687, 0.0001589551877
1081000, 0.2664476577, 0.0001589551877
1082000, 0.2664213902, 0.0001589551877
1083000, 0.2663951768, 0.0001589551877
1084000, 0.2663690101, 0.0001589551877
1085000, 0.2663428868, 0.0001589551877
1086000, 0.2663168161, 0.0001589551877
1087000, 0.2662907937, 0.0001589551877
1088000, 0.2662648157, 0.0001589551877
1089000, 0.2662388889, 0.0001589551877
1090000, 0.2662130105, 0.0001589551877
1091000, 0.2661871737, 0.0001589551877
1092000, 0.266161389, 0.0001589551877
1093000, 0.2661356508, 0.0001589551877
1094000, 0.2661099554, 0.0001589551877
1095000, 0.2660843133, 0.0001589551877
1096000, 0.2660587157, 0.0001589551877
1097000, 0.2660331619, 0.0001589551877
1098000, 0.2660076585, 0.0001589551877
1099000, 0.2659821995, 0.0001589551877
1100000, 0.2659567835, 0.0001589551877
1101000, 0.2659314186, 0.0001589551877
1102000, 0.2659061, 0.0001589551877
1103000, 0.2658808224, 0.0001589551877
1104000, 0.265855596, 0.0001589551877
1105000, 0.2658304138, 0.0001589551877
1106000, 0.2658052724, 0.0001589551877
1107000, 0.2657801809, 0.0001589551877
1108000, 0.265755135, 0.0001589551877
1109000, 0.265730131, 0.0001589551877
1110000, 0.2657051754, 0.0001589551877
1111000, 0.2656802657, 0.0001589551877
1112000, 0.2656553951, 0.0001589551877
1113000, 0.2656305739, 0.0001589551877
1114000, 0.2656057966, 0.0001589551877
1115000, 0.2655810598, 0.0001589551877
1116000, 0.2655563734, 0.0001589551877
1117000, 0.265531729, 0.0001589551877
1118000, 0.265507126, 0.0001589551877
1119000, 0.2654825708, 0.0001589551877
1120000, 0.2654580575, 0.0001589551877
1121000, 0.2654335849, 0.0001589551877
1122000, 0.2654091606, 0.0001589551877
1123000, 0.2653847801, 0.0001589551877
1124000, 0.2653604383, 0.0001589551877
1125000, 0.2653361451, 0.0001589551877
1126000, 0.2653118936, 0.0001589551877
1127000, 0.2652876806, 0.0001589551877
1128000, 0.265263515, 0.0001589551877
1129000, 0.2652393924, 0.0001589551877
1130000, 0.2652153095, 0.0001589551877
1131000, 0.2651912724, 0.0001589551877
1132000, 0.2651672787, 0.0001589551877
1133000, 0.2651433221, 0.0001589551877
1134000, 0.2651194121, 0.0001589551877
1135000, 0.2650955438, 0.0001589551877
1136000, 0.2650717136, 0.0001589551877
1137000, 0.2650479313, 0.0001589551877
1138000, 0.2650241887, 0.0001589551877
1139000, 0.2650004852, 0.0001589551877
1140000, 0.264976827, 0.0001589551877
1141000, 0.2649532085, 0.0001589551877
1142000, 0.2649296285, 0.0001589551877
1143000, 0.2649060943, 0.0001589551877
1144000, 0.2648826015, 0.0001589551877
1145000, 0.2648591453, 0.0001589551877
1146000, 0.2648357352, 0.0001589551877
1147000, 0.2648123645, 0.0001589551877
1148000, 0.2647890303, 0.0001589551877
1149000, 0.2647657409, 0.0001589551877
1150000, 0.2647424924, 0.0001589551877
1151000, 0.2647192813, 0.0001589551877
1152000, 0.2646961138, 0.0001589551877
1153000, 0.2646729873, 0.0001589551877
1154000, 0.2646498958, 0.0001589551877
1155000, 0.2646268486, 0.0001589551877
1156000, 0.2646038409, 0.0001589551877
1157000, 0.2645808692, 0.0001589551877
1158000, 0.264557943, 0.0001589551877
1159000, 0.2645350544, 0.0001589551877
1160000, 0.2645122027, 0.0001589551877
1161000, 0.2644893941, 0.0001589551877
1162000, 0.264466623, 0.0001589551877
1163000, 0.2644438883, 0.0001589551877
1164000, 0.2644211971, 0.0001589551877
1165000, 0.2643985452, 0.0001589551877
1166000, 0.2643759279, 0.0001589551877
1167000, 0.2643533543, 0.0001589551877
1168000, 0.2643308181, 0.0001589551877
1169000, 0.2643083164, 0.0001589551877
1170000, 0.2642858573, 0.0001589551877
1171000, 0.2642634369, 0.0001589551877
1172000, 0.2642410519, 0.0001589551877
1173000, 0.2642187082, 0.0001589551877
1174000, 0.2641964035, 0.0001589551877
1175000, 0.2641741319, 0.0001589551877
1176000, 0.2641519024, 0.0001589551877
1177000, 0.2641297102, 0.0001589551877
1178000, 0.2641075522, 0.0001589551877
1179000, 0.2640854373, 0.0001589551877
1180000, 0.2640633582, 0.0001589551877
1181000, 0.264041314, 0.0001589551877
1182000, 0.2640193107, 0.0001589551877
1183000, 0.2639973429, 0.0001589551877
1184000, 0.2639754096, 0.0001589551877
1185000, 0.2639535177, 0.0001589551877
1186000, 0.263931663, 0.0001589551877
1187000, 0.2639098411, 0.0001589551877
1188000, 0.2638880607, 0.0001589551877
1189000, 0.2638663158, 0.0001589551877
1190000, 0.2638446035, 0.0001589551877
1191000, 0.2638229317, 0.0001589551877
1192000, 0.2638012966, 0.0001589551877
1193000, 0.2637796951, 0.0001589551877
1194000, 0.2637581329, 0.0001589551877
1195000, 0.2637366076, 0.0001589551877
1196000, 0.2637151136, 0.0001589551877
1197000, 0.2636936597, 0.0001589551877
1198000, 0.2636722412, 0.0001589551877
1199000, 0.263650855, 0.0001589551877
1200000, 0.2636295099, 0.0001589551877
1201000, 0.2636081987, 0.0001589551877
1202000, 0.2635869206, 0.0001589551877
1203000, 0.2635656814, 0.0001589551877
1204000, 0.2635444759, 0.0001589551877
1205000, 0.263523303, 0.0001589551877
1206000, 0.2635021695, 0.0001589551877
1207000, 0.2634810714, 0.0001589551877
1208000, 0.2634600043, 0.0001589551877
1209000, 0.2634389767, 0.0001589551877
1210000, 0.2634179828, 0.0001589551877
1211000, 0.2633970198, 0.0001589551877
1212000, 0.2633760953, 0.0001589551877
1213000, 0.2633552056, 0.0001589551877
1214000, 0.2633343478, 0.0001589551877
1215000, 0.2633135274, 0.0001589551877
1216000, 0.263292742, 0.0001589551877
1217000, 0.2632719864, 0.0001589551877
1218000, 0.2632512688, 0.0001589551877
1219000, 0.2632305848, 0.0001589551877
1220000, 0.2632099316, 0.0001589551877
1221000, 0.2631893174, 0.0001589551877
1222000, 0.2631687353, 0.0001589551877
1223000, 0.2631481848, 0.0001589551877
1224000, 0.2631276711, 0.0001589551877
1225000, 0.2631071895, 0.0001589551877
1226000, 0.2630867389, 0.0001589551877
1227000, 0.2630663257, 0.0001589551877
1228000, 0.2630459462, 0.0001589551877
1229000, 0.263025596, 0.0001589551877
1230000, 0.2630052835, 0.0001589551877
1231000, 0.2629850029, 0.0001589551877
1232000, 0.2629647517, 0.0001589551877
1233000, 0.2629445371, 0.0001589551877
1234000, 0.2629243557, 0.0001589551877
1235000, 0.2629042045, 0.0001589551877
1236000, 0.2628840888, 0.0001589551877
1237000, 0.2628640066, 0.0001589551877
1238000, 0.2628439524, 0.0001589551877
1239000, 0.2628239345, 0.0001589551877
1240000, 0.2628039486, 0.0001589551877
1241000, 0.2627839918, 0.0001589551877
1242000, 0.2627640723, 0.0001589551877
1243000, 0.2627441832, 0.0001589551877
1244000, 0.2627243241, 0.0001589551877
1245000, 0.2627045001, 0.0001589551877
1246000, 0.2626847066, 0.0001589551877
1247000, 0.2626649425, 0.0001589551877
1248000, 0.262645214, 0.0001589551877
1249000, 0.2626255175, 0.0001589551877
1250000, 0.262605849, 0.0001589551877
1251000, 0.2625862163, 0.0001589551877
1252000, 0.2625666139, 0.0001589551877
1253000, 0.2625470395, 0.0001589551877
1254000, 0.2625274999, 0.0001589551877
1255000, 0.2625079919, 0.0001589551877
1256000, 0.2624885125, 0.0001589551877
1257000, 0.262469067, 0.0001589551877
1258000, 0.2624496533, 0.0001589551877
1259000, 0.2624302663, 0.0001589551877
1260000, 0.2624109139, 0.0001589551877
1261000, 0.2623915918, 0.0001589551877
1262000, 0.2623722975, 0.0001589551877
1263000, 0.2623530386, 0.0001589551877
1264000, 0.2623338087, 0.0001589551877
1265000, 0.2623146073, 0.0001589551877
1266000, 0.2622954393, 0.0001589551877
1267000, 0.2622763003, 0.0001589551877
1268000, 0.2622571893, 0.0001589551877
1269000, 0.2622381123, 0.0001589551877
1270000, 0.2622190657, 0.0001589551877
1271000, 0.2622000457, 0.0001589551877
1272000, 0.2621810598, 0.0001589551877
1273000, 0.2621621027, 0.0001589551877
1274000, 0.2621431723, 0.0001589551877
1275000, 0.262124275, 0.0001589551877
1276000, 0.2621054078, 0.0001589551877
1277000, 0.2620865678, 0.0001589551877
1278000, 0.2620677602, 0.0001589551877
1279000, 0.2620489827, 0.0001589551877
1280000, 0.2620302307, 0.0001589551877
1281000, 0.2620115116, 0.0001589551877
1282000, 0.2619928215, 0.0001589551877
1283000, 0.2619741577, 0.0001589551877
1284000, 0.2619555277, 0.0001589551877
1285000, 0.2619369253, 0.0001589551877
1286000, 0.26191835, 0.0001589551877
1287000, 0.2618998066, 0.0001589551877
1288000, 0.2618812908, 0.0001589551877
1289000, 0.2618628015, 0.0001589551877
1290000, 0.2618443448, 0.0001589551877
1291000, 0.2618259169, 0.0001589551877
1292000, 0.2618075144, 0.0001589551877
1293000, 0.2617891444, 0.0001589551877
1294000, 0.2617708019, 0.0001589551877
1295000, 0.2617524847, 0.0001589551877
1296000, 0.2617341991, 0.0001589551877
1297000, 0.2617159422, 0.0001589551877
1298000, 0.2616977112, 0.0001589551877
1299000, 0.261679511, 0.0001589551877
1300000, 0.2616613396, 0.0001589551877
1301000, 0.2616431924, 0.0001589551877
1302000, 0.2616250766, 0.0001589551877
1303000, 0.2616069884, 0.0001589551877
1304000, 0.2615889253, 0.0001589551877
1305000, 0.2615708944, 0.0001589551877
1306000, 0.2615528898, 0.0001589551877
1307000, 0.261534911, 0.0001589551877
1308000, 0.2615169627, 0.0001589551877
1309000, 0.2614990406, 0.0001589551877
1310000, 0.2614811438, 0.0001589551877
1311000, 0.2614632781, 0.0001589551877
1312000, 0.2614454399, 0.0001589551877
1313000, 0.2614276257, 0.0001589551877
1314000, 0.2614098427, 0.0001589551877
1315000, 0.2613920859, 0.0001589551877
1316000, 0.261374353, 0.0001589551877
1317000, 0.2613566505, 0.0001589551877
1318000, 0.2613389752, 0.0001589551877
1319000, 0.2613213247, 0.0001589551877
1320000, 0.2613037035, 0.0001589551877
1321000, 0.2612861098, 0.0001589551877
1322000, 0.2612685391, 0.0001589551877
1323000, 0.2612509984, 0.0001589551877
1324000, 0.261233484, 0.0001589551877
1325000, 0.2612159935, 0.0001589551877
1326000, 0.2611985338, 0.0001589551877
1327000, 0.2611810992, 0.0001589551877
1328000, 0.2611636891, 0.0001589551877
1329000, 0.2611463082, 0.0001589551877
1330000, 0.2611289522, 0.0001589551877
1331000, 0.2611116204, 0.0001589551877
1332000, 0.2610943182, 0.0001589551877
1333000, 0.2610770423, 0.0001589551877
1334000, 0.2610597892, 0.0001589551877
1335000, 0.261042566, 0.0001589551877
1336000, 0.2610253677, 0.0001589551877
1337000, 0.2610081922, 0.0001589551877
1338000, 0.2609910457, 0.0001589551877
1339000, 0.2609739252, 0.0001589551877
1340000, 0.2609568283, 0.0001589551877
1341000, 0.2609397595, 0.0001589551877
1342000, 0.2609227168, 0.0001589551877
1343000, 0.2609056961, 0.0001589551877
1344000, 0.2608887041, 0.0001589551877
1345000, 0.2608717371, 0.0001589551877
1346000, 0.2608547929, 0.0001589551877
1347000, 0.2608378781, 0.0001589551877
1348000, 0.2608209873, 0.0001589551877
1349000, 0.2608041199, 0.0001589551877
1350000, 0.2607872803, 0.0001589551877
1351000, 0.2607704645, 0.0001589551877
1352000, 0.2607536718, 0.0001589551877
1353000, 0.2607369073, 0.0001589551877
1354000, 0.260720168, 0.0001589551877
1355000, 0.2607034505, 0.0001589551877
1356000, 0.2606867614, 0.0001589551877
1357000, 0.2606700962, 0.0001589551877
1358000, 0.2606534527, 0.0001589551877
1359000, 0.2606368369, 0.0001589551877
1360000, 0.260620246, 0.0001589551877
1361000, 0.2606036775, 0.0001589551877
1362000, 0.2605871359, 0.0001589551877
1363000, 0.2605706193, 0.0001589551877
1364000, 0.2605541236, 0.0001589551877
1365000, 0.2605376553, 0.0001589551877
1366000, 0.2605212109, 0.0001589551877
1367000, 0.2605047882, 0.0001589551877
1368000, 0.2604883938, 0.0001589551877
1369000, 0.2604720222, 0.0001589551877
1370000, 0.2604556729, 0.0001589551877
1371000, 0.2604393501, 0.0001589551877
1372000, 0.2604230502, 0.0001589551877
1373000, 0.2604067722, 0.0001589551877
1374000, 0.2603905213, 0.0001589551877
1375000, 0.2603742944, 0.0001589551877
1376000, 0.2603580883, 0.0001589551877
1377000, 0.2603419094, 0.0001589551877
1378000, 0.2603257533, 0.0001589551877
1379000, 0.2603096179, 0.0001589551877
1380000, 0.260293509, 0.0001589551877
1381000, 0.2602774239, 0.0001589551877
1382000, 0.2602613602, 0.0001589551877
1383000, 0.2602453221, 0.0001589551877
1384000, 0.260229308, 0.0001589551877
1385000, 0.2602133138, 0.0001589551877
1386000, 0.2601973459, 0.0001589551877
1387000, 0.2601814008, 0.0001589551877
1388000, 0.2601654764, 0.0001589551877
1389000, 0.2601495791, 0.0001589551877
1390000, 0.2601337035, 0.0001589551877
1391000, 0.2601178492, 0.0001589551877
1392000, 0.2601020204, 0.0001589551877
1393000, 0.2600862133, 0.0001589551877
1394000, 0.2600704273, 0.0001589551877
1395000, 0.2600546671, 0.0001589551877
1396000, 0.2600389298, 0.0001589551877
1397000, 0.2600232124, 0.0001589551877
1398000, 0.2600075211, 0.0001589551877
1399000, 0.2599918515, 0.0001589551877
1400000, 0.2599762018, 0.0001589551877
1401000, 0.2599605773, 0.0001589551877
1402000, 0.2599449756, 0.0001589551877
1403000, 0.2599293944, 0.0001589551877
1404000, 0.2599138377, 0.0001589551877
1405000, 0.259898304, 0.0001589551877
1406000, 0.2598827892, 0.0001589551877
1407000, 0.2598672995, 0.0001589551877
1408000, 0.2598518317, 0.0001589551877
1409000, 0.2598363837, 0.0001589551877
1410000, 0.2598209616, 0.0001589551877
1411000, 0.2598055602, 0.0001589551877
1412000, 0.2597901793, 0.0001589551877
1413000, 0.2597748227, 0.0001589551877
1414000, 0.2597594869, 0.0001589551877
1415000, 0.2597441712, 0.0001589551877
1416000, 0.2597288802, 0.0001589551877
1417000, 0.2597136112, 0.0001589551877
1418000, 0.2596983612, 0.0001589551877
1419000, 0.2596831361, 0.0001589551877
1420000, 0.2596679318, 0.0001589551877
1421000, 0.2596527465, 0.0001589551877
1422000, 0.2596375854, 0.0001589551877
1423000, 0.259622446, 0.0001589551877
1424000, 0.2596073263, 0.0001589551877
1425000, 0.25959223, 0.0001589551877
1426000, 0.2595771557, 0.0001589551877
1427000, 0.2595620995, 0.0001589551877
1428000, 0.2595470674, 0.0001589551877
1429000, 0.2595320562, 0.0001589551877
1430000, 0.2595170638, 0.0001589551877
1431000, 0.2595020963, 0.0001589551877
1432000, 0.2594871487, 0.0001589551877
1433000, 0.2594722206, 0.0001589551877
1434000, 0.2594573158, 0.0001589551877
1435000, 0.2594424309, 0.0001589551877
1436000, 0.2594275652, 0.0001589551877
1437000, 0.2594127232, 0.0001589551877
1438000, 0.2593979023, 0.0001589551877
1439000, 0.2593830994, 0.0001589551877
1440000, 0.2593683205, 0.0001589551877
1441000, 0.2593535615, 0.0001589551877
1442000, 0.2593388206, 0.0001589551877
1443000, 0.2593241029, 0.0001589551877
1444000, 0.2593094061, 0.0001589551877
1445000, 0.2592947279, 0.0001589551877
1446000, 0.2592800724, 0.0001589551877
1447000, 0.2592654378, 0.0001589551877
1448000, 0.2592508205, 0.0001589551877
1449000, 0.2592362263, 0.0001589551877
1450000, 0.2592216521, 0.0001589551877
1451000, 0.259207096, 0.0001589551877
1452000, 0.2591925637, 0.0001589551877
1453000, 0.2591780504, 0.0001589551877
1454000, 0.2591635558, 0.0001589551877
1455000, 0.2591490835, 0.0001589551877
1456000, 0.2591346303, 0.0001589551877
1457000, 0.2591201954, 0.0001589551877
1458000, 0.2591057833, 0.0001589551877
1459000, 0.2590913914, 0.0001589551877
1460000, 0.2590770167, 0.0001589551877
1461000, 0.259062665, 0.0001589551877
1462000, 0.2590483324, 0.0001589551877
1463000, 0.259034017, 0.0001589551877
1464000, 0.259019724, 0.0001589551877
1465000, 0.2590054509, 0.0001589551877
1466000, 0.2589911957, 0.0001589551877
1467000, 0.2589769621, 0.0001589551877
1468000, 0.2589627486, 0.0001589551877
1469000, 0.2589485517, 0.0001589551877
1470000, 0.2589343769, 0.0001589551877
1471000, 0.2589202214, 0.0001589551877
1472000, 0.258906083, 0.0001589551877
1473000, 0.2588919676, 0.0001589551877
1474000, 0.2588778704, 0.0001589551877
1475000, 0.258863791, 0.0001589551877
1476000, 0.258849733, 0.0001589551877
1477000, 0.2588356934, 0.0001589551877
1478000, 0.2588216712, 0.0001589551877
1479000, 0.2588076709, 0.0001589551877
1480000, 0.2587936899, 0.0001589551877
1481000, 0.2587797255, 0.0001589551877
1482000, 0.2587657831, 0.0001589551877
1483000, 0.258751859, 0.0001589551877
1484000, 0.2587379514, 0.0001589551877
1485000, 0.2587240652, 0.0001589551877
1486000, 0.2587101981, 0.0001589551877
1487000, 0.2586963482, 0.0001589551877
1488000, 0.258682519, 0.0001589551877
1489000, 0.2586687091, 0.0001589551877
1490000, 0.258654915, 0.0001589551877
1491000, 0.2586411422, 0.0001589551877
1492000, 0.2586273878, 0.0001589551877
1493000, 0.2586136499, 0.0001589551877
1494000, 0.258599934, 0.0001589551877
1495000, 0.2585862355, 0.0001589551877
1496000, 0.2585725541, 0.0001589551877
1497000, 0.2585588933, 0.0001589551877
1498000, 0.25854525, 0.0001589551877
1499000, 0.2585316234, 0.0001589551877
1500000, 0.2585180179, 0.0001589551877
1501000, 0.2585044309, 0.0001589551877
1502000, 0.2584908597, 0.0001589551877
1503000, 0.2584773097, 0.0001589551877
1504000, 0.2584637772, 0.0001589551877
1505000, 0.2584502605, 0.0001589551877
1506000, 0.2584367644, 0.0001589551877
1507000, 0.2584232866, 0.0001589551877
1508000, 0.2584098252, 0.0001589551877
1509000, 0.2583963838, 0.0001589551877
1510000, 0.2583829608, 0.0001589551877
1511000, 0.258369553, 0.0001589551877
1512000, 0.2583561656, 0.0001589551877
1513000, 0.2583427959, 0.0001589551877
1514000, 0.258329442, 0.0001589551877
1515000, 0.2583161092, 0.0001589551877
1516000, 0.2583027931, 0.0001589551877
1517000, 0.2582894933, 0.0001589551877
1518000, 0.2582762134, 0.0001589551877
1519000, 0.2582629502, 0.0001589551877
1520000, 0.2582497031, 0.0001589551877
1521000, 0.2582364762, 0.0001589551877
1522000, 0.2582232671, 0.0001589551877
1523000, 0.2582100731, 0.0001589551877
1524000, 0.2581968995, 0.0001589551877
1525000, 0.2581837426, 0.0001589551877
1526000, 0.2581706009, 0.0001589551877
1527000, 0.258157479, 0.0001589551877
1528000, 0.2581443746, 0.0001589551877
1529000, 0.258131286, 0.0001589551877
1530000, 0.2581182165, 0.0001589551877
1531000, 0.2581051648, 0.0001589551877
1532000, 0.2580921276, 0.0001589551877
1533000, 0.25807911, 0.0001589551877
1534000, 0.2580661093, 0.0001589551877
1535000, 0.2580531238, 0.0001589551877
1536000, 0.2580401586, 0.0001589551877
1537000, 0.2580272094, 0.0001589551877
1538000, 0.258014276, 0.0001589551877
1539000, 0.2580013615, 0.0001589551877
1540000, 0.2579884631, 0.0001589551877
1541000, 0.2579755801, 0.0001589551877
1542000, 0.2579627166, 0.0001589551877
1543000, 0.2579498701, 0.0001589551877
1544000, 0.2579370381, 0.0001589551877
1545000, 0.2579242257, 0.0001589551877
1546000, 0.2579114293, 0.0001589551877
1547000, 0.2578986475, 0.0001589551877
1548000, 0.2578858847, 0.0001589551877
1549000, 0.2578731388, 0.0001589551877
1550000, 0.257860408, 0.0001589551877
1551000, 0.2578476956, 0.0001589551877
1552000, 0.2578350002, 0.0001589551877
1553000, 0.2578223187, 0.0001589551877
1554000, 0.2578096561, 0.0001589551877
1555000, 0.2577970098, 0.0001589551877
1556000, 0.2577843779, 0.0001589551877
1557000, 0.2577717656, 0.0001589551877
1558000, 0.2577591687, 0.0001589551877
1559000, 0.2577465869, 0.0001589551877
1560000, 0.2577340233, 0.0001589551877
1561000, 0.2577214752, 0.0001589551877
1562000, 0.2577089418, 0.0001589551877
1563000, 0.2576964271, 0.0001589551877
1564000, 0.2576839288, 0.0001589551877
1565000, 0.2576714444, 0.0001589551877
1566000, 0.2576589789, 0.0001589551877
1567000, 0.2576465287, 0.0001589551877
1568000, 0.2576340925, 0.0001589551877
1569000, 0.2576216746, 0.0001589551877
1570000, 0.2576092729, 0.0001589551877
1571000, 0.2575968857, 0.0001589551877
1572000, 0.2575845162, 0.0001589551877
1573000, 0.2575721631, 0.0001589551877
1574000, 0.2575598233, 0.0001589551877
1575000, 0.2575475016, 0.0001589551877
1576000, 0.2575351956, 0.0001589551877
1577000, 0.2575229035, 0.0001589551877
1578000, 0.2575106301, 0.0001589551877
1579000, 0.2574983716, 0.0001589551877
1580000, 0.2574861275, 0.0001589551877
1581000, 0.257473901, 0.0001589551877
1582000, 0.2574616893, 0.0001589551877
1583000, 0.2574494918, 0.0001589551877
1584000, 0.2574373123, 0.0001589551877
1585000, 0.2574251485, 0.0001589551877
1586000, 0.257412998, 0.0001589551877
1587000, 0.2574008657, 0.0001589551877
1588000, 0.2573887482, 0.0001589551877
1589000, 0.2573766441, 0.0001589551877
1590000, 0.2573645576, 0.0001589551877
1591000, 0.2573524866, 0.0001589551877
1592000, 0.2573404296, 0.0001589551877
1593000, 0.2573283896, 0.0001589551877
1594000, 0.2573163653, 0.0001589551877
1595000, 0.2573043538, 0.0001589551877
1596000, 0.2572923598, 0.0001589551877
1597000, 0.2572803808, 0.0001589551877
1598000, 0.2572684151, 0.0001589551877
1599000, 0.2572564676, 0.0001589551877
1600000, 0.2572445342, 0.0001589551877
1601000, 0.2572326148, 0.0001589551877
1602000, 0.2572207122, 0.0001589551877
1603000, 0.2572088239, 0.0001589551877
1604000, 0.2571969492, 0.0001589551877
1605000, 0.2571850918, 0.0001589551877
1606000, 0.2571732496, 0.0001589551877
1607000, 0.2571614201, 0.0001589551877
1608000, 0.2571496082, 0.0001589551877
1609000, 0.2571378104, 0.0001589551877
1610000, 0.2571260255, 0.0001589551877
1611000, 0.2571142575, 0.0001589551877
1612000, 0.2571025045, 0.0001589551877
1613000, 0.2570907649, 0.0001589551877
1614000, 0.2570790417, 0.0001589551877
1615000, 0.2570673336, 0.0001589551877
1616000, 0.2570556377, 0.0001589551877
1617000, 0.2570439587, 0.0001589551877
1618000, 0.2570322941, 0.0001589551877
1619000, 0.2570206424, 0.0001589551877
1620000, 0.2570090081, 0.0001589551877
1621000, 0.2569973874, 0.0001589551877
1622000, 0.2569857801, 0.0001589551877
1623000, 0.2569741891, 0.0001589551877
1624000, 0.2569626117, 0.0001589551877
1625000, 0.2569510475, 0.0001589551877
1626000, 0.2569394999, 0.0001589551877
1627000, 0.2569279668, 0.0001589551877
1628000, 0.2569164461, 0.0001589551877
1629000, 0.2569049422, 0.0001589551877
1630000, 0.2568934519, 0.0001589551877
1631000, 0.256881974, 0.0001589551877
1632000, 0.2568705125, 0.0001589551877
1633000, 0.2568590653, 0.0001589551877
1634000, 0.256847631, 0.0001589551877
1635000, 0.2568362124, 0.0001589551877
1636000, 0.2568248084, 0.0001589551877
1637000, 0.2568134162, 0.0001589551877
1638000, 0.2568020403, 0.0001589551877
1639000, 0.2567906781, 0.0001589551877
1640000, 0.2567793284, 0.0001589551877
1641000, 0.2567679954, 0.0001589551877
1642000, 0.2567566755, 0.0001589551877
1643000, 0.2567453685, 0.0001589551877
1644000, 0.2567340772, 0.0001589551877
1645000, 0.256722799, 0.0001589551877
1646000, 0.2567115334, 0.0001589551877
1647000, 0.2567002839, 0.0001589551877
1648000, 0.2566890483, 0.0001589551877
1649000, 0.2566778246, 0.0001589551877
1650000, 0.2566666171, 0.0001589551877
1651000, 0.2566554228, 0.0001589551877
1652000, 0.2566442403, 0.0001589551877
1653000, 0.2566330735, 0.0001589551877
1654000, 0.2566219207, 0.0001589551877
1655000, 0.2566107801, 0.0001589551877
1656000, 0.2565996548, 0.0001589551877
1657000, 0.2565885435, 0.0001589551877
1658000, 0.2565774435, 0.0001589551877
1659000, 0.2565663591, 0.0001589551877
1660000, 0.2565552881, 0.0001589551877
1661000, 0.2565442289, 0.0001589551877
1662000, 0.256533186, 0.0001589551877
1663000, 0.2565221556, 0.0001589551877
1664000, 0.2565111376, 0.0001589551877
1665000, 0.2565001348, 0.0001589551877
1666000, 0.2564891446, 0.0001589551877
1667000, 0.2564781664, 0.0001589551877
1668000, 0.2564672038, 0.0001589551877
1669000, 0.2564562547, 0.0001589551877
1670000, 0.2564453169, 0.0001589551877
1671000, 0.2564343947, 0.0001589551877
1672000, 0.2564234853, 0.0001589551877
1673000, 0.2564125872, 0.0001589551877
1674000, 0.2564017042, 0.0001589551877
1675000, 0.2563908347, 0.0001589551877
1676000, 0.256379977, 0.0001589551877
1677000, 0.2563691339, 0.0001589551877
1678000, 0.2563583044, 0.0001589551877
1679000, 0.2563474858, 0.0001589551877
1680000, 0.2563366822, 0.0001589551877
1681000, 0.2563258914, 0.0001589551877
1682000, 0.2563151121, 0.0001589551877
1683000, 0.2563043484, 0.0001589551877
1684000, 0.2562935968, 0.0001589551877
1685000, 0.2562828571, 0.0001589551877
1686000, 0.2562721321, 0.0001589551877
1687000, 0.2562614192, 0.0001589551877
1688000, 0.2562507179, 0.0001589551877
1689000, 0.2562400316, 0.0001589551877
1690000, 0.2562293582, 0.0001589551877
1691000, 0.2562186958, 0.0001589551877
1692000, 0.2562080485, 0.0001589551877
1693000, 0.2561974133, 0.0001589551877
1694000, 0.2561867891, 0.0001589551877
1695000, 0.2561761796, 0.0001589551877
1696000, 0.2561655829, 0.0001589551877
1697000, 0.2561549976, 0.0001589551877
1698000, 0.2561444265, 0.0001589551877
1699000, 0.2561338684, 0.0001589551877
1700000, 0.2561233207, 0.0001589551877
cpu/wall(s): 1.84467e+10 567.691
