0.2 0 28.153612288442456
0.2 1 41.89338085765165
0.2 2 49.90441087499187
0.2 3 60.65984700914056
0.2 4 65.77601547553182
0.2 5 75.0050436398627
0.2 6 81.66686512679746
0.2 7 86.56300428598165
0.2 8 96.01061454113187
0.2 9 99.547664956
0.2 10 105.9406353967498
0.2 11 112.892494754279
0.2 12 118.694088006
0.2 13 121.66355766880528
0.2 14 130.22509350378348
0.2 15 134.159621058
0.2 16 139.092803422
0.2 17 144.13429202490818
0.2 18 151.40938044955158
0.2 19 154.289680138
0.2 20 158.67476348198886
0.2 21 165.820761708
0.2 22 169.470985962
0.2 23 174.85055265034018
0.2 24 177.61822381156335
0.2 25 184.98380032499924
0.2 26 189.302688082
0.2 27 191.74127105522942
0.2 28 197.66237413874578
0.2 29 202.635702012
0.2 30 207.45107608
0.2 31 210.893246104
0.2 32 214.33707258472657
0.2 33 222.059071086
0.2 34 223.7493109350852
0.2 35 228.64050520035025
0.2 36 232.453360642
0.2 37 237.58183465354972
0.2 38 242.74074468909564
0.2 39 245.89371816475094
0.2 40 248.513637108
0.2 41 255.0333845089564
0.2 42 259.15738699962736
0.2 43 262.17580173856624
0.2 44 266.995474406
0.2 45 269.513019506
0.2 46 276.23207355779203
0.2 47 279.47240306787506
0.2 48 282.24739912696793
0.2 49 286.223691616
0.2 50 292.0019366359302
0.2 51 295.00051861752013
0.2 52 300.1070743668625
0.2 53 302.6391335425983
0.2 54 306.04939238623655
0.2 55 312.2257155472383
0.2 56 315.09790970584527
0.2 57 317.69982365524356
0.2 58 321.34006906824914
0.2 59 326.0613948831833
0.2 60 331.07514727064836
0.2 61 333.87536692552374
0.2 62 338.1898089832602
0.2 63 339.8235199306294
0.2 64 346.82309894966204
0.2 65 349.508383046
0.2 66 352.8830330253318
0.2 67 358.2528423816269
0.2 68 359.83296804
0.2 69 362.76893360350056
0.2 70 369.74889573206576
0.2 71 371.19763620118835
0.2 72 374.45785164865663
0.2 73 378.832317312
0.2 74 384.05319764244877
0.2 75 386.159453208
0.2 76 390.53079336
0.2 77 393.7530820578361
0.2 78 402.38265181079345
0.2 79 402.5298493233453
0.2 80 404.9870386137497
0.2 81 408.3793211591827
0.2 82 410.78877024214836
0.2 83 415.8126045206044
0.2 84 419.1536261753373
0.2 85 423.38172519
0.2 86 426.6943603750487
0.2 87 429.094089566
0.2 88 432.3385584064807
0.2 89 438.1344119851183
0.2 90 441.429837678
0.2 91 442.86148037186763
0.2 92 448.01400051
0.2 93 449.96619628514696
0.2 94 454.8436687576858
0.2 95 458.67453159976515
0.2 96 462.5003774
0.2 97 463.974470506
0.2 98 467.38640860397993
0.2 99 473.048459332
0.2 100 475.5394983160619
0.2 101 479.110955146
0.2 102 482.0983922251251
0.2 103 485.64675989874644
0.2 104 488.14193538252255
0.2 105 494.2752069886814
0.2 106 496.20423412662427
0.2 107 499.14737929
0.2 108 502.02996416190956
0.2 109 506.13958614768376
0.2 110 510.6128500085689
0.2 111 512.761482440485
0.2 112 517.2216278884656
0.2 113 519.7494541491492
0.2 114 521.6102259328195
0.2 115 527.1478215649184
0.2 116 531.1089826039869
0.2 117 533.2303833961565
0.2 118 535.843830166
0.2 119 539.9410424980927
0.2 120 542.9887154132325
0.2 121 546.9192778718245
0.2 122 551.174985298
0.2 123 552.2073082730387
0.2 124 556.50148706
0.2 125 558.4577960943016
0.2 126 564.9305992829857
0.2 127 561.9850395375217
0.2 128 569.6719475748397
0.2 129 573.3351622272618
0.2 130 575.8238315270933
0.2 131 567.5682432494712
0.2 132 583.692582658
0.2 133 587.2846699718548
0.2 134 589.9304598900051
0.2 135 591.0904873473298
0.2 136 595.9585247250792
0.2 137 601.6625917222581
0.2 138 603.3171559475973
0.2 139 605.4112343018392
0.2 140 609.7298011201128
0.2 141 611.4605919293296
0.2 142 614.4390020476254
0.2 143 620.2187276824383
0.2 144 622.3157362432553
0.2 145 625.8741953853437
0.2 146 627.9707418431841
0.2 147 630.9514551331293
0.2 148 635.4718812117669
0.2 149 637.7057361308606
0.2 150 642.3197739912684
0.2 151 644.2895697631805
0.2 152 641.9977360487229
0.2 153 649.725632347381
0.2 154 654.887802524
0.2 155 658.0659699684928
0.2 156 650.946624713196
0.2 157 660.3652236244102
0.2 158 667.2049967459353
0.2 159 667.248019783155
0.2 160 673.8884488186354
0.2 161 673.8978911696125
0.2 162 683.2389917130016
0.2 163 679.7837601275073
0.2 164 679.7842578818652
0.2 165 689.3239922084382
0.2 166 692.695741132
0.2 167 693.0085796860452
0.2 168 712.7890807669511
0.2 169 700.8139339482035
0.2 170 703.3099950461923
0.2 171 706.9780403068631
0.2 172 716.6442265934633
0.2 173 716.5217716304024
0.2 174 715.905370204
0.2 175 721.8059381867771
0.2 176 722.5788362602618
0.2 177 729.2990917270358
0.2 178 729.4710164307776
0.2 179 737.3002532450531
0.2 180 735.9874917462081
0.2 181 742.3157006636809
0.2 182 742.3177100031195
0.2 183 747.5928488230921
0.2 184 747.7301357066842
0.2 185 752.2798194093526
0.2 186 753.7051732948847
0.2 187 756.874621289098
0.2 188 759.7991970440513
0.2 189 762.9687383927227
0.2 190 765.879305547101
0.2 191 769.9121336783882
0.2 192 771.4759129137534
0.2 193 774.4445373255747
0.2 194 777.692293663949
0.2 195 782.912167128
0.2 196 784.4898769512237
0.2 197 786.8556123748712
0.2 198 791.165740022
0.2 199 792.7640091144636
0.2 200 795.8365435534699
0.2 201 816.5462516177798
0.2 202 803.5741816560194
0.2 203 811.0423550882232
0.2 204 808.4720413157447
0.2 205 810.2748684495377
0.2 206 815.1650650526361
0.2 207 817.8998181138331
0.2 208 821.0316969313766
0.2 209 822.0138429898491
0.2 210 827.4563877193618
0.2 211 827.4543168986564
0.2 212 832.8978387255665
0.2 213 838.3256230402266
0.2 214 838.3263824218445
0.2 215 843.7549628427075
0.2 216 844.1533632871947
0.2 217 849.1803442280489
0.2 218 849.1816656103147
0.2 219 854.4205479047454
0.2 220 854.6099002529692
0.2 221 860.0418069480369
0.2 222 860.0424744316795
0.2 223 865.4784586484413
0.2 224 865.4784830415988
0.2 225 870.9199035861442
0.2 226 876.3665865458231
0.2 227 876.3672503948344
0.2 228 881.817665889145
0.2 229 881.8173457383582
0.2 230 887.2724746816842
0.2 231 887.2729566082742
0.2 232 892.7310967760149
0.2 233 892.7310715446825
0.2 234 898.1919318075214
0.2 235 898.1913850937415
0.2 236 903.6541748023556
0.2 237 909.1174990272056
0.2 238 909.1178925112907
0.2 239 914.5817891678979
0.2 240 914.5813144942705
0.2 241 920.0451076739574
0.2 242 920.0450504847671
0.2 243 925.5079456095928
0.2 244 925.508032668645
0.2 245 930.97005246837
0.2 246 930.969912609903
0.2 247 936.430876499464
0.2 248 936.4308827081854
0.2 249 941.8909644835749
0.2 250 947.3501916751766
0.2 251 947.35025960995
0.2 252 952.8089145690172
0.2 253 952.8088376714188
0.2 254 958.267245120229
0.2 255 958.2672670317095
0.2 256 963.7253705373721
0.2 257 963.7253505667989
0.2 258 969.183521678733
0.2 259 969.1835344926074
0.2 260 974.6419020371767
0.2 261 974.6419257811382
0.2 262 980.1005032620121
0.2 263 969.1834613626064
0.2 264 985.5595334066003
0.2 265 985.5596191842667
0.2 266 991.0191423065862
0.2 267 991.0191357276169
0.2 268 996.4791904989984
0.2 269 1001.939778715917
0.2 270 1001.9398013996656
0.2 271 1001.9397889691061
0.2 272 1007.4009016044213
0.2 273 1012.8626248465649
0.2 274 1012.862635309198
0.2 275 1018.3248500693479
0.2 276 1018.3248638042369
0.2 277 1023.787632268027
0.2 278 1023.7876263497883
0.2 279 1029.2509817990947
0.2 280 1051.1106450498
0.2 281 1034.7148969416587
0.2 282 1029.2509700596875
0.2 283 1040.1794469046713
0.2 284 1051.1106480737997
0.2 285 1045.6446793072134
0.2 286 1045.6446509307887
0.2 287 1051.1106351320582
0.2 288 1056.5774616392453
0.2 289 1056.5774370027152
0.2 290 1056.5774338154677
0.2 291 1062.0451500545942
0.2 292 1065.376366056
0.2 293 1067.5138754044026
0.2 294 1072.9836690080374
0.2 295 1072.983681469106
0.2 296 1078.454710632562
0.2 297 1078.4547033371018
0.2 298 1078.454688470423
0.2 299 1083.382896138277
0.2 300 1089.4007976941637
0.2 301 1089.4007954525541
0.2 302 1089.4008001277236
0.2 303 1094.8760958011508
0.2 304 1098.995135126
0.2 305 1103.3532751362598
0.2 306 1103.353228238824
0.2 307 1107.529944238
0.2 308 1103.3532746600386
0.2 309 1083.382896142383
0.2 310 1116.7235014241933
0.2 311 1105.83171144044
0.2 312 1100.3647957604219
0.2 313 1125.118415232
0.2 314 1158.5014832986203
0.2 315 1154.0839538907755
0.2 316 1133.255368160989
0.2 317 1103.0420920462238
0.2 318 1150.8428644298474
0.2 319 1083.931573262036
0.2 320 1150.2282562176542
0.2 321 1150.8454326548158
0.2 322 1166.4800783823741
0.2 323 1153.8590364448992
0.2 324 1155.2256191244558
0.2 325 1158.5030460046362
0.2 326 1160.1294088242948
0.2 327 1166.2312617502769
0.2 328 1166.4800783784337
0.2 329 1168.443982538983
0.2 330 1171.7486259746029
0.2 331 1171.74862251625
0.2 332 1177.2721002594626
0.2 333 1177.272105646728
0.2 334 1175.540741836067
0.2 335 1185.1427166
0.2 336 1171.7486207631034
0.2 337 1198.8300211803607
0.2 338 1192.3644457421383
0.2 339 1198.8295688398184
0.2 340 1199.095507440783
0.2 341 1205.1240654676574
0.2 342 1205.158335772
0.2 343 1205.116788926728
0.2 344 1205.1164070503455
0.2 345 838.3244933291196
0.2 346 1216.826434622
0.2 347 1226.6985882566257
0.2 348 1224.1194276569702
0.2 349 1223.548419242
0.2 350 1228.2181896780266
0.2 351 1230.4310259906254
0.2 352 1230.43102599169
0.2 353 1236.8741509701022
0.2 354 1238.3066321240592
0.2 355 1240.545787344
0.2 356 1250.0428813949022
0.2 357 1256.2388797137437
0.2 358 1254.4740737171935
0.2 359 1254.4745046178311
0.2 360 1254.7950232954872
0.2 361 1256.237219658192
0.2 362 1260.4142552375417
0.2 363 1261.3635849750613
0.2 364 1273.3885071429659
0.2 365 1267.093716504
0.2 366 1273.3885176570761
0.2 367 1266.0058891202557
0.2 368 1273.3885174865577
0.2 369 1273.3885473370976
0.2 370 1254.4745084995006
0.2 371 1304.7739058210661
0.2 372 1294.1589842365079
0.2 373 1294.1590036618422
0.2 374 1294.159021177501
0.2 375 1294.158988648681
0.2 376 1294.1590535501414
0.2 377 1297.7484441633753
0.2 378 1301.4993040456982
0.2 379 1307.102750168638
0.2 380 1304.7739136225002
0.2 381 1323.3718860286713
0.2 382 1339.7089382785573
0.2 383 1346.2379939716618
0.2 384 1307.1027500939376
0.2 385 1321.3533982146773
0.2 386 1326.1466376169908
0.2 387 1304.773896433221
0.2 388 1332.7841460442355
0.2 389 1333.183826870231
0.2 390 1333.1838268810884
0.2 391 1338.0929267281524
0.2 392 1339.708938282581
0.2 393 1344.1170643289806
0.2 394 1346.2379939745624
0.2 395 1344.1170599966397
0.2 396 1349.7721898398513
0.2 397 1349.7721830380615
0.2 398 1349.7721802020458
0.2 399 1363.3174675196653
0.2 400 1363.3174563653172
0.2 401 1363.3174738749644
0.2 402 1467.3026148870922
0.2 403 1363.3174689690475
0.2 404 1363.3174680855916
0.2 405 1416.7187518441563
0.2 406 1383.488607513975
0.2 407 1380.6406351227972
0.2 408 1384.903368832
0.2 409 1385.5754150797736
0.2 410 1388.8603739789953
0.2 411 1410.926118448907
0.2 412 1392.1797153704724
0.2 413 1398.264190952
0.2 414 1398.1522263374711
0.2 415 1403.0526826227867
0.2 416 1412.1580300017843
0.2 417 1410.9570888022806
0.2 418 1410.9256136691179
0.2 419 1412.1580304689162
0.2 420 1416.7187070401158
0.2 421 1418.8954829801387
0.2 422 1422.48015484191
0.2 423 1422.543889691784
0.2 424 1422.543894466222
0.2 425 1410.9570416888275
0.2 426 1432.7439704184007
0.2 427 1434.803317050535
0.2 428 1435.282712924252
0.2 429 1447.6984619773768
0.2 430 1447.5952551849625
0.2 431 1449.5960000209643
0.2 432 1447.6985224908144
0.2 433 1449.5961581026843
0.2 434 1453.0789406359206
0.2 435 1453.0789261208254
0.2 436 1449.5960784073736
0.2 437 1460.9200015832048
0.2 438 1462.834709838
0.2 439 1205.7040638327114
0.2 440 1470.4144652737434
0.2 441 1475.3499765907159
0.2 442 1474.105857824
0.2 443 1463.2771706663614
0.2 444 1479.5797956059832
0.2 445 1481.147614894
0.2 446 1483.4720135446291
0.2 447 1487.833898182013
0.2 448 1490.689979102
0.2 449 1494.7338769019814
0.2 450 1496.546600819354
0.2 451 1496.546600817717
0.2 452 1572.0540919635268
0.2 453 1338.4501208935326
0.2 454 1506.6161161138807
0.2 455 1508.644740944
0.2 456 1475.349961058031
0.2 457 1513.53649688
0.2 458 1562.0006095125905
0.2 459 1517.7193723695777
0.2 460 1518.071181114574
0.2 461 1518.0711839490014
0.2 462 1531.0726899837277
0.2 463 1540.9296772812868
0.2 464 1532.2599426989088
0.2 465 1535.8179877887703
0.2 466 1537.6048289604416
0.2 467 1539.386814506
0.2 468 1542.363564288393
0.2 469 1553.1463879445118
0.2 470 1548.2793634119398
0.2 471 1550.095694194
0.2 472 1551.8135483816136
0.2 473 1555.4544576882352
0.2 474 1558.314153898
0.2 475 1562.000609517273
0.2 476 1566.2770411050242
0.2 477 1565.195887892
0.2 478 1568.5480683735207
0.2 479 1572.0167870132168
0.2 480 1572.053750561271
0.2 481 1572.0537613125966
0.2 482 1577.7156627102586
0.2 483 1580.7793360397789
0.2 484 1555.454457695436
0.2 485 1542.363564293447
0.2 486 1651.1262009832105
0.2 487 1631.525178658225
0.2 488 1631.5251920779697
0.2 489 1641.7640410287802
0.2 490 1631.5251772854556
0.2 491 1625.591815074251
0.2 492 1625.5923363004692
0.2 493 1631.525175432387
0.2 494 1631.5252075759113
0.2 495 1627.6105230389549
0.2 496 1631.5251796408143
0.2 497 1618.8540610342275
0.2 498 1625.591914730162
0.2 499 1631.5221883792183
0.2 500 1627.5525660613914
0.2 501 1627.6105068484806
0.2 502 1631.5251848431
0.2 503 1618.8540550345645
0.2 504 1631.5251718395086
0.2 505 1627.6105206810055
0.2 506 1627.5525896518188
0.2 507 1643.426908266
0.2 508 1644.5944190555829
0.2 509 1647.2921994525461
0.2 510 1651.1262009787504
0.2 511 1653.8616655703993
0.2 512 1660.430410019797
0.2 513 1657.6581996750892
0.2 514 1661.4393293678363
0.2 515 1663.599555318
0.2 516 1666.3426649092657
0.2 517 1659.7852327655091
0.2 518 1670.8969911197803
0.2 519 1565.908925921699
0.2 520 1666.9986461967799
0.2 521 1670.8969684823896
0.2 522 1666.9986461957465
0.2 523 1662.7406453767549
0.2 524 1681.8556635001369
0.2 525 1690.6101368346417
0.2 526 1690.6101586843818
0.2 527 1695.94343528
0.2 528 1696.9697572590642
0.2 529 1696.9697572657294
0.2 530 1696.969757257138
0.2 531 1753.4043828652964
0.2 532 1703.5560494219858
0.2 533 1710.1534125735332
0.2 534 1713.0545631228158
0.2 535 1712.8589974014324
0.2 536 1718.8008844429005
0.2 537 1719.5987977202144
0.2 538 1724.3520844870063
0.2 539 1726.185369253877
0.2 540 1725.2928443679727
0.2 541 1731.4431116806916
0.2 542 1732.774315184933
0.2 543 1731.4429772534863
0.2 544 1726.1853759215414
0.2 545 1740.0189216867861
0.2 546 1742.9522392445285
0.2 547 1731.4429629344
0.2 548 1753.404283388729
0.2 549 1753.4043042693474
0.2 550 1753.206972264806
0.2 551 1755.309396682
0.2 552 1753.4056237293842
0.2 553 1753.404399849459
0.2 554 1753.404308659316
0.2 555 1740.0190514102696
0.2 556 1725.292912682615
0.2 557 1815.5024570553853
0.2 558 1803.0084122412652
0.2 559 1782.9906432731009
0.2 560 1796.7856734632596
0.2 561 1781.7924429645
0.2 562 1802.8067248191642
0.2 563 1783.5819283280389
0.2 564 1791.0389179978097
0.2 565 1793.42357095766
0.2 566 1796.7245770349432
0.2 567 1798.440726154734
0.2 568 1802.3345070613104
0.2 569 1802.3344955604803
0.2 570 1802.3343341109621
0.2 571 1809.0452460197675
0.2 572 1809.0452682963469
0.2 573 1880.212572995482
0.2 574 1815.503571446674
0.2 575 1815.5025381984844
0.2 576 1820.372668114
0.2 577 1821.9799367292921
0.2 578 1824.6620912
0.2 579 1828.4629046575342
0.2 580 1828.4629046310754
0.2 581 1834.947172578063
0.2 582 1834.9471726413994
0.2 583 1800.127271909715
0.2 584 1834.9471725128235
0.2 585 1809.045238854212
0.2 586 1791.0400254914223
0.2 587 1846.1128973449495
0.2 588 1867.670506546729
0.2 589 1853.10310557
0.2 590 1854.3775432842901
0.2 591 1859.260078803966
0.2 592 1859.9319362871656
0.2 593 1867.671413897563
0.2 594 1864.8670704755427
0.2 595 1870.1497308654093
0.2 596 1870.1496941002626
0.2 597 1828.4629047631383
0.2 598 1873.7593340507701
0.2 599 1878.0460354508375
0.2 600 1879.32188123
0.2 601 1901.0852011885447
0.2 602 1684.9651677458035
0.2 603 1870.149811930819
0.2 604 2164.4500929221917
0.2 605 1893.4997222031748
0.2 606 1893.7084797052535
0.2 607 1896.69329251
0.2 608 1906.0289370642408
0.2 609 1901.083534433956
0.2 610 1905.45597724
0.2 611 1906.0309072777984
0.2 612 1906.0308873363886
0.2 613 1906.030911843906
0.2 614 1906.0304947011919
0.2 615 1906.0294716555654
0.2 616 1906.030909018016
0.2 617 1901.0831454596268
0.2 618 1906.0292203471734
0.2 619 1906.0308434111182
0.2 620 1906.0302250930117
0.2 621 1906.0308878007947
0.2 622 1906.03070546716
0.2 623 1935.7453613455077
0.2 624 1953.9921016862595
0.2 625 1953.9924175711358
0.2 626 1953.9906390462424
0.2 627 1953.9923339732939
0.2 628 1953.9920591499802
0.2 629 1953.992419974774
0.2 630 1953.9864486924478
0.2 631 1953.992432425214
0.2 632 1867.518062246214
0.2 633 1978.729330839714
0.2 634 1965.6399066207753
0.2 635 1992.049089794045
0.2 636 1981.6532945351119
0.2 637 1978.770552158729
0.2 638 1990.2423539138717
0.2 639 1978.7705695994953
0.2 640 1996.8546414139826
0.2 641 1990.2423542066283
0.2 642 1985.3896778074088
0.2 643 1986.429161914
0.2 644 1990.242354093004
0.2 645 1990.2423540966213
0.2 646 1996.8546412935477
0.2 647 1996.8546413614129
0.2 648 2023.2662430000207
0.2 649 2003.4919695181302
0.2 650 2004.808610976
0.2 651 2006.535616358
0.2 652 2010.0689813372155
0.2 653 2010.0689813386618
0.2 654 2016.6699665368558
0.2 655 2016.6699661676544
0.2 656 2019.1135579530417
0.2 657 2021.8234945031688
0.2 658 2023.2662429493662
0.2 659 2025.834768867592
0.2 660 2029.8575198785752
0.2 661 2032.5481478238926
0.2 662 2035.1932511625248
0.2 663 2036.443797691225
0.2 664 1988.327326519955
0.2 665 2041.6591917306116
0.2 666 2016.6699664665578
0.2 667 2029.8575301711571
0.2 668 2049.5637569417318
0.2 669 2052.46010682963
0.2 670 2052.4601423967797
0.2 671 2052.784333679637
0.2 672 2062.8476740949086
0.2 673 2131.711090437571
0.2 674 2062.848275132093
0.2 675 2062.8477218224416
0.2 676 2062.8477318764085
0.2 677 2062.8477511831065
0.2 678 2062.8476768556857
0.2 679 2104.4384654569067
0.2 680 2076.9914739520436
0.2 681 2062.8484313807185
0.2 682 2104.437834897249
0.2 683 2052.784696789723
0.2 684 2010.0689813380736
0.2 685 2048.0794133001245
0.2 686 2104.4380987632953
0.2 687 2103.5517410797424
0.2 688 2103.5517965030263
0.2 689 2103.551754379035
0.2 690 2104.4387200202123
0.2 691 2104.605563880984
0.2 692 2107.3059762531557
0.2 693 2104.4373128224365
0.2 694 2107.869723762995
0.2 695 2115.192575746277
0.2 696 2118.5379208288373
0.2 697 2118.6501154672906
0.2 698 2131.7110904344504
0.2 699 2131.711090433414
0.2 700 2131.711090439875
0.2 701 2131.711090436746
0.2 702 2131.7110904357373
0.2 703 2131.7110904353744
0.2 704 2131.711090434735
0.2 705 2141.070083994
0.2 706 2125.1605524019687
0.2 707 2144.8052648041844
0.2 708 2147.14070633
0.2 709 2149.4483287624685
0.2 710 2151.351751672939
0.2 711 2149.448328745685
0.2 712 2156.288726322555
0.2 713 2156.288726325056
0.2 714 2163.0955059295893
0.2 715 2163.0955059366956
0.2 716 2163.0955059444304
0.2 717 2171.0363622565606
0.2 718 2171.295662418
0.2 719 2170.930689558256
0.2 720 2164.4500929172073
0.2 721 2062.8477067480258
0.2 722 2196.4469583063146
0.2 723 2223.516043843738
0.2 724 2196.44695831805
0.2 725 2193.021320337318
0.2 726 2196.4469583158157
0.2 727 2196.4469583181444
0.2 728 2196.4469583052987
0.2 729 2196.4469582983716
0.2 730 2203.822799448613
0.2 731 2203.8227994487684
0.2 732 2203.016860135589
0.2 733 2209.5674989103127
0.2 734 2209.5674989043373
0.2 735 2216.9537308743443
0.2 736 2216.1030193622914
0.2 737 2216.1030193599427
0.2 738 2222.6246156482857
0.2 739 2222.6246156541188
0.2 740 2222.6246156566926
0.2 741 2223.516043845313
0.2 742 2230.1778329881067
0.2 743 2228.8330847052794
0.2 744 2233.906805602338
0.2 745 2228.6301069747674
0.2 746 2230.1778406113513
0.2 747 2230.1779392970316
0.2 748 2230.1778127931084
0.2 749 2230.177818111044
0.2 750 2223.5160438426797
0.2 751 2230.1779013154214
0.2 752 2243.1053489443484
0.2 753 2222.624615651085
0.2 754 2276.4905940327994
0.2 755 2276.4910923715865
0.2 756 2276.873158594388
0.2 757 2276.861298199957
0.2 758 2276.4908541635573
0.2 759 2276.4904282427306
0.2 760 2276.4904190761813
0.2 761 2279.717005054586
0.2 762 2287.6592526796926
0.2 763 2276.490592263625
0.2 764 2279.717169420236
0.2 765 2287.659252671936
0.2 766 2287.659252674831
0.2 767 2294.1899168439368
0.2 768 2294.1899183282153
0.2 769 2294.1899190977983
0.2 770 2315.794298571033
0.2 771 2300.708742396238
0.2 772 2294.1899201214246
0.2 773 2307.2398782038617
0.2 774 2307.239878136958
0.2 775 2307.2398781798865
0.2 776 2313.7775057442273
0.2 777 2313.7775118927357
0.2 778 2300.7087379490636
0.2 779 2287.659252677969
0.2 780 2322.5090868924826
0.2 781 2346.6481301141184
0.2 782 2333.6558337827496
0.2 783 2352.1358427348327
0.2 784 2340.063749907116
0.2 785 2294.1899173482298
0.2 786 2333.612928406547
0.2 787 3101.036228304168
0.2 788 2340.927277156
0.2 789 2352.1358270273986
0.2 790 2346.648130069599
0.2 791 2352.135828680434
0.2 792 2350.430904792
0.2 793 2353.261750165413
0.2 794 2352.1358283285754
0.2 795 2359.829495986194
0.2 796 2363.2017564227112
0.2 797 2363.2017872475562
0.2 798 2365.1659138557957
0.2 799 2358.643337095325
0.2 800 2369.258672396903
0.2 801 2365.165913859447
0.2 802 2363.2017822298117
0.2 803 2377.712888596
0.2 804 2365.1659138876976
0.2 805 2383.2631027871093
0.2 806 2384.6532795157955
0.2 807 2384.6532794928457
0.2 808 2387.71485427
0.2 809 2397.485661381464
0.2 810 2365.1659138664327
0.2 811 2397.37313821
0.2 812 2397.500785002635
0.2 813 2401.5201589902613
0.2 814 2404.271262373328
0.2 815 2405.457824521448
0.2 816 2410.310155715703
0.2 817 2410.315679252334
0.2 818 2410.3110107198213
0.2 819 2410.310967544471
0.2 820 2410.3156349710284
0.2 821 2410.3114654914825
0.2 822 2435.9756554299743
0.2 823 2425.523556833776
0.2 824 2410.310964493655
0.2 825 2469.495967044385
0.2 826 2435.9756554093783
0.2 827 2435.975655474971
0.2 828 2435.9756554002993
0.2 829 2435.9756554113083
0.2 830 2441.2338476518144
0.2 831 2443.2456963792524
0.2 832 2449.8497140247086
0.2 833 2449.8497139775486
0.2 834 2449.8497140062136
0.2 835 2456.5869739708546
0.2 836 2456.5869832282297
0.2 837 2456.5869785675286
0.2 838 2463.1829633768666
0.2 839 2463.1829688175276
0.2 840 2463.182935515026
0.2 841 2469.4959764693845
0.2 842 2469.495952314629
0.2 843 2472.762688294155
0.2 844 2476.2585702772253
0.2 845 2476.258558711338
0.2 846 2482.0892331820414
0.2 847 2482.0891969216614
0.2 848 2484.6833363271526
0.2 849 2476.2642280129407
0.2 850 2489.702867934
0.2 851 2482.0891894912916
0.2 852 2615.9970824960683
0.2 853 2530.926603020182
0.2 854 2509.297981077866
0.2 855 2509.254267338086
0.2 856 2502.80839240843
0.2 857 2530.926612624716
0.2 858 2509.254277759181
0.2 859 2509.298031934891
0.2 860 2502.8083922106566
0.2 861 2515.193084890282
0.2 862 2515.1930990475635
0.2 863 2521.5983286232486
0.2 864 2521.598336066655
0.2 865 2524.3911317667826
0.2 866 2528.56419711874
0.2 867 2528.5641212755436
0.2 868 2530.926590612635
0.2 869 2535.7765552836045
0.2 870 2535.650978840727
0.2 871 2549.8109526229546
0.2 872 2535.6509645274473
0.2 873 2535.776562376898
0.2 874 2546.5265699526976
0.2 875 2549.81096843042
0.2 876 2549.8109673431995
0.2 877 2549.8109676972927
0.2 878 2555.526183972
0.2 879 2555.3063239141043
0.2 880 2555.306601243101
0.2 881 2549.8109649733733
0.2 882 2549.8109620249775
0.2 883 2555.3068991257855
0.2 884 2521.5983339885393
0.2 885 2595.0514383915443
0.2 886 2583.650523339462
0.2 887 2584.556148464392
0.2 888 2583.6547353118835
0.2 889 2595.0512230457152
0.2 890 2584.5615121821584
0.2 891 2583.6545095488073
0.2 892 2583.6544670066432
0.2 893 2595.0515856885377
0.2 894 2595.051331031377
0.2 895 2595.050825506951
0.2 896 2601.302877943241
0.2 897 2601.3035255635655
0.2 898 2602.820999212452
0.2 899 2605.6100586186744
0.2 900 2606.546400458
0.2 901 2615.997115206671
0.2 902 2623.0330779086967
0.2 903 2623.429236240508
0.2 904 2628.031310437118
0.2 905 2634.244999415297
0.2 906 2619.143736782695
0.2 907 2623.4269829099917
0.2 908 2625.4356353321486
0.2 909 2628.0312853322866
0.2 910 2632.5471237724387
0.2 911 2634.2450435641713
0.2 912 2636.342558264
0.2 913 2635.4541316133705
0.2 914 2636.868766412969
0.2 915 2634.244997694495
0.2 916 2634.2449888314177
0.2 917 2654.310357712259
0.2 918 2653.936987230907
0.2 919 2653.793506870161
0.2 920 2654.3103617707584
0.2 921 2654.3103605094293
0.2 922 2654.3103611818638
0.2 923 2654.310369171561
0.2 924 2672.4795045156197
0.2 925 2668.01586637211
0.2 926 2669.6793662204636
0.2 927 2672.489579378842
0.2 928 2672.4877302532177
0.2 929 2675.304998950656
0.2 930 2672.4907756537064
0.2 931 2668.0158278765007
0.2 932 2668.015853242266
0.2 933 2684.818736318934
0.2 934 2688.312088008
0.2 935 2684.8187356922986
0.2 936 2672.488159271693
0.2 937 2668.0158224327884
0.2 938 2714.6751569734115
0.2 939 2678.7863059378424
0.2 940 2703.0456580527048
0.2 941 2704.420930318
0.2 942 2706.3309927760124
0.2 943 2706.3309845290128
0.2 944 2710.8898814259164
0.2 945 2713.278306685908
0.2 946 2710.889826746746
0.2 947 2801.7929805094464
0.2 948 2720.797296007003
0.2 949 2723.4664869342737
0.2 950 2723.4664869342737
0.2 951 2714.674866478319
0.2 952 2710.889885334645
0.2 953 2723.4664869342746
0.2 954 2723.466486934281
0.2 955 2668.0158637733143
0.2 956 2883.62464813809
0.2 957 2838.230758103952
0.2 958 2777.438398342708
0.2 959 2703.045867812875
0.2 960 2730.0083910100598
0.2 961 2759.6320838668285
0.2 962 2760.207449511298
0.2 963 2759.632086724055
0.2 964 2759.632149066644
0.2 965 2760.2077633561917
0.2 966 2760.2073756082814
0.2 967 2760.207402396882
0.2 968 2792.380520462986
0.2 969 2768.7443441146547
0.2 970 2772.522793359439
0.2 971 2777.438481168129
0.2 972 2777.438476995936
0.2 973 2778.0138390600073
0.2 974 2777.4384875072947
0.2 975 2772.5233845131775
0.2 976 2790.7959400090385
0.2 977 2790.7960430143326
0.2 978 2790.7962358872796
0.2 979 2792.3805356439234
0.2 980 2790.7962294424306
0.2 981 2790.796057944129
0.2 982 2792.380561358906
0.2 983 2800.853892594
0.2 984 2844.738636066752
0.2 985 2944.5350781334973
0.2 986 2706.330985187391
0.2 987 3734.4903963922593
0.2 988 2844.7387075231754
0.2 989 2762.280598492755
0.2 990 2835.8849806453104
0.2 991 2821.188163304446
0.2 992 2822.514113632
0.2 993 2835.884959248855
0.2 994 2827.680649105007
0.2 995 2832.725930563838
0.2 996 2832.7267571632037
0.2 997 2834.879825249136
0.2 998 2835.884959039501
0.2 999 2838.230669134752
0.21 0 28.147825023803303
0.21 1 41.8858616426864
0.21 2 49.89853855146264
0.21 3 60.65041231127199
0.21 4 65.7712579977647
0.21 5 74.9967000676521
0.21 6 81.65838802284277
0.21 7 86.55839631662643
0.21 8 96.01059677353513
0.21 9 99.54760354424181
0.21 10 105.9406009963825
0.21 11 112.89249526939042
0.21 12 118.694088006
0.21 13 121.66355705
0.21 14 130.22509565375643
0.21 15 134.159621058
0.21 16 139.092803422
0.21 17 144.134315348
0.21 18 151.409381398
0.21 19 154.289680138
0.21 20 158.6747353737924
0.21 21 165.82075901236544
0.21 22 169.47098827529632
0.21 23 174.85055283358247
0.21 24 177.61822478994293
0.21 25 184.98380170870792
0.21 26 189.302688082
0.21 27 191.7412711795059
0.21 28 197.6624298273974
0.21 29 202.635702012
0.21 30 207.45107608
0.21 31 210.89324379329835
0.21 32 214.33738331640956
0.21 33 222.05907024569385
0.21 34 223.74935722742381
0.21 35 228.64042045829535
0.21 36 232.45336300084915
0.21 37 237.58140807357205
0.21 38 242.75077654424877
0.21 39 245.89373051441575
0.21 40 248.51364170939152
0.21 41 255.0333591745169
0.21 42 259.1573842123394
0.21 43 262.1752182876765
0.21 44 266.995474406
0.21 45 269.513019506
0.21 46 276.2320782104733
0.21 47 279.4724622683797
0.21 48 282.2474207771696
0.21 49 286.22354134278413
0.21 50 292.001964974
0.21 51 295.0338048690459
0.21 52 300.10707871024255
0.21 53 302.22876164667696
0.21 54 306.04939282526556
0.21 55 312.22588742940314
0.21 56 315.0990247695968
0.21 57 317.699976342
0.21 58 321.34066005508066
0.21 59 326.061419374
0.21 60 331.0733050980678
0.21 61 334.3578445209967
0.21 62 338.1893342380752
0.21 63 339.82403184250603
0.21 64 346.82296380926965
0.21 65 349.508383046
0.21 66 352.88300445789986
0.21 67 356.75483009795084
0.21 68 359.83296804
0.21 69 365.5009945924701
0.21 70 369.7489896717289
0.21 71 371.19732481519054
0.21 72 374.457845168
0.21 73 378.83231000377515
0.21 74 384.05301676842885
0.21 75 386.15947434962357
0.21 76 390.5308239891023
0.21 77 393.7530444798757
0.21 78 399.10845881289026
0.21 79 402.5303396024947
0.21 80 404.9869296599184
0.21 81 408.379343606
0.21 82 410.7877777410615
0.21 83 415.8126243018746
0.21 84 419.1532867918234
0.21 85 423.38174920934784
0.21 86 426.6938710820035
0.21 87 429.094089566
0.21 88 432.33913443998983
0.21 89 438.1350550187505
0.21 90 441.43015968693385
0.21 91 442.8614425999881
0.21 92 448.01400051
0.21 93 449.96694571639637
0.21 94 454.8433564902292
0.21 95 458.67481564495574
0.21 96 462.50032273805215
0.21 97 463.97446270586056
0.21 98 467.38665008410044
0.21 99 473.048459332
0.21 100 475.53992858373186
0.21 101 479.1109763908459
0.21 102 482.0983931296835
0.21 103 485.64686729079176
0.21 104 488.1417110922473
0.21 105 494.27398015
0.21 106 496.20422118062686
0.21 107 499.14737929
0.21 108 502.0297656444037
0.21 109 506.14206878403445
0.21 110 510.6132070413119
0.21 111 512.7614022303352
0.21 112 517.2214474948206
0.21 113 519.7492502830762
0.21 114 521.610050117713
0.21 115 527.1477706592158
0.21 116 532.3278826231708
0.21 117 533.230621003672
0.21 118 535.843830166
0.21 119 539.94111271532
0.21 120 542.9887935812718
0.21 121 546.919218376
0.21 122 551.174985298
0.21 123 552.904822367403
0.21 124 556.50148706
0.21 125 558.458999782051
0.21 126 564.930568732854
0.21 127 562.0072956168099
0.21 128 569.671927962
0.21 129 573.3350209217889
0.21 130 575.824053696813
0.21 131 565.6412826825506
0.21 132 583.692582658
0.21 133 587.5271462365258
0.21 134 589.9313479700254
0.21 135 591.0917756713238
0.21 136 595.958554124
0.21 137 601.6768262787124
0.21 138 603.3144697406883
0.21 139 605.3969969252535
0.21 140 609.7286080444488
0.21 141 611.4654132640342
0.21 142 614.4387162905826
0.21 143 620.219996741324
0.21 144 622.3133157828735
0.21 145 625.874381675736
0.21 146 627.9704610428806
0.21 147 630.9514127499033
0.21 148 635.4753348397566
0.21 149 637.7064102103401
0.21 150 642.3200561443618
0.21 151 644.290371639172
0.21 152 642.552056761114
0.21 153 649.7256414414956
0.21 154 654.887802524
0.21 155 658.0660136709125
0.21 156 651.432264073298
0.21 157 660.7566963490965
0.21 158 667.2266700622059
0.21 159 667.2395430115032
0.21 160 673.8894039719831
0.21 161 673.2672757550031
0.21 162 683.2487519698104
0.21 163 679.7864756111396
0.21 164 679.7968530179292
0.21 165 689.3219716289602
0.21 166 692.695741132
0.21 167 693.0773578382531
0.21 168 710.4075068197207
0.21 169 700.0509155889008
0.21 170 702.6139789364851
0.21 171 706.9780058305471
0.21 172 716.5108110896372
0.21 173 716.517895959035
0.21 174 715.9054464898741
0.21 175 721.8905797257727
0.21 176 722.578723392
0.21 177 728.3497927726623
0.21 178 729.4710979778768
0.21 179 737.1822930253303
0.21 180 735.9878327328163
0.21 181 742.3016310320289
0.21 182 741.4987866668818
0.21 183 747.5932529382197
0.21 184 747.7292319743228
0.21 185 752.2798862033463
0.21 186 753.70558042711
0.21 187 756.8730695595872
0.21 188 759.7996832998722
0.21 189 762.968937234
0.21 190 765.879781120451
0.21 191 769.91223363
0.21 192 771.4759707413058
0.21 193 774.4446654974523
0.21 194 777.6923111055402
0.21 195 782.9123642160023
0.21 196 784.4897681367336
0.21 197 786.855487688
0.21 198 791.165740022
0.21 199 792.7635243775713
0.21 200 795.836484049933
0.21 201 822.0128102083156
0.21 202 803.5742269248074
0.21 203 811.0366033350216
0.21 204 808.4720112121643
0.21 205 810.2745004172226
0.21 206 815.162920774
0.21 207 816.5471343024942
0.21 208 821.0298452121476
0.21 209 823.9280000197015
0.21 210 827.4610990042482
0.21 211 829.994071725891
0.21 212 832.89793012805
0.21 213 838.327487020583
0.21 214 838.3256768777937
0.21 215 843.7544393053263
0.21 216 844.153420118
0.21 217 849.1819413750364
0.21 218 849.1816651883379
0.21 219 854.6088581310835
0.21 220 854.5826420979729
0.21 221 860.0425034947014
0.21 222 862.5747303871989
0.21 223 865.4798166837256
0.21 224 865.4791646922299
0.21 225 870.9207278588842
0.21 226 876.3668653943284
0.21 227 876.36790774291
0.21 228 881.8182594004933
0.21 229 881.8180173550211
0.21 230 887.2737669710225
0.21 231 887.2735223959584
0.21 232 892.7314626088339
0.21 233 892.7312847729526
0.21 234 898.1923769159104
0.21 235 898.1924275562882
0.21 236 903.6551052062108
0.21 237 909.1184308306274
0.21 238 909.1183978425822
0.21 239 914.582290172723
0.21 240 914.5823645325622
0.21 241 920.0454299273832
0.21 242 920.045653666572
0.21 243 925.5084538905359
0.21 244 925.5083527293541
0.21 245 930.97054778097
0.21 246 930.9704543460754
0.21 247 936.4313820303327
0.21 248 936.4313777804891
0.21 249 941.891306285888
0.21 250 947.3506357465037
0.21 251 947.3506228179716
0.21 252 952.8093336526805
0.21 253 952.8091423248965
0.21 254 958.2677049231793
0.21 255 958.2676689632661
0.21 256 963.725735839156
0.21 257 963.7258551676482
0.21 258 969.1839235388996
0.21 259 969.1838955905343
0.21 260 974.6422523721966
0.21 261 974.6422478209466
0.21 262 980.100926196883
0.21 263 958.2676490641633
0.21 264 985.5599461938914
0.21 265 985.5599517024727
0.21 266 991.0194802327749
0.21 267 991.0194632473385
0.21 268 996.4795264310031
0.21 269 1001.9401358275388
0.21 270 1001.940145413629
0.21 271 1001.940107663196
0.21 272 1007.4012825485374
0.21 273 1012.8629575389791
0.21 274 1012.862940529314
0.21 275 1018.3251799909889
0.21 276 1018.3251512609096
0.21 277 1023.7879319860605
0.21 278 1023.7879495249382
0.21 279 1029.2512515564215
0.21 280 1034.7151861404764
0.21 281 1034.7151908803346
0.21 282 1029.25127883703
0.21 283 1040.179717654809
0.21 284 1045.6449334477734
0.21 285 1045.6449505246885
0.21 286 1045.6449362954775
0.21 287 1051.1109018376228
0.21 288 1056.5777032958315
0.21 289 1056.5776975180015
0.21 290 1056.5776960324472
0.21 291 1062.0453883584623
0.21 292 1065.376366056
0.21 293 1067.5141024326726
0.21 294 1072.9838896695173
0.21 295 1072.9839112782654
0.21 296 1078.4549163019426
0.21 297 1078.4549151486685
0.21 298 1078.4549174056397
0.21 299 1083.3829371648171
0.21 300 1089.400996384665
0.21 301 1089.4010037813584
0.21 302 1089.4009859085788
0.21 303 1094.8726703169104
0.21 304 1098.995135126
0.21 305 1103.3570455984607
0.21 306 1103.356811035594
0.21 307 1107.529944238
0.21 308 1103.357097018376
0.21 309 1083.9224806785858
0.21 310 1116.5370026748717
0.21 311 1105.8318921953394
0.21 312 1100.3653684658377
0.21 313 1125.118415232
0.21 314 1158.3172601933961
0.21 315 1148.3733510551633
0.21 316 1133.2554986371529
0.21 317 1103.042132423843
0.21 318 1150.8416373748537
0.21 319 1072.9839072969344
0.21 320 1150.2282873939619
0.21 321 1150.84339028575
0.21 322 1166.4801192361117
0.21 323 1153.8612223742077
0.21 324 1155.225794225407
0.21 325 1159.850841405456
0.21 326 1160.129459331752
0.21 327 1166.2313634517527
0.21 328 1166.4801192367474
0.21 329 1168.443870676149
0.21 330 1171.748717614492
0.21 331 1171.7487107927575
0.21 332 1177.2721845335534
0.21 333 1177.2721788508254
0.21 334 1175.5404164175422
0.21 335 1184.8365436327763
0.21 336 1166.2313611729965
0.21 337 1198.8884038115189
0.21 338 1192.4764394080353
0.21 339 1198.8888300936794
0.21 340 1199.0958669446854
0.21 341 1203.204273472
0.21 342 1205.158335772
0.21 343 1205.1571204787772
0.21 344 1205.1566417538897
0.21 345 1338.4501157371428
0.21 346 1216.826434622
0.21 347 1226.700780928838
0.21 348 1224.1170046910127
0.21 349 1223.548419242
0.21 350 1228.2184061747535
0.21 351 1230.4310270918043
0.21 352 1230.4310271076881
0.21 353 1236.8741570979282
0.21 354 1238.2813521507478
0.21 355 1240.545787344
0.21 356 1250.0344306641737
0.21 357 1256.2393428093683
0.21 358 1254.479797828417
0.21 359 1251.8573616956442
0.21 360 1254.7951473061753
0.21 361 1256.2371946629958
0.21 362 1260.4142804704884
0.21 363 1261.3636982895184
0.21 364 1273.3885652093295
0.21 365 1267.093716504
0.21 366 1273.388571485145
0.21 367 1266.005885564312
0.21 368 1273.3885738912231
0.21 369 1273.3886146727932
0.21 370 1254.4798880811502
0.21 371 1304.773881718616
0.21 372 1294.158782357561
0.21 373 1294.1587444455379
0.21 374 1294.1587667624065
0.21 375 1294.1587570944935
0.21 376 1294.1587975579516
0.21 377 1297.7481174929874
0.21 378 1301.4987851875212
0.21 379 1307.102754315998
0.21 380 1304.7740391326877
0.21 381 1323.3671053946014
0.21 382 1339.7088574674758
0.21 383 1346.2378954671822
0.21 384 1307.1027541378285
0.21 385 1321.3515762363504
0.21 386 1326.1401416295785
0.21 387 1304.774067166661
0.21 388 1332.7842111100115
0.21 389 1333.1837634063297
0.21 390 1333.1837634008994
0.21 391 1338.0929167268528
0.21 392 1339.70885747189
0.21 393 1344.1169896767758
0.21 394 1346.2378954646633
0.21 395 1344.1169883967616
0.21 396 1349.772040784785
0.21 397 1349.7720480065377
0.21 398 1349.772052473831
0.21 399 1363.317127051189
0.21 400 1363.317126534839
0.21 401 1363.3171338231364
0.21 402 1467.2903940429721
0.21 403 1363.3171281153038
0.21 404 1363.3171271824333
0.21 405 1416.7126815959575
0.21 406 1383.4882337144768
0.21 407 1380.638523944946
0.21 408 1384.903368832
0.21 409 1385.575199998572
0.21 410 1388.8468092617559
0.21 411 1391.7342982638631
0.21 412 1392.1794805081845
0.21 413 1398.264190952
0.21 414 1398.1514944228793
0.21 415 1403.0396508692163
0.21 416 1412.157760275372
0.21 417 1410.9570951051783
0.21 418 1410.9262194727194
0.21 419 1412.1577624184245
0.21 420 1416.7126529070945
0.21 421 1418.8952214280228
0.21 422 1422.5437734466184
0.21 423 1422.543768178129
0.21 424 1422.5438178116624
0.21 425 1416.71266289564
0.21 426 1432.7418705761634
0.21 427 1434.8036308766582
0.21 428 1435.2832063400724
0.21 429 1447.6971145781076
0.21 430 1447.6976938384207
0.21 431 1449.5964485187594
0.21 432 1447.6976995315363
0.21 433 1449.5965925174637
0.21 434 1453.079224419601
0.21 435 1453.0792383201613
0.21 436 1449.596501178261
0.21 437 1460.9214995022921
0.21 438 1462.834709838
0.21 439 1500.6599948571502
0.21 440 1470.4144585649037
0.21 441 1475.37378486875
0.21 442 1474.105857824
0.21 443 1463.2770921597992
0.21 444 1479.5412566081052
0.21 445 1481.147614894
0.21 446 1483.4720049763941
0.21 447 1487.8327510296147
0.21 448 1490.689979102
0.21 449 1494.7342472651885
0.21 450 1496.5465971489107
0.21 451 1496.5465971457534
0.21 452 1572.0546124617583
0.21 453 1338.4501242403826
0.21 454 1506.6161966510404
0.21 455 1508.644740944
0.21 456 1475.2485527376407
0.21 457 1513.53649688
0.21 458 1562.0006119232994
0.21 459 1517.7202042511378
0.21 460 1518.0716445913201
0.21 461 1518.071647420955
0.21 462 1531.0732542880062
0.21 463 1544.1035116344058
0.21 464 1532.2600820916332
0.21 465 1535.8179978199028
0.21 466 1537.6048201629494
0.21 467 1539.386814506
0.21 468 1542.3635734744375
0.21 469 1553.1447754021985
0.21 470 1548.2827177367376
0.21 471 1550.095694194
0.21 472 1551.8140884620514
0.21 473 1555.4544628014237
0.21 474 1558.314153898
0.21 475 1562.0006119217346
0.21 476 1566.2477574753982
0.21 477 1565.195887892
0.21 478 1568.5479766851247
0.21 479 1572.0176769459008
0.21 480 1572.0546662307722
0.21 481 1572.0546061366153
0.21 482 1577.714765175305
0.21 483 1580.7784995007855
0.21 484 1555.4544627978105
0.21 485 1542.3635734667998
0.21 486 1651.1261600006183
0.21 487 1631.5252334227464
0.21 488 1631.5251753203372
0.21 489 1641.7552522253202
0.21 490 1631.525172018313
0.21 491 1631.525287252191
0.21 492 1625.5904638449633
0.21 493 1631.5252053923382
0.21 494 1631.525242390534
0.21 495 1627.6104357396748
0.21 496 1631.5251743950191
0.21 497 1618.8541960896196
0.21 498 1625.5904767184652
0.21 499 1631.5222372106157
0.21 500 1627.5526132047023
0.21 501 1627.6104441726375
0.21 502 1631.5252021459269
0.21 503 1618.8542067085416
0.21 504 1631.5251693124706
0.21 505 1627.6104702713853
0.21 506 1627.5526391519436
0.21 507 1643.426908266
0.21 508 1644.5949677558992
0.21 509 1647.2922049062963
0.21 510 1651.126159996988
0.21 511 1653.8616709925534
0.21 512 1660.430414307248
0.21 513 1657.6581412531323
0.21 514 1666.9986482876752
0.21 515 1663.7491732143726
0.21 516 1666.347829050457
0.21 517 1659.791041507899
0.21 518 1670.896684791192
0.21 519 1568.5478218940846
0.21 520 1666.9986482891143
0.21 521 1670.8967836292948
0.21 522 1666.998648290346
0.21 523 1662.7354151918798
0.21 524 1681.855910427428
0.21 525 1690.610132235228
0.21 526 1690.610159516187
0.21 527 1695.94343528
0.21 528 1696.96962571755
0.21 529 1696.969625723314
0.21 530 1696.9696257098956
0.21 531 1753.3981666836614
0.21 532 1703.5559187547046
0.21 533 1710.1591817508183
0.21 534 1713.055102410638
0.21 535 1712.8592559334982
0.21 536 1718.801101459177
0.21 537 1719.598790274285
0.21 538 1724.3500045505166
0.21 539 1726.1853634007525
0.21 540 1725.2931090051761
0.21 541 1731.4439059263157
0.21 542 1732.7742874466144
0.21 543 1731.4439622780071
0.21 544 1726.185369810633
0.21 545 1739.9904597514603
0.21 546 1742.9512107721591
0.21 547 1732.057462654029
0.21 548 1753.399122346784
0.21 549 1753.3983806484803
0.21 550 1753.2069629310445
0.21 551 1755.309396682
0.21 552 1753.4069559968957
0.21 553 1753.3981589252066
0.21 554 1753.3988084476377
0.21 555 1739.990283033074
0.21 556 1725.2931752586076
0.21 557 1796.7247098631735
0.21 558 1802.99947416408
0.21 559 1782.9899127190774
0.21 560 1796.7824888052423
0.21 561 1781.7924464629812
0.21 562 1790.868084376413
0.21 563 1783.5795645612716
0.21 564 1791.0377675314583
0.21 565 1793.4139362054623
0.21 566 1796.7246479427197
0.21 567 1798.4407392904056
0.21 568 1802.3346502570084
0.21 569 1802.3348779585526
0.21 570 1802.3348799699872
0.21 571 1809.0454166586635
0.21 572 1809.045394478891
0.21 573 1873.759560626865
0.21 574 1815.5038033886894
0.21 575 1815.5026782154896
0.21 576 1820.372668114
0.21 577 1821.9801493043587
0.21 578 1824.6620912
0.21 579 1828.4631339638775
0.21 580 1828.463133823733
0.21 581 1834.9474154927323
0.21 582 1834.9474155803982
0.21 583 1800.163031248541
0.21 584 1834.947415530572
0.21 585 1809.0453886091393
0.21 586 1790.8676371101078
0.21 587 1846.1121915543968
0.21 588 1867.5170039286786
0.21 589 1853.10310557
0.21 590 1854.3778040459426
0.21 591 1859.2597001833467
0.21 592 1859.932032188947
0.21 593 1867.6704088066913
0.21 594 1864.8632323009617
0.21 595 1870.1557582795974
0.21 596 1870.1554004756342
0.21 597 1828.4631345018938
0.21 598 1873.7595871862407
0.21 599 1878.0460509680418
0.21 600 1879.32188123
0.21 601 1901.0826483676556
0.21 602 1686.706029272342
0.21 603 1870.1554611204178
0.21 604 2151.3517834554773
0.21 605 1893.499208517316
0.21 606 1893.7082248465551
0.21 607 1896.69329251
0.21 608 1906.0331981813638
0.21 609 1901.0830525456681
0.21 610 1905.45597724
0.21 611 1906.033234753582
0.21 612 1906.0333088461543
0.21 613 1906.0327645751474
0.21 614 1906.0315097805408
0.21 615 1906.03239598942
0.21 616 1906.033145618252
0.21 617 1901.084749295643
0.21 618 1906.0324727379016
0.21 619 1906.0332117640694
0.21 620 1906.0331828512074
0.21 621 1906.0332933061486
0.21 622 1906.0320076231694
0.21 623 1935.7529667198826
0.21 624 1953.992687772775
0.21 625 1953.9923403161285
0.21 626 1953.991930758896
0.21 627 1953.992866322784
0.21 628 1953.9925002009809
0.21 629 1953.9928501729903
0.21 630 1953.986134194931
0.21 631 1953.9923375985238
0.21 632 1867.517587948216
0.21 633 1978.7383556218776
0.21 634 1965.63626052294
0.21 635 1992.0440029672106
0.21 636 1981.6648774083553
0.21 637 1978.752650821729
0.21 638 1990.242374027875
0.21 639 1978.7525832600602
0.21 640 1996.85465731867
0.21 641 1990.2423740654497
0.21 642 1985.3666603416802
0.21 643 1986.429161914
0.21 644 1990.2423739012158
0.21 645 1990.2423740588438
0.21 646 1996.854663350241
0.21 647 1996.8546633961694
0.21 648 2023.2662635049674
0.21 649 2003.4922764347175
0.21 650 2004.808610976
0.21 651 2006.535616358
0.21 652 2010.0690050463727
0.21 653 2010.069005030865
0.21 654 2016.6699893687896
0.21 655 2016.6699893466207
0.21 656 2019.1136362481072
0.21 657 2021.8400668669944
0.21 658 2023.2662633307211
0.21 659 2025.8348800869983
0.21 660 2029.8575361312187
0.21 661 2032.5482851166087
0.21 662 2035.1934323525745
0.21 663 2036.4436978084173
0.21 664 1988.3406319669823
0.21 665 2041.6593398256884
0.21 666 2016.669989356549
0.21 667 2029.857547561093
0.21 668 2049.5644222992514
0.21 669 2052.460569108832
0.21 670 2052.4608349920563
0.21 671 2052.783751834942
0.21 672 2062.8519571500947
0.21 673 2131.7111662114
0.21 674 2062.8519610651683
0.21 675 2062.8519829361735
0.21 676 2062.852054223503
0.21 677 2062.851992829868
0.21 678 2062.8519513014435
0.21 679 2104.436202406069
0.21 680 2076.991596335714
0.21 681 2062.8520732960123
0.21 682 2104.435301690422
0.21 683 2053.41189131591
0.21 684 2010.069005046968
0.21 685 2048.079411080605
0.21 686 2107.3162666309654
0.21 687 2103.552148318364
0.21 688 2103.552153961645
0.21 689 2103.552202171891
0.21 690 2104.436252701899
0.21 691 2104.601703420139
0.21 692 2107.3127676490826
0.21 693 2104.6017035944915
0.21 694 2107.316274450105
0.21 695 2115.191110174161
0.21 696 2118.539901023793
0.21 697 2118.649394898882
0.21 698 2131.711166212593
0.21 699 2131.7111662074976
0.21 700 2131.7111662152097
0.21 701 2131.71116621073
0.21 702 2131.711166208997
0.21 703 2131.7111662083244
0.21 704 2131.7111662132834
0.21 705 2141.070083994
0.21 706 2125.1606428142513
0.21 707 2144.805310769753
0.21 708 2147.14070633
0.21 709 2149.4483897454866
0.21 710 2151.351783610463
0.21 711 2149.448389597288
0.21 712 2156.288881882418
0.21 713 2156.2888818540773
0.21 714 2163.0957306332916
0.21 715 2163.0957306187174
0.21 716 2163.0957306288083
0.21 717 2171.0362986937425
0.21 718 2171.295662418
0.21 719 2170.930457881625
0.21 720 2163.095730618838
0.21 721 2062.8519458964233
0.21 722 2196.447191954017
0.21 723 2222.6247485765384
0.21 724 2196.4471919600014
0.21 725 2193.0199112008368
0.21 726 2196.4471919616108
0.21 727 2196.4471919639773
0.21 728 2196.447191967992
0.21 729 2196.4471919690577
0.21 730 2203.8227796973947
0.21 731 2203.822779697952
0.21 732 2203.0170698774546
0.21 733 2209.5676831174974
0.21 734 2210.3887910580183
0.21 735 2216.1031771069447
0.21 736 2216.103177103146
0.21 737 2216.1031771086673
0.21 738 2222.6247485794825
0.21 739 2222.6247485854647
0.21 740 2222.6247485804206
0.21 741 2223.5160112698695
0.21 742 2230.1797771840743
0.21 743 2228.8312076009365
0.21 744 2233.916295251909
0.21 745 2229.8903463328284
0.21 746 2230.179796553304
0.21 747 2230.1798165883383
0.21 748 2230.1798256875973
0.21 749 2230.1798959335442
0.21 750 2223.5160112646668
0.21 751 2230.179895164937
0.21 752 2243.1058397887327
0.21 753 2222.6247485764015
0.21 754 2276.4897602964757
0.21 755 2276.4905282816444
0.21 756 2276.8715185185333
0.21 757 2276.8603304919775
0.21 758 2276.489892829945
0.21 759 2276.4901712918886
0.21 760 2276.4899359912265
0.21 761 2279.717859217923
0.21 762 2287.6591416967194
0.21 763 2276.489624419771
0.21 764 2279.71816912507
0.21 765 2287.6591416937968
0.21 766 2287.659141701278
0.21 767 2294.189772861737
0.21 768 2294.189774326338
0.21 769 2294.1897750811113
0.21 770 2315.794065690305
0.21 771 2300.7085903733296
0.21 772 2294.18977620211
0.21 773 2307.2397132298506
0.21 774 2307.2397131606986
0.21 775 2307.2397132198685
0.21 776 2313.777331210031
0.21 777 2313.777337366962
0.21 778 2300.7085859785893
0.21 779 2287.659141701904
0.21 780 2322.5089123449447
0.21 781 2346.6478724257886
0.21 782 2333.6526614123572
0.21 783 2352.1359305910323
0.21 784 2340.063755765023
0.21 785 2287.6591416905712
0.21 786 2333.6054952135096
0.21 787 3127.1881699757528
0.21 788 2340.927277156
0.21 789 2352.1359492432784
0.21 790 2346.6478694170373
0.21 791 2352.13592816161
0.21 792 2350.430904792
0.21 793 2353.2614631631295
0.21 794 2352.1359411677145
0.21 795 2359.829240599332
0.21 796 2363.2018370318287
0.21 797 2363.2018683603123
0.21 798 2365.1658944025176
0.21 799 2358.6433366995566
0.21 800 2369.259368254236
0.21 801 2365.1658943925613
0.21 802 2363.201829304469
0.21 803 2377.712888596
0.21 804 2365.1658944198048
0.21 805 2383.2426019900113
0.21 806 2384.6532861278465
0.21 807 2384.6532860808
0.21 808 2387.71485427
0.21 809 2397.485586912442
0.21 810 2392.8789875263565
0.21 811 2397.37313821
0.21 812 2397.501557582897
0.21 813 2401.5198792890146
0.21 814 2404.2690051605996
0.21 815 2405.459201260739
0.21 816 2410.309249548777
0.21 817 2410.315598232695
0.21 818 2410.3090761947915
0.21 819 2410.3142231975166
0.21 820 2410.3192218822683
0.21 821 2410.309433680591
0.21 822 2435.976562168343
0.21 823 2425.5230715887233
0.21 824 2410.3102932361207
0.21 825 2469.4964170549206
0.21 826 2435.9765621191505
0.21 827 2435.9765621198803
0.21 828 2435.9765621046513
0.21 829 2435.976562113244
0.21 830 2441.2259297200844
0.21 831 2443.24911296903
0.21 832 2449.8500547332555
0.21 833 2449.850054694835
0.21 834 2449.85005473849
0.21 835 2456.5871422695236
0.21 836 2456.5871515049157
0.21 837 2456.587146843039
0.21 838 2463.1830793772024
0.21 839 2463.1830699526367
0.21 840 2463.183068259628
0.21 841 2469.496427599753
0.21 842 2469.4964026440634
0.21 843 2472.7618359456833
0.21 844 2476.2587094213377
0.21 845 2476.258697526492
0.21 846 2482.088898405225
0.21 847 2482.0888902898255
0.21 848 2484.6822095795837
0.21 849 2476.2643362745684
0.21 850 2489.702867934
0.21 851 2482.089063506513
0.21 852 2615.993357229045
0.21 853 2530.957998176526
0.21 854 2509.297484591106
0.21 855 2509.2539819978297
0.21 856 2502.8081063393524
0.21 857 2530.915410456085
0.21 858 2509.253931202348
0.21 859 2509.2976781001453
0.21 860 2502.808071908301
0.21 861 2515.1920311579634
0.21 862 2515.1920284720386
0.21 863 2521.5990061841494
0.21 864 2521.5990138803522
0.21 865 2524.379065591172
0.21 866 2528.5647291955756
0.21 867 2528.5646726359655
0.21 868 2530.915191983595
0.21 869 2535.7757238590925
0.21 870 2535.6508364884703
0.21 871 2549.8072098984658
0.21 872 2535.775733222847
0.21 873 2535.7757330538693
0.21 874 2546.526583341632
0.21 875 2549.8072251727276
0.21 876 2549.8072242442786
0.21 877 2549.8072224111024
0.21 878 2555.526183972
0.21 879 2555.3091511350012
0.21 880 2555.3092805532015
0.21 881 2549.807221674178
0.21 882 2535.775742982378
0.21 883 2555.3090784084916
0.21 884 2521.598945441944
0.21 885 2595.0510914026054
0.21 886 2583.65141285129
0.21 887 2584.5559733759396
0.21 888 2583.6547684987704
0.21 889 2595.0511723069417
0.21 890 2584.5622107266386
0.21 891 2583.654114000536
0.21 892 2583.65459392513
0.21 893 2595.0507672319764
0.21 894 2595.050492255243
0.21 895 2595.0506111335285
0.21 896 2601.2992654356285
0.21 897 2601.29984774261
0.21 898 2602.8249747998293
0.21 899 2605.6171921174196
0.21 900 2606.546400458
0.21 901 2615.9933457742363
0.21 902 2619.145502261938
0.21 903 2623.422076665425
0.21 904 2628.0311480805694
0.21 905 2634.244672261678
0.21 906 2619.1455684672396
0.21 907 2623.4221466408367
0.21 908 2625.444549635739
0.21 909 2628.03104288192
0.21 910 2632.5467307089825
0.21 911 2634.244647242129
0.21 912 2636.342558264
0.21 913 2635.4536655863644
0.21 914 2636.871542878372
0.21 915 2634.2446517009876
0.21 916 2634.244688623795
0.21 917 2654.3103698226687
0.21 918 2653.93671633244
0.21 919 2653.7939765247484
0.21 920 2654.310373837906
0.21 921 2654.310372580144
0.21 922 2654.3103732512127
0.21 923 2654.3103813247226
0.21 924 2672.487290472336
0.21 925 2668.0137105191393
0.21 926 2669.497380086974
0.21 927 2672.4884029552572
0.21 928 2672.4866645457173
0.21 929 2675.305630588389
0.21 930 2672.4867522977943
0.21 931 2668.0137291304577
0.21 932 2668.013676441819
0.21 933 2684.8187744664583
0.21 934 2688.312088008
0.21 935 2684.8187580373583
0.21 936 2678.7877210877864
0.21 937 2668.0136947872757
0.21 938 2714.6758479155114
0.21 939 2678.7876279708944
0.21 940 2703.046821875935
0.21 941 2704.420930318
0.21 942 2706.3290512721424
0.21 943 2706.3290758689823
0.21 944 2710.899901349364
0.21 945 2713.236327422023
0.21 946 2710.8998948699364
0.21 947 2802.1056242733075
0.21 948 2720.797576687579
0.21 949 2723.466585893951
0.21 950 2723.46658589395
0.21 951 2714.673699293785
0.21 952 2710.8999751313486
0.21 953 2723.46658589395
0.21 954 2723.4665858939516
0.21 955 2668.013687372377
0.21 956 2934.6490462445017
0.21 957 2845.402349000536
0.21 958 2777.436033902363
0.21 959 2703.0468530741414
0.21 960 2730.0079559322294
0.21 961 2759.626293291647
0.21 962 2760.206236580314
0.21 963 2759.6262842346136
0.21 964 2759.6262700096854
0.21 965 2760.2074703988455
0.21 966 2762.2798793955585
0.21 967 2760.2062855707813
0.21 968 2793.971873804158
0.21 969 2768.744700456681
0.21 970 2772.5244933898875
0.21 971 2777.43602458031
0.21 972 2777.436031095701
0.21 973 2778.015340339517
0.21 974 2777.436067968585
0.21 975 2772.524461474384
0.21 976 2790.7944975559494
0.21 977 2790.7943374635674
0.21 978 2790.794599630607
0.21 979 2792.379854462565
0.21 980 2790.794610995188
0.21 981 2790.7944814562884
0.21 982 2792.3798664447268
0.21 983 2800.853892594
0.21 984 2844.739085670912
0.21 985 2944.533611709326
0.21 986 2706.329023750053
0.21 987 3663.5825144695214
0.21 988 2844.739071106228
0.21 989 2762.2798798364724
0.21 990 2835.87681978641
0.21 991 2821.186514016367
0.21 992 2822.514113632
0.21 993 2835.8767250564765
0.21 994 2827.6805914006745
0.21 995 2832.7247575740034
0.21 996 2832.7246022928857
0.21 997 2834.8803187345407
0.21 998 2834.8802988344105
0.21 999 2838.2317306106306
0.22 0 28.14203820149342
0.22 1 41.87834391566367
0.22 2 49.89266556240508
0.22 3 60.64098324670453
0.22 4 65.76649569030856
0.22 5 74.98835853458229
0.22 6 81.64991116860523
0.22 7 86.55381601120745
0.22 8 96.01046579668193
0.22 9 99.547664956
0.22 10 105.94062803786527
0.22 11 112.892495394
0.22 12 118.694088006
0.22 13 121.66355768716663
0.22 14 130.2263749943562
0.22 15 134.159621058
0.22 16 139.09280293861102
0.22 17 144.134315348
0.22 18 151.409381398
0.22 19 154.289680138
0.22 20 158.67475710688518
0.22 21 165.820761708
0.22 22 169.47098983209435
0.22 23 174.85055419087968
0.22 24 177.618222416
0.22 25 184.9838021789464
0.22 26 189.302688082
0.22 27 191.74127113596617
0.22 28 197.66238245538372
0.22 29 202.635702012
0.22 30 207.4510774538942
0.22 31 210.893246104
0.22 32 214.33672465184506
0.22 33 222.059071086
0.22 34 223.74935192922024
0.22 35 228.64050392304063
0.22 36 232.453360642
0.22 37 237.58202801297034
0.22 38 241.3579639774481
0.22 39 245.893680975022
0.22 40 248.51364142932343
0.22 41 255.03334184554197
0.22 42 259.1574084
0.22 43 262.1753439456919
0.22 44 266.995474406
0.22 45 269.513019506
0.22 46 276.23204827273156
0.22 47 279.4724453532966
0.22 48 282.2473900205212
0.22 49 286.22371239194365
0.22 50 292.0019719071067
0.22 51 294.8560360501123
0.22 52 300.10705637663915
0.22 53 302.6419296942769
0.22 54 306.0493927806989
0.22 55 312.22571078920555
0.22 56 315.099569331451
0.22 57 317.699976342
0.22 58 321.34206259692286
0.22 59 326.0614272659464
0.22 60 331.0741167592415
0.22 61 334.352843018356
0.22 62 338.189252434214
0.22 63 339.8239206623295
0.22 64 346.8228960169463
0.22 65 349.508383046
0.22 66 352.882967057783
0.22 67 356.75501349053974
0.22 68 359.83296804
0.22 69 364.414156968
0.22 70 369.74898466998457
0.22 71 371.1974248054893
0.22 72 374.4578511691062
0.22 73 378.83228879801584
0.22 74 384.0532847789127
0.22 75 386.159453208
0.22 76 390.53079336
0.22 77 393.7531724351902
0.22 78 403.9682105234258
0.22 79 402.5296002926164
0.22 80 404.986864949207
0.22 81 408.379343606
0.22 82 410.79182825234267
0.22 83 415.81261522021913
0.22 84 419.1533275233866
0.22 85 423.38176438625527
0.22 86 426.6937449559672
0.22 87 429.094089566
0.22 88 432.33955386735016
0.22 89 438.1343058504385
0.22 90 441.429827097315
0.22 91 442.86148661409624
0.22 92 448.0139658795372
0.22 93 449.96674501116775
0.22 94 454.84321349839445
0.22 95 458.6750061422066
0.22 96 462.5003101859482
0.22 97 463.974470506
0.22 98 467.3861557045789
0.22 99 473.048459332
0.22 100 475.5399792710831
0.22 101 479.110955146
0.22 102 482.0985860929488
0.22 103 485.6464598818829
0.22 104 488.14178736888124
0.22 105 494.27380805544243
0.22 106 496.20437167949393
0.22 107 499.14737929
0.22 108 502.0301187406082
0.22 109 506.1401125978703
0.22 110 510.61237089947974
0.22 111 512.7616239514083
0.22 112 517.2215581634066
0.22 113 519.7489805002127
0.22 114 521.61033087907
0.22 115 527.1478041054247
0.22 116 531.0924277828465
0.22 117 533.2304073855147
0.22 118 537.2668369068916
0.22 119 539.9411676788502
0.22 120 542.9880058671564
0.22 121 546.9192307417927
0.22 122 551.174985298
0.22 123 552.9036481702328
0.22 124 556.50148706
0.22 125 558.4578542510156
0.22 126 564.9307805339652
0.22 127 561.9823276812489
0.22 128 569.671927962
0.22 129 573.3352646490765
0.22 130 575.8239858232807
0.22 131 567.1786253982501
0.22 132 583.692582658
0.22 133 588.8238256452297
0.22 134 589.9311485839279
0.22 135 591.0923377160531
0.22 136 595.958554124
0.22 137 601.691251308504
0.22 138 603.3145522238789
0.22 139 605.388415279773
0.22 140 609.7286401473995
0.22 141 611.4562014240386
0.22 142 614.438992256
0.22 143 620.219931818191
0.22 144 622.3153127801772
0.22 145 625.8745679367015
0.22 146 627.9707160980998
0.22 147 630.9514663787998
0.22 148 635.4727654834707
0.22 149 637.705848826462
0.22 150 642.3207803200712
0.22 151 644.2896404476655
0.22 152 642.0133634037625
0.22 153 649.7257776178575
0.22 154 654.887802524
0.22 155 658.0658693451759
0.22 156 651.32683940895
0.22 157 660.3620116340194
0.22 158 666.6758040738423
0.22 159 667.0545106320318
0.22 160 673.8943059290092
0.22 161 673.5808252199596
0.22 162 683.2571838607765
0.22 163 679.7756731141061
0.22 164 679.8295966637082
0.22 165 689.3223616878109
0.22 166 692.695741132
0.22 167 696.3350837969929
0.22 168 706.4949684149863
0.22 169 699.5218143530758
0.22 170 699.9346143616309
0.22 171 706.9785670059749
0.22 172 716.5399672302498
0.22 173 716.5383852065238
0.22 174 715.9050234520469
0.22 175 722.0561282024191
0.22 176 722.578723392
0.22 177 727.9111799308074
0.22 178 729.4709750461207
0.22 179 737.2022008502602
0.22 180 735.9873606317718
0.22 181 742.3425983651742
0.22 182 741.2859978342727
0.22 183 747.5936261054386
0.22 184 747.7299905912121
0.22 185 752.2799529899507
0.22 186 753.7059885602291
0.22 187 756.8746866886565
0.22 188 759.8001068323384
0.22 189 762.968937234
0.22 190 765.8802591542693
0.22 191 769.91223363
0.22 192 771.476028562288
0.22 193 774.4450293280339
0.22 194 777.6923280642749
0.22 195 782.912167128
0.22 196 784.4896934195225
0.22 197 786.8585694795202
0.22 198 791.1657702137488
0.22 199 792.763708446
0.22 200 795.8369764713632
0.22 201 822.0103688371826
0.22 202 803.5742721817788
0.22 203 811.0508712820097
0.22 204 808.4765371508037
0.22 205 810.264934311342
0.22 206 815.1648422576438
0.22 207 816.5479815603744
0.22 208 821.0303496850939
0.22 209 822.011340055941
0.22 210 827.4592093860509
0.22 211 830.0166844542855
0.22 212 832.898332178207
0.22 213 838.3269410250978
0.22 214 838.328794877987
0.22 215 843.7552739053942
0.22 216 844.153420118
0.22 217 849.1829689189044
0.22 218 849.1824586999086
0.22 219 854.4198806226591
0.22 220 854.6102898411878
0.22 221 860.0442553805208
0.22 222 860.0438007384349
0.22 223 865.4797838020937
0.22 224 865.4794041578048
0.22 225 870.9210181963497
0.22 226 876.3681549727544
0.22 227 876.3686402612051
0.22 228 881.8186128484173
0.22 229 881.8187511850972
0.22 230 887.2740653530035
0.22 231 887.2736526571412
0.22 232 892.732372722445
0.22 233 892.7319962686166
0.22 234 898.1927075293346
0.22 235 898.192695647388
0.22 236 903.6552827156041
0.22 237 909.1188135558859
0.22 238 909.118797066503
0.22 239 914.5828769349673
0.22 240 914.582733262808
0.22 241 920.0461082519289
0.22 242 920.0462569877604
0.22 243 925.5093155446674
0.22 244 925.5089345454887
0.22 245 930.970987673058
0.22 246 930.9709115095845
0.22 247 936.4318351170215
0.22 248 936.4317984195933
0.22 249 941.8917835139813
0.22 250 947.3510767068101
0.22 251 865.4798657294006
0.22 252 952.8097681139325
0.22 253 952.8097091209332
0.22 254 958.2680514528815
0.22 255 958.2680125790337
0.22 256 963.7261731529181
0.22 257 963.7261545433101
0.22 258 969.1842475932988
0.22 259 969.1842710887547
0.22 260 974.6426095757498
0.22 261 974.6426009488655
0.22 262 980.1011838371801
0.22 263 974.6425724158286
0.22 264 985.5602967020108
0.22 265 985.5603522727923
0.22 266 991.0198052638249
0.22 267 991.0198085867347
0.22 268 996.4798736078551
0.22 269 1001.9404470323104
0.22 270 1001.9404679167325
0.22 271 1001.9404513581368
0.22 272 1007.4015863772072
0.22 273 1012.8632777344911
0.22 274 1012.8632501974013
0.22 275 1018.325463420194
0.22 276 1018.3254381416069
0.22 277 1023.7882405036613
0.22 278 1023.7882503768001
0.22 279 1029.2515604960772
0.22 280 1034.71545160521
0.22 281 1034.7154504842513
0.22 282 1029.2515518482169
0.22 283 1040.179986266185
0.22 284 1045.645215033509
0.22 285 1045.6451957092024
0.22 286 1045.6452291914532
0.22 287 1051.111165259026
0.22 288 1056.5779336787516
0.22 289 1056.5779556999983
0.22 290 1056.577955301675
0.22 291 1067.514332234885
0.22 292 1065.376366056
0.22 293 1067.5143278269375
0.22 294 1072.984125703303
0.22 295 1072.984114954951
0.22 296 1078.455133163455
0.22 297 1078.4551247104957
0.22 298 1078.455134405117
0.22 299 1083.3829782158446
0.22 300 1089.4011874384546
0.22 301 1089.4011853373456
0.22 302 1089.4011823087208
0.22 303 1094.8728667802675
0.22 304 1098.995135126
0.22 305 1103.360928603654
0.22 306 1103.3608433736954
0.22 307 1107.529944238
0.22 308 1103.3610222651196
0.22 309 1083.9197212356607
0.22 310 1116.7195543723121
0.22 311 1105.8320459913512
0.22 312 1100.3658462342823
0.22 313 1125.118415232
0.22 314 1158.3144993031403
0.22 315 1153.8605771349048
0.22 316 1133.2556308410944
0.22 317 1103.0421728214717
0.22 318 1150.8417255575225
0.22 319 1072.9841221230627
0.22 320 1150.2263335983537
0.22 321 1150.841513947577
0.22 322 1166.2314700449256
0.22 323 1153.8616586027645
0.22 324 1154.084479893612
0.22 325 1159.859177984095
0.22 326 1160.129509821909
0.22 327 1166.2314769367188
0.22 328 1166.4801600716899
0.22 329 1168.4437587633954
0.22 330 1171.7488090439685
0.22 331 1171.7488073698635
0.22 332 1177.2722544348326
0.22 333 1177.272263525681
0.22 334 1175.540924797964
0.22 335 1185.1427166
0.22 336 1171.7488087885336
0.22 337 1198.9430064520288
0.22 338 1192.4763442826816
0.22 339 1198.9431532301887
0.22 340 1199.096131635113
0.22 341 1203.204273472
0.22 342 1205.3276289090204
0.22 343 1205.3277914061048
0.22 344 1205.2154812846911
0.22 345 1896.4905530962242
0.22 346 1216.826434622
0.22 347 1226.7029886269634
0.22 348 1224.1145415055644
0.22 349 1223.548419242
0.22 350 1228.2186102266567
0.22 351 1230.4310281990904
0.22 352 1230.4310282009378
0.22 353 1236.8741632117815
0.22 354 1238.257637120786
0.22 355 1240.545787344
0.22 356 1250.0259994401983
0.22 357 1256.2387904469817
0.22 358 1254.4854503273657
0.22 359 1251.8619618269313
0.22 360 1254.7952713541101
0.22 361 1256.2370908685673
0.22 362 1260.4142806925688
0.22 363 1261.3638116428283
0.22 364 1273.3886233922847
0.22 365 1267.093716504
0.22 366 1273.3886321585817
0.22 367 1266.0058907168116
0.22 368 1273.3886304216542
0.22 369 1273.388681730962
0.22 370 1254.485169108669
0.22 371 1304.774050747039
0.22 372 1294.1585267908174
0.22 373 1294.1584851700964
0.22 374 1294.1585122904567
0.22 375 1294.1584976640918
0.22 376 1294.1585415101245
0.22 377 1297.7477736685034
0.22 378 1301.4984025740187
0.22 379 1307.1027584519964
0.22 380 1304.7741524519279
0.22 381 1323.3613014372793
0.22 382 1339.7087766484167
0.22 383 1346.237796946918
0.22 384 1307.102758407403
0.22 385 1321.3502450240073
0.22 386 1326.1330148363888
0.22 387 1304.7740357387536
0.22 388 1332.7842669437944
0.22 389 1333.1836999274801
0.22 390 1333.1836999286002
0.22 391 1338.0933406546128
0.22 392 1339.708776648557
0.22 393 1344.116915874097
0.22 394 1346.2377969444294
0.22 395 1344.1169187158068
0.22 396 1332.7842688523426
0.22 397 1349.77191276942
0.22 398 1349.7719072846044
0.22 399 1363.3167862384933
0.22 400 1363.3167857741241
0.22 401 1363.3168004224078
0.22 402 1467.2774489897456
0.22 403 1363.3167873922866
0.22 404 1363.3167864052057
0.22 405 1416.7188753218827
0.22 406 1383.486925001487
0.22 407 1380.0250788373241
0.22 408 1384.903368832
0.22 409 1385.5749848853145
0.22 410 1388.833387363399
0.22 411 1391.452671842
0.22 412 1392.1792455956645
0.22 413 1398.264190952
0.22 414 1398.151450635223
0.22 415 1403.05159077014
0.22 416 1412.1574883678172
0.22 417 1410.9571452605783
0.22 418 1410.957131124508
0.22 419 1412.1574896530183
0.22 420 1416.7189232728238
0.22 421 1418.894960053539
0.22 422 1422.5436663608734
0.22 423 1422.543664909682
0.22 424 1422.5436993470921
0.22 425 1428.5458557462478
0.22 426 1432.7397342195059
0.22 427 1434.8039449496016
0.22 428 1435.283752978125
0.22 429 1447.6967815657124
0.22 430 1447.6968176887967
0.22 431 1449.5968968634857
0.22 432 1447.696758614084
0.22 433 1449.597026774951
0.22 434 1453.079524128176
0.22 435 1453.0794860903104
0.22 436 1449.5969238464106
0.22 437 1460.9229285738409
0.22 438 1462.834709838
0.22 439 1205.7333118395773
0.22 440 1470.414453070505
0.22 441 1475.413804275098
0.22 442 1474.105857824
0.22 443 1463.277125928914
0.22 444 1479.5219660549517
0.22 445 1481.147614894
0.22 446 1483.4719981668766
0.22 447 1487.8356064768425
0.22 448 1490.689979102
0.22 449 1494.7346107113683
0.22 450 1496.5465934801475
0.22 451 1496.5465934704796
0.22 452 1572.055430759594
0.22 453 1344.1169120474092
0.22 454 1506.6162759445792
0.22 455 1508.644740944
0.22 456 1475.4122613125262
0.22 457 1513.53649688
0.22 458 1562.000614329081
0.22 459 1517.7209586152005
0.22 460 1518.07210810647
0.22 461 1518.072110931313
0.22 462 1531.0738187782758
0.22 463 1540.9488763083762
0.22 464 1532.2595711050403
0.22 465 1535.818007855924
0.22 466 1537.6027879609062
0.22 467 1539.386814506
0.22 468 1542.3635826501948
0.22 469 1553.1444437901198
0.22 470 1548.2835276416927
0.22 471 1550.095694194
0.22 472 1551.8149225492086
0.22 473 1555.4544679243231
0.22 474 1558.314153898
0.22 475 1562.0006143288585
0.22 476 1565.9365770489444
0.22 477 1565.195887892
0.22 478 1568.5480054905208
0.22 479 1572.0185558603869
0.22 480 1572.0554362623268
0.22 481 1572.055418479242
0.22 482 1577.7131860427398
0.22 483 1580.7778545715562
0.22 484 1555.4544679072287
0.22 485 1542.3635826525601
0.22 486 1651.126119013634
0.22 487 1631.5252086296732
0.22 488 1631.5251840828978
0.22 489 1641.7464606186204
0.22 490 1631.5252123383657
0.22 491 1627.5526887209164
0.22 492 1625.5890761807977
0.22 493 1631.5251797503377
0.22 494 1631.5252000018115
0.22 495 1627.6104118199776
0.22 496 1631.5251962594273
0.22 497 1618.854323416165
0.22 498 1625.5890736523456
0.22 499 1631.5222854461342
0.22 500 1627.5526621542717
0.22 501 1627.6103981918025
0.22 502 1631.525192411993
0.22 503 1642.9323027675705
0.22 504 1631.5251806566544
0.22 505 1627.610409719693
0.22 506 1627.55265886405
0.22 507 1643.426908266
0.22 508 1644.5949434499566
0.22 509 1647.2922104633162
0.22 510 1651.1261190121663
0.22 511 1653.8616764221274
0.22 512 1660.4304185837013
0.22 513 1657.6580828212468
0.22 514 1666.3452820741004
0.22 515 1663.7497566327904
0.22 516 1666.3537806582233
0.22 517 1659.7969245171312
0.22 518 1670.8963743544587
0.22 519 1568.547849955375
0.22 520 1666.9986503781918
0.22 521 1670.8967904847839
0.22 522 1666.9986503763735
0.22 523 1662.7300350146274
0.22 524 1681.8720033804289
0.22 525 1690.6102041722568
0.22 526 1690.610113889153
0.22 527 1695.94343528
0.22 528 1696.9694941526782
0.22 529 1696.9694941450525
0.22 530 1696.9694941470632
0.22 531 1753.392070892807
0.22 532 1703.5557880555637
0.22 533 1710.1650033636918
0.22 534 1713.0554539762272
0.22 535 1712.8595494018568
0.22 536 1718.8013224294489
0.22 537 1719.5987828249652
0.22 538 1725.2931025458518
0.22 539 1726.1853582074818
0.22 540 1725.293146696019
0.22 541 1731.4442215853155
0.22 542 1732.7743264488797
0.22 543 1731.444606116863
0.22 544 1726.1853687288299
0.22 545 1739.9638837541413
0.22 546 1742.9528283633526
0.22 547 1732.0577598164784
0.22 548 1753.3919938408483
0.22 549 1753.3922704957347
0.22 550 1753.2069468302095
0.22 551 1755.309396682
0.22 552 1753.4082882375271
0.22 553 1753.3934394740002
0.22 554 1753.392536977804
0.22 555 1739.9638414104343
0.22 556 1725.2933689680515
0.22 557 1802.8836105811
0.22 558 1802.9905377582384
0.22 559 1782.9891822105983
0.22 560 1796.7793505186032
0.22 561 1781.792267093596
0.22 562 1790.8674728969825
0.22 563 1783.579975666534
0.22 564 1791.0366163644132
0.22 565 1793.403183986913
0.22 566 1796.7247277659187
0.22 567 1798.440753292405
0.22 568 1802.3351569282806
0.22 569 1802.3350689213914
0.22 570 1802.3352061326852
0.22 571 1809.0455739495194
0.22 572 1809.0455521666297
0.22 573 1873.7598361625053
0.22 574 1815.5039920499194
0.22 575 1815.5029857478671
0.22 576 1820.372668114
0.22 577 1821.9803660793407
0.22 578 1824.6620912
0.22 579 1828.4633632532123
0.22 580 1828.4633631123977
0.22 581 1834.9476585554082
0.22 582 1834.9476586890862
0.22 583 1809.0206087217446
0.22 584 1834.9476585052794
0.22 585 1809.0455659251786
0.22 586 1790.8674415380399
0.22 587 1846.111486515925
0.22 588 1867.6694850580218
0.22 589 1853.10310557
0.22 590 1854.3780658840708
0.22 591 1859.2593215684371
0.22 592 1859.932085988475
0.22 593 1867.670005221305
0.22 594 1864.8626943026802
0.22 595 1870.1620036270817
0.22 596 1870.1611917808734
0.22 597 1867.6696065507392
0.22 598 1873.7598354007594
0.22 599 1878.0460695495422
0.22 600 1879.32188123
0.22 601 1901.0826456845707
0.22 602 1653.2453730156153
0.22 603 1869.9089830537532
0.22 604 1416.7127545275594
0.22 605 1893.4989811094238
0.22 606 1893.707785906541
0.22 607 1896.69329251
0.22 608 1906.0355359797525
0.22 609 1901.0829583063316
0.22 610 1905.45597724
0.22 611 1906.0345351276712
0.22 612 1906.0356521466933
0.22 613 1906.0351856569398
0.22 614 1906.035507928449
0.22 615 1906.0353201432854
0.22 616 1906.0354679879279
0.22 617 1899.4911167381692
0.22 618 1906.034745545805
0.22 619 1906.0355226006282
0.22 620 1906.035323705406
0.22 621 1906.0339419177935
0.22 622 1906.034331094104
0.22 623 1935.7605036430693
0.22 624 1953.9934031032512
0.22 625 1953.9932655463676
0.22 626 1953.9930919310789
0.22 627 1953.9931445194077
0.22 628 1953.993402589461
0.22 629 1953.9919908724612
0.22 630 1953.9858200071837
0.22 631 1953.9934160991384
0.22 632 1870.1614584899746
0.22 633 1978.7354236509777
0.22 634 1965.6221391980957
0.22 635 1992.038917513189
0.22 636 1983.5651727033069
0.22 637 1978.7353195251694
0.22 638 1990.2423935770885
0.22 639 1978.7348563024239
0.22 640 1996.8547009252316
0.22 641 1990.242393983165
0.22 642 1985.3449768588737
0.22 643 1986.429161914
0.22 644 1990.2423940083665
0.22 645 1990.242393963944
0.22 646 1996.8546853542766
0.22 647 1996.854685318314
0.22 648 2023.2662840328392
0.22 649 2003.492577775178
0.22 650 2004.808610976
0.22 651 2006.535616358
0.22 652 2010.0690287450873
0.22 653 2010.0690287588568
0.22 654 2016.6700122939294
0.22 655 2016.6700120681035
0.22 656 2019.1137145555701
0.22 657 2021.856135038099
0.22 658 2023.2662837881728
0.22 659 2025.8349914332866
0.22 660 2029.8575523799102
0.22 661 2032.5484224507002
0.22 662 2035.1936135972933
0.22 663 2036.443711028908
0.22 664 2005.674105308732
0.22 665 2041.659541782618
0.22 666 2016.6700122781142
0.22 667 2029.8575636787343
0.22 668 2049.5650853756742
0.22 669 2052.461540102741
0.22 670 2052.461438866354
0.22 671 2052.7836917898176
0.22 672 2062.8563064325426
0.22 673 2131.7112419924097
0.22 674 2062.8562347031366
0.22 675 2062.8563191337
0.22 676 2062.8565519372546
0.22 677 2062.856299780708
0.22 678 2071.8193654554257
0.22 679 2104.434214956495
0.22 680 2076.991718833008
0.22 681 2062.8562656842787
0.22 682 2104.434184345915
0.22 683 2049.5650754977523
0.22 684 2010.0690287486786
0.22 685 2048.0793401244614
0.22 686 2104.4343261744557
0.22 687 2103.552567414701
0.22 688 2103.5525484111304
0.22 689 2103.5525731722673
0.22 690 2104.4338817379066
0.22 691 2104.621078271366
0.22 692 2107.319443935161
0.22 693 2104.6222062595143
0.22 694 2107.8716642638333
0.22 695 2115.1896588710965
0.22 696 2118.5417970258686
0.22 697 2118.6486290218613
0.22 698 2131.711241990958
0.22 699 2131.711241992784
0.22 700 2131.711241989479
0.22 701 2131.711241994598
0.22 702 2131.711241990751
0.22 703 2131.71124199272
0.22 704 2131.7112419885816
0.22 705 2141.070083994
0.22 706 2125.1607332430076
0.22 707 2144.805356743933
0.22 708 2147.14070633
0.22 709 2149.4484504439665
0.22 710 2151.351815338241
0.22 711 2149.4484504443053
0.22 712 2156.2890374803033
0.22 713 2156.289037452151
0.22 714 2163.095955418348
0.22 715 2163.0959554076176
0.22 716 2163.0959554259566
0.22 717 2170.2650625577703
0.22 718 2171.295662418
0.22 719 2170.930221338197
0.22 720 2163.095955421958
0.22 721 2062.8562428683153
0.22 722 2196.4474256750686
0.22 723 2222.624881531961
0.22 724 2196.4474256521903
0.22 725 2193.019342037351
0.22 726 2196.4474256688545
0.22 727 2196.4474256542094
0.22 728 2196.4474256629665
0.22 729 2196.44742566018
0.22 730 2203.8227599490388
0.22 731 2203.8227599548572
0.22 732 2203.0172796553006
0.22 733 2209.567867349414
0.22 734 2210.388805787675
0.22 735 2216.103334884708
0.22 736 2216.103334880336
0.22 737 2216.1033348827027
0.22 738 2222.624881535147
0.22 739 2222.6248815269605
0.22 740 2222.6248815286667
0.22 741 2223.515978708913
0.22 742 2230.1817682661012
0.22 743 2228.8293087386273
0.22 744 2233.9242849155357
0.22 745 2229.8893530923388
0.22 746 2230.1817701980326
0.22 747 2230.1818609692505
0.22 748 2230.1817614760303
0.22 749 2230.181819895207
0.22 750 2223.515978700261
0.22 751 2230.181900590171
0.22 752 2243.0929732824243
0.22 753 2222.624881530684
0.22 754 2276.489327420442
0.22 755 2276.4891382553706
0.22 756 2276.869876532826
0.22 757 2276.8593620099405
0.22 758 2276.489207212353
0.22 759 2276.4888160684714
0.22 760 2276.488900804092
0.22 761 2279.71882511278
0.22 762 2287.6590307162714
0.22 763 2276.4888561754847
0.22 764 2279.7189829861404
0.22 765 2287.6590307030874
0.22 766 2287.65903071156
0.22 767 2294.189628880873
0.22 768 2294.1896303166272
0.22 769 2294.189631067234
0.22 770 2315.7938343084757
0.22 771 2300.708438364004
0.22 772 2294.189632328873
0.22 773 2307.2395482435177
0.22 774 2307.2395481819494
0.22 775 2307.239548237314
0.22 776 2313.777156667785
0.22 777 2313.777162828014
0.22 778 2300.708434006714
0.22 779 2287.6590307063934
0.22 780 2322.5087376924316
0.22 781 2346.6476084626834
0.22 782 2333.6002959777907
0.22 783 2352.1360234835106
0.22 784 2340.0637636254473
0.22 785 2309.092529063032
0.22 786 2333.6036312426154
0.22 787 3326.159316254558
0.22 788 2340.927277156
0.22 789 2352.13603651461
0.22 790 2346.647608773747
0.22 791 2352.136045507088
0.22 792 2350.430904792
0.22 793 2353.261170351831
0.22 794 2352.13604318834
0.22 795 2359.828985076526
0.22 796 2363.2019413236308
0.22 797 2363.2019496463777
0.22 798 2365.1658749385433
0.22 799 2358.6433362841444
0.22 800 2369.2600640148034
0.22 801 2365.1658749376993
0.22 802 2363.2019425610374
0.22 803 2377.712888596
0.22 804 2365.165874949507
0.22 805 2383.2426716147215
0.22 806 2384.653292766267
0.22 807 2384.6532926543146
0.22 808 2387.71485427
0.22 809 2397.485600181638
0.22 810 2365.1658749342632
0.22 811 2397.37313821
0.22 812 2397.5017313241096
0.22 813 2401.519485261368
0.22 814 2404.266746809873
0.22 815 2405.4578850411763
0.22 816 2410.3101421973142
0.22 817 2410.3083889436725
0.22 818 2410.309880723555
0.22 819 2410.3120933035425
0.22 820 2410.3228093411894
0.22 821 2410.313605197004
0.22 822 2435.977468894182
0.22 823 2425.522586446553
0.22 824 2410.3096313905003
0.22 825 2469.4968668526967
0.22 826 2435.9774688943917
0.22 827 2435.977468870492
0.22 828 2435.9774688446096
0.22 829 2435.9774689068695
0.22 830 2441.218587914335
0.22 831 2443.2527978807557
0.22 832 2449.850395617559
0.22 833 2449.8503956970544
0.22 834 2449.850395716996
0.22 835 2456.587310949581
0.22 836 2456.5873201541144
0.22 837 2456.587315502959
0.22 838 2463.1831823063267
0.22 839 2463.1831720789655
0.22 840 2463.183172800073
0.22 841 2469.496878550666
0.22 842 2469.4968527893084
0.22 843 2472.76598502422
0.22 844 2476.2588487506537
0.22 845 2476.258836478298
0.22 846 2482.088312047706
0.22 847 2482.088822243297
0.22 848 2484.6810821979266
0.22 849 2476.264475254057
0.22 850 2489.702867934
0.22 851 2482.088842619005
0.22 852 2612.1685419809205
0.22 853 2530.9040137367447
0.22 854 2509.2970458146156
0.22 855 2509.253687324074
0.22 856 2502.807753033324
0.22 857 2530.9040810247056
0.22 858 2509.2536486052736
0.22 859 2509.2970591541653
0.22 860 2509.2536118035932
0.22 861 2515.190854271509
0.22 862 2515.1908432152736
0.22 863 2521.5996640361577
0.22 864 2521.5996560621584
0.22 865 2524.3672873368923
0.22 866 2528.565305256005
0.22 867 2528.565244590094
0.22 868 2530.904117745093
0.22 869 2535.7751528670574
0.22 870 2535.650711364797
0.22 871 2549.803483762486
0.22 872 2535.774975411679
0.22 873 2535.7749861077823
0.22 874 2546.526596641247
0.22 875 2549.8034984971605
0.22 876 2549.8034976987483
0.22 877 2549.803489860529
0.22 878 2555.526183972
0.22 879 2555.3117655596816
0.22 880 2555.3136804033797
0.22 881 2549.803495277885
0.22 882 2535.7749241195006
0.22 883 2555.3119788210915
0.22 884 2521.599644815692
0.22 885 2595.049540080705
0.22 886 2583.6520815814274
0.22 887 2584.555798202804
0.22 888 2583.6548147170884
0.22 889 2595.0505192191354
0.22 890 2584.5629089018685
0.22 891 2583.6548554993697
0.22 892 2583.654742615215
0.22 893 2595.0507024480216
0.22 894 2595.050439832015
0.22 895 2595.048773148341
0.22 896 2601.2956216690436
0.22 897 2601.2970415378613
0.22 898 2602.823543454012
0.22 899 2605.632812229633
0.22 900 2606.546400458
0.22 901 2615.9896548096795
0.22 902 2619.1474627714897
0.22 903 2623.4179249882714
0.22 904 2619.147450909045
0.22 905 2634.2443207181163
0.22 906 2620.920820560985
0.22 907 2623.417390125282
0.22 908 2625.4532699006095
0.22 909 2628.030899108667
0.22 910 2632.5467407217416
0.22 911 2634.2443389406326
0.22 912 2636.342558264
0.22 913 2634.2443184297704
0.22 914 2636.87280453342
0.22 915 2634.244298021963
0.22 916 2634.244294641692
0.22 917 2654.310381817102
0.22 918 2653.936357251931
0.22 919 2653.794445931799
0.22 920 2654.3103857894066
0.22 921 2654.310384535214
0.22 922 2654.310385204914
0.22 923 2654.310393363144
0.22 924 2672.4848134449967
0.22 925 2668.0115679933742
0.22 926 2669.49730358294
0.22 927 2672.4829088836377
0.22 928 2672.4848812123205
0.22 929 2675.3038733892295
0.22 930 2672.485251565115
0.22 931 2668.011594010378
0.22 932 2668.0115800670073
0.22 933 2684.818824673801
0.22 934 2688.312088008
0.22 935 2684.8188099714
0.22 936 2667.2177704768487
0.22 937 2668.0115776610282
0.22 938 2714.676299591009
0.22 939 2678.7876075400764
0.22 940 2703.0473841346848
0.22 941 2704.420930318
0.22 942 2706.3294154522555
0.22 943 2706.3271466313936
0.22 944 2710.9115560736604
0.22 945 2713.235537046795
0.22 946 2710.9114776270308
0.22 947 2684.818788696912
0.22 948 2720.794057089829
0.22 949 2723.4666849215055
0.22 950 2723.4666849215055
0.22 951 2714.675667681976
0.22 952 2710.911531516564
0.22 953 2723.4666849215064
0.22 954 2723.466684921508
0.22 955 2688.543797400779
0.22 956 2778.0171350961236
0.22 957 2838.2327737839582
0.22 958 2777.4337211905636
0.22 959 2703.046215624851
0.22 960 2730.0083379103885
0.22 961 2759.620486595292
0.22 962 2760.205245858781
0.22 963 2759.6205173153776
0.22 964 2759.620480716086
0.22 965 2760.205075736768
0.22 966 2762.279159788874
0.22 967 2760.2050694031145
0.22 968 2792.419334582553
0.22 969 2768.7451567911917
0.22 970 2772.5254976060523
0.22 971 2777.433705598333
0.22 972 2777.4336788212936
0.22 973 2778.0169348501654
0.22 974 2777.4336286846715
0.22 975 2772.5254303039637
0.22 976 2790.792763568053
0.22 977 2787.5410368838534
0.22 978 2790.7928462543164
0.22 979 2792.419405476431
0.22 980 2790.792990011261
0.22 981 2790.7927708893003
0.22 982 2792.419578328106
0.22 983 2800.853892594
0.22 984 2844.739474803245
0.22 985 2949.308556714197
0.22 986 2706.329419626792
0.22 987 3560.285938163914
0.22 988 2844.7394931908275
0.22 989 2762.2791566037913
0.22 990 2835.8683987675217
0.22 991 2821.1858385218325
0.22 992 2822.514113632
0.22 993 2835.8684410463015
0.22 994 2827.6805356529226
0.22 995 2832.723778196893
0.22 996 2832.723303827878
0.22 997 2834.8808214368605
0.22 998 2835.8679195302366
0.22 999 2838.232742687788