0.15 0 1089.3998222638547
0.15 1 1089.3998310251727
0.15 2 1089.3998189397107
0.15 3 1094.87516517551
0.15 4 1098.995135126
0.15 5 1103.0418904305204
0.15 6 1103.334210433351
0.15 7 1107.529944238
0.15 8 1103.3337284117238
0.15 9 1084.0149165904504
0.15 10 1116.7332006556644
0.15 11 1105.83085924441
0.15 12 1103.0418904316014
0.15 13 1125.118415232
0.15 14 1159.7981896830504
0.15 15 1155.2244029103083
0.15 16 1133.25471585927
0.15 17 1151.8955791579426
0.15 18 1149.621296175589
0.15 19 1108.6448001145654
0.15 20 1150.2283142899284
0.15 21 1150.8438101342026
0.15 22 1166.4798738625263
0.15 23 1153.857635695789
0.15 24 1155.224428040794
0.15 25 1159.797716186249
0.15 26 1160.1291560650907
0.15 27 1166.230733929176
0.15 28 1166.4798738576608
0.15 29 1168.44454120201
0.15 30 1171.7481554215037
0.15 31 1171.7481603415047
0.15 32 1177.271709203883
0.15 33 1177.2717115280818
0.15 34 1175.5383914356828
0.15 35 1185.1427166
0.15 36 1171.7481581483544
0.15 37 1199.0939526746322
0.15 38 1192.2539065810815
0.15 39 1198.6663753775465
0.15 40 1199.093910569036
0.15 41 1205.0679246915386
0.15 42 1205.158335772
0.15 43 1205.0677020252253
0.15 44 1205.067645746665
0.15 45 2228.54005851536
0.15 46 1216.826434622
0.15 47 1226.686460744178
0.15 48 1224.131666433307
0.15 49 1223.548419242
0.15 50 1228.21720086854
0.15 51 1230.4310201231185
0.15 52 1230.4310201286232
0.15 53 1236.874120093689
0.15 54 1236.8741200949194
0.15 55 1240.545787344
0.15 56 1250.0178827379505
0.15 57 1256.2390538328448
0.15 58 1254.447160237668
0.15 59 1232.527308418827
0.15 60 1254.7944037415186
0.15 61 1256.2374328265785
0.15 62 1260.4141834347336
0.15 63 1261.3630187998178
0.15 64 1273.3882185637362
0.15 65 1267.093716504
0.15 66 1273.3882458889043
0.15 67 1266.0058699175363
0.15 68 1273.3883022423122
0.15 69 1273.3882298815138
0.15 70 1254.4471651334081
0.15 71 1304.773046288997
0.15 72 1294.1602610191267
0.15 73 1294.1602761328852
0.15 74 1294.1602923972805
0.15 75 1294.1602850041666
0.15 76 1294.1602562955657
0.15 77 1297.7501481426555
0.15 78 1301.5022714892607
0.15 79 1307.102729340364
0.15 80 1304.7730422916197
0.15 81 1323.4008497131663
0.15 82 1339.7093422167582
0.15 83 1346.238486353035
0.15 84 1307.102729341232
0.15 85 1321.3602979301784
0.15 86 1326.1842726786185
0.15 87 1304.7730447314962
0.15 88 1332.783863555467
0.15 89 1333.1841441235101
0.15 90 1333.184144122597
0.15 91 1338.0922287783708
0.15 92 1339.7093422153703
0.15 93 1344.1174205448967
0.15 94 1346.2384863530433
0.15 95 1344.1174179510474
0.15 96 1352.279348728
0.15 97 1349.7728618861272
0.15 98 1349.7728808105576
0.15 99 1363.319175148807
0.16 0 1089.4000174990854
0.16 1 1089.400001527693
0.16 2 1089.4000140552446
0.16 3 1094.8753401460685
0.16 4 1098.995135126
0.16 5 1103.0419307184382
0.16 6 1103.336520098455
0.16 7 1105.8310295553472
0.16 8 1103.3379405581388
0.16 9 1083.3827321688482
0.16 10 1116.529314221632
0.16 11 1105.8310435459593
0.16 12 1103.041930718192
0.16 13 1125.118415232
0.16 14 1159.803194795115
0.16 15 1153.8415224906912
0.16 16 1133.2548437413732
0.16 17 1151.8943040160746
0.16 18 1149.6189798733378
0.16 19 1078.4538486105218
0.16 20 1150.2281084063097
0.16 21 1150.8433809680973
0.16 22 1166.4799148026918
0.16 23 1155.2246212993161
0.16 24 1155.224622684593
0.16 25 1159.8075199645841
0.16 26 1160.1292066520953
0.16 27 1166.2308383455395
0.16 28 1166.4799148007478
0.16 29 1168.4444295588692
0.16 30 1171.748247855017
0.16 31 1171.74824664066
0.16 32 1177.2717855582428
0.16 33 1177.2717942301726
0.16 34 1175.5387172617845
0.16 35 1185.1427166
0.16 36 1171.7482495178092
0.16 37 1198.6950789376967
0.16 38 1192.272461141517
0.16 39 1198.6950293240218
0.16 40 1199.0942817447674
0.16 41 1205.0678648702772
0.16 42 1205.158335772
0.16 43 1205.0672407913453
0.16 44 1205.0672385727382
0.16 45 2163.0946082535183
0.16 46 1216.826434622
0.16 47 1226.6897738134408
0.16 48 1224.1293235061164
0.16 49 1223.548419242
0.16 50 1228.2173953340382
0.16 51 1230.4310213381573
0.16 52 1230.4310213324538
0.16 53 1236.8741262999138
0.16 54 1236.8741262975898
0.16 55 1240.545787344
0.16 56 1250.0185638086089
0.16 57 1256.2390140226319
0.16 58 1254.4522990500068
0.16 59 1254.452700968897
0.16 60 1254.7945275860993
0.16 61 1256.23738460861
0.16 62 1260.414183409587
0.16 63 1261.3631319806282
0.16 64 1273.388357962079
0.16 65 1267.093716504
0.16 66 1273.388269869824
0.16 67 1266.0059336852587
0.16 68 1273.3882931193664
0.16 69 1273.388274981621
0.16 70 1254.4526143429364
0.16 71 1304.7731388994846
0.16 72 1294.1600057597582
0.16 73 1294.1600171728146
0.16 74 1294.1600382672298
0.16 75 1294.1600258851013
0.16 76 1294.160000509082
0.16 77 1297.7498354501104
0.16 78 1301.5015204491033
0.16 79 1307.1027334974076
0.16 80 1304.7733227631247
0.16 81 1323.3966953945517
0.16 82 1339.709261446916
0.16 83 1346.2383878983883
0.16 84 1307.10273348844
0.16 85 1321.3590162857688
0.16 86 1326.176744196269
0.16 87 1304.773331938633
0.16 88 1332.783914988013
0.16 89 1333.184080680878
0.16 90 1333.1840806867642
0.16 91 1338.09232516805
0.16 92 1339.7092614459664
0.16 93 1344.1173459463446
0.16 94 1346.2383878958726
0.16 95 1344.1173434168136
0.16 96 1352.279348728
0.16 97 1349.772726811411
0.16 98 1349.7727213518456
0.16 99 1363.3188329714953
0.17 0 1089.4001870204863
0.17 1 1089.4002108816226
0.17 2 1089.4002123912119
0.17 3 1094.875530304904
0.17 4 1098.995135126
0.17 5 1103.0419710202113
0.17 6 1103.3419029957047
0.17 7 1107.529944238
0.17 8 1103.3412938251518
0.17 9 1083.3827731398917
0.17 10 1116.5309540555734
0.17 11 1105.8312013429843
0.17 12 1103.94214412234
0.17 13 1125.118415232
0.17 14 1159.8161761883366
0.17 15 1155.2248881463456
0.17 16 1133.2549715778964
0.17 17 1151.899014370661
0.17 18 1149.6166901100744
0.17 19 1083.95929373684
0.17 20 1150.228148823023
0.17 21 1150.843060489767
0.17 22 1166.4799557208078
0.17 23 1155.22489609856
0.17 24 1155.344464640279
0.17 25 1159.8155880717559
0.17 26 1160.1292572215377
0.17 27 1166.2309503389763
0.17 28 1166.4799557219344
0.17 29 1168.4443178741901
0.17 30 1171.7483431863147
0.17 31 1171.7483400452677
0.17 32 1177.271864903301
0.17 33 1177.2718682938512
0.17 34 1175.5391033832632
0.17 35 1159.815500177505
0.17 36 1171.7483439287757
0.17 37 1198.7216007967286
0.17 38 1192.2973336854852
0.17 39 1198.7215307113202
0.17 40 1199.0945442766854
0.17 41 1205.0669362819363
0.17 42 1205.158335772
0.17 43 1205.067070030953
0.17 44 1205.0671885450433
0.17 45 2015.0734001704575
0.17 46 1216.826434622
0.17 47 1226.690696443863
0.17 48 1224.1268592957967
0.17 49 1223.548419242
0.17 50 1228.2176126373934
0.17 51 1230.4310225323952
0.17 52 1230.4310225218899
0.17 53 1236.8741324919538
0.17 54 1236.8741324883629
0.17 55 1240.545787344
0.17 56 1250.0683513019349
0.17 57 1256.2373426244471
0.17 58 1254.4582547512318
0.17 59 1254.4582570575255
0.17 60 1254.7946514622708
0.17 61 1256.2390373977523
0.17 62 1260.4142139370429
0.17 63 1261.3632451840028
0.17 64 1273.3883336444906
0.17 65 1267.093716504
0.17 66 1273.388365231171
0.17 67 1266.0059200054116
0.17 68 1273.3883490240037
0.17 69 1273.388322371803
0.17 70 1254.4582371950996
0.17 71 1304.7734558739703
0.17 72 1294.1597504517256
0.17 73 1294.1597581534763
0.17 74 1294.1597840803636
0.17 75 1294.1597666868356
0.17 76 1294.1597446667101
0.17 77 1297.7494669691573
0.17 78 1301.5009541809586
0.17 79 1307.1027376299376
0.17 80 1304.7734582408384
0.17 81 1323.3886662726543
0.17 82 1339.7091806659678
0.17 83 1346.2382894301147
0.17 84 1307.1027376342338
0.17 85 1321.3579487708741
0.17 86 1326.1685250805485
0.17 87 1304.773451643313
0.17 88 1332.78398063857
0.17 89 1333.1840172399877
0.17 90 1333.184017240064
0.17 91 1338.450142106162
0.17 92 1339.7091806680316
0.17 93 1344.1172712350674
0.17 94 1346.238289435118
0.17 95 1344.1172759186254
0.17 96 1326.1691329874543
0.17 97 1349.772589413928
0.17 98 1349.7725906506703
0.17 99 1363.3184928369596
0.18 0 1089.4004040434704
0.18 1 1089.4004047500944
0.18 2 1089.4004110103128
0.18 3 1094.8757147751464
0.18 4 1098.995135126
0.18 5 1103.0420113407647
0.18 6 1103.3454499890954
0.18 7 1105.8313677133617
0.18 8 1103.3456776998526
0.18 9 1083.3828141227823
0.18 10 1116.7274958005314
0.18 11 1105.8313751286978
0.18 12 1100.3637634130075
0.18 13 1125.118415232
0.18 14 1159.8239162897064
0.18 15 1155.2251071539135
0.18 16 1133.2550966411463
0.18 17 1151.8904308945491
0.18 18 1149.6144277263274
0.18 19 1089.4004069892544
0.18 20 1150.228186930187
0.18 21 1150.8428531649608
0.18 22 1166.4799966252647
0.18 23 1154.0832313526744
0.18 24 1155.2250831320744
0.18 25 1159.8250693521693
0.18 26 1160.1293077766773
0.18 27 1166.231051518779
0.18 28 1166.4799966245723
0.18 29 1168.4442061403197
0.18 30 1171.7484324890913
0.18 31 1171.7484457847163
0.18 32 1177.2719497164007
0.18 33 1177.2719410422105
0.18 34 1175.5396092572348
0.18 35 1185.1427166
0.18 36 1171.7484315919883
0.18 37 1198.7510355173797
0.18 38 1192.3206964213375
0.18 39 1198.7544436287296
0.18 40 1199.094877883654
0.18 41 1205.066477035854
0.18 42 1205.158335772
0.18 43 1205.0668035041765
0.18 44 1205.0665140485376
0.18 45 2052.785505391844
0.18 46 1216.826434622
0.18 47 1226.6942311426278
0.18 48 1224.1243347347297
0.18 49 1223.548419242
0.18 50 1228.2178238039753
0.18 51 1230.4310237005377
0.18 52 1230.4310237025368
0.18 53 1236.8741386682034
0.18 54 1238.363648314127
0.18 55 1240.545787344
0.18 56 1250.0598416384723
0.18 57 1256.2389415573182
0.18 58 1254.4637290713008
0.18 59 1251.8529198525357
0.18 60 1254.7947753738001
0.18 61 1256.2373219776248
0.18 62 1260.4142069592888
0.18 63 1261.3633584192573
0.18 64 1273.3885012351877
0.18 65 1267.093716504
0.18 66 1273.3884599944022
0.18 67 1266.0056910970538
0.18 68 1273.3884724990157
0.18 69 1273.388391841318
0.18 70 1254.4619634257813
0.18 71 1304.7736606827166
0.18 72 1294.1594950951164
0.18 73 1294.1594990749893
0.18 74 1294.1595298365098
0.18 75 1294.159507411301
0.18 76 1294.159488768515
0.18 77 1297.7491352149036
0.18 78 1301.500434176862
0.18 79 1307.1027417958016
0.18 80 1304.7736474050266
0.18 81 1323.3826805050824
0.18 82 1339.7090998738986
0.18 83 1346.2381909610394
0.18 84 1307.1027417880248
0.18 85 1321.356151645898
0.18 86 1326.158749749092
0.18 87 1304.7734834776304
0.18 88 1332.7840351333762
0.18 89 1333.1839537903197
0.18 90 1333.1839537903788
0.18 91 1338.4501469395127
0.18 92 1339.7090998818617
0.18 93 1344.1172015262832
0.18 94 1346.2381909598168
0.18 95 1344.1172037853169
0.18 96 1352.279348728
0.18 97 1349.7724583096594
0.18 98 1349.7724520636307
0.18 99 1363.3181500558308
0.19 0 1089.400599033846
0.19 1 1089.4006199582602
0.19 2 1089.4006131713145
0.19 3 1094.8759037388627
0.19 4 1098.995135126
0.19 5 1103.0420516829224
0.19 6 1103.3493877561868
0.19 7 1107.529944238
0.19 8 1103.3494647472498
0.19 9 1083.3828551259207
0.19 10 1116.7254597583305
0.19 11 1105.8315421638692
0.19 12 1099.9767461938818
0.19 13 1125.118415232
0.19 14 1155.2253160406624
0.19 15 1155.225333327379
0.19 16 1133.2552547703474
0.19 17 1103.0420516829518
0.19 18 1149.611659218711
0.19 19 1089.4006076908743
0.19 20 1150.2282227285898
0.19 21 1150.8473909637128
0.19 22 1166.4800375095988
0.19 23 1154.0835337709857
0.19 24 1155.2253432534976
0.19 25 1158.499367946343
0.19 26 1160.1293583110112
0.19 27 1166.2311518309689
0.19 28 1166.48003751257
0.19 29 1168.4440943653315
0.19 30 1171.74853436232
0.19 31 1171.748522078255
0.19 32 1177.272026387853
0.19 33 1177.2720232649544
0.19 34 1175.5397585300811
0.19 35 1184.8341041439842
0.19 36 1166.231147432527
0.19 37 1198.7872701610775
0.19 38 1192.342806857379
0.19 39 1198.7873489219498
0.19 40 1199.0949225577622
0.19 41 1205.0678871839289
0.19 42 1205.158335772
0.19 43 1205.0672148475558
0.19 44 1205.0672087752632
0.19 45 1626.1798013706803
0.19 46 1216.826434622
0.19 47 1226.6941743141774
0.19 48 1224.1218911562466
0.19 49 1223.548419242
0.19 50 1228.2180164649021
0.19 51 1230.431024855043
0.19 52 1230.4310248620832
0.19 53 1236.874144827851
0.19 54 1238.334316652277
0.19 55 1240.545787344
0.19 56 1250.0513517008162
0.19 57 1256.2389209909475
0.19 58 1254.4690997991465
0.19 59 1254.469211382207
0.19 60 1254.7948993183238
0.19 61 1256.2372640366941
0.19 62 1260.4142361525935
0.19 63 1261.3634716847448
0.19 64 1273.3884491933009
0.19 65 1267.093716504
0.19 66 1273.3885196050962
0.19 67 1266.0058193595835
0.19 68 1273.3884612072927
0.19 69 1273.3884797119117
0.19 70 1254.4690934633088
0.19 71 1304.7737898446658
0.19 72 1294.159239690021
0.19 73 1294.1592399372366
0.19 74 1294.1592755354704
0.19 75 1294.1592480729869
0.19 76 1294.1592328145011
0.19 77 1297.7487831669175
0.19 78 1301.4998232151427
0.19 79 1307.102745955243
0.19 80 1304.7735867338138
0.19 81 1323.3773369557455
0.19 82 1339.709019082928
0.19 83 1346.238092471683
0.19 84 1307.1027459491627
0.19 85 1321.3545347033867
0.19 86 1326.1544756769001
0.19 87 1304.7737600042703
0.19 88 1332.7840938711345
0.19 89 1333.183890336139
0.19 90 1333.1838903290918
0.19 91 1338.450131135007
0.19 92 1339.7090190862693
0.19 93 1344.1171345855462
0.19 94 1346.238092474404
0.19 95 1344.1171336171776
0.19 96 1349.7723165387545
0.19 97 1349.772317070052
0.19 98 1349.772318613936
0.19 99 1363.3178082772388
0.2 0 1089.4007867157877
0.2 1 1089.4007897847407
0.2 2 1089.4007972290624
0.2 3 1094.8760851955803
0.2 4 1098.995135126
0.2 5 1103.3531842787313
0.2 6 1103.35280061336
0.2 7 1107.529944238
0.2 8 1103.3532746600386
0.2 9 1083.3828961354761
0.2 10 1116.7188323212135
0.2 11 1105.8317142468024
0.2 12 1100.3647869752808
0.2 13 1125.1216172627705
0.2 14 1158.5047172699503
0.2 15 1154.084254721757
0.2 16 1133.2553668894454
0.2 17 1103.042092044145
0.2 18 1150.841953145972
0.2 19 1089.4007934444685
0.2 20 1150.2282562176542
0.2 21 1150.8454326548158
0.2 22 1166.4800783880178
0.2 23 1153.8608380307787
0.2 24 1155.2255920832256
0.2 25 1159.8405107830474
0.2 26 1160.1294088242948
0.2 27 1166.2312509532085
0.2 28 1166.4800783850515
0.2 29 1168.4439825437469
0.2 30 1171.7486207925328
0.2 31 1171.748626969788
0.2 32 1177.2721003237152
0.2 33 1177.2720988680292
0.2 34 1175.5407417974986
0.2 35 1185.1427166
0.2 36 1171.7486200907285
0.2 37 1198.8299039171154
0.2 38 1192.3643613754232
0.2 39 1198.8299810957153
0.2 40 1199.095536402812
0.2 41 1205.1240675902686
0.2 42 1205.158335772
0.2 43 1205.1169824749422
0.2 44 1205.1164070537056
0.2 45 811.0421362787266
0.2 46 1216.826434622
0.2 47 1226.6986289305887
0.2 48 1224.1194276569702
0.2 49 1223.548419242
0.2 50 1228.2181820585774
0.2 51 1230.4310259848564
0.2 52 1230.4310259929307
0.2 53 1236.8741509726783
0.2 54 1238.306655795903
0.2 55 1240.545787344
0.2 56 1250.0428813965243
0.2 57 1256.23952094155
0.2 58 1254.474078676391
0.2 59 1254.4746256700853
0.2 60 1254.7950232970825
0.2 61 1256.237219001838
0.2 62 1260.4142586516698
0.2 63 1261.3635849761029
0.2 64 1273.3885071429659
0.2 65 1267.093716504
0.2 66 1273.3885172166654
0.2 67 1266.0058115832253
0.2 68 1273.3885174865577
0.2 69 1273.3885473370801
0.2 70 1254.4746738614222
0.2 71 1304.7739407937752
0.2 72 1294.1589842365079
0.2 73 1294.1590036618422
0.2 74 1294.159021177501
0.2 75 1294.158988648681
0.2 76 1294.1590535501393
0.2 77 1297.7484441633098
0.2 78 1301.4993040456982
0.2 79 1307.102750012532
0.2 80 1304.7736708258162
0.2 81 1323.371886028706
0.2 82 1339.7089382810364
0.2 83 1346.2379939768311
0.2 84 1307.1027501226445
0.2 85 1321.353398214627
0.2 86 1326.1474012022584
0.2 87 1304.7737614644093
0.2 88 1332.7841480796
0.2 89 1333.1838268707002
0.2 90 1333.1838268697736
0.2 91 1338.0929934969229
0.2 92 1339.7089382790614
0.2 93 1344.1170581441156
0.2 94 1346.2379939723899
0.2 95 1344.1170625724192
0.2 96 1349.7721820318914
0.2 97 1349.7721819613814
0.2 98 1349.7721765316885
0.2 99 1363.3174510327144
0.21 0 1089.4009936444231
0.21 1 1089.4010022374498
0.21 2 1089.4009874600104
0.21 3 1094.8726273425186
0.21 4 1098.995135126
0.21 5 1103.3570809597275
0.21 6 1103.3570553463492
0.21 7 1107.529944238
0.21 8 1103.357097018376
0.21 9 1083.9224370823606
0.21 10 1116.721566753933
0.21 11 1105.8319049880558
0.21 12 1099.897291722494
0.21 13 1125.118415232
0.21 14 1159.8503572944285
0.21 15 1149.6076112936937
0.21 16 1133.2554989841092
0.21 17 1103.0421324233425
0.21 18 1150.841603788566
0.21 19 996.4795220821462
0.21 20 1150.2282873939619
0.21 21 1150.84338946499
0.21 22 1166.4801192339949
0.21 23 1154.085115184394
0.21 24 1155.2257965754143
0.21 25 1159.8504113287238
0.21 26 1160.1294593314587
0.21 27 1166.2313670138362
0.21 28 1166.4801192343712
0.21 29 1168.4438706743347
0.21 30 1171.748716732297
0.21 31 1171.7487127771883
0.21 32 1177.272178278156
0.21 33 1177.272172604798
0.21 34 1175.5404164006397
0.21 35 1159.8505645471896
0.21 36 1171.7487120548274
0.21 37 1199.0958318951475
0.21 38 1192.476439672672
0.21 39 1198.8887577939463
0.21 40 1199.0958642624448
0.21 41 1203.204273472
0.21 42 1205.158335772
0.21 43 1205.1571204784339
0.21 44 1205.1566417538897
0.21 45 1338.4501269024342
0.21 46 1216.826434622
0.21 47 1226.7002719330048
0.21 48 1224.1169845009777
0.21 49 1223.548419242
0.21 50 1228.2184122870995
0.21 51 1230.4310271061959
0.21 52 1230.43102711119
0.21 53 1236.8741570948016
0.21 54 1238.2813714377796
0.21 55 1240.545787344
0.21 56 1250.0344306641737
0.21 57 1256.2388107238226
0.21 58 1254.4798942519294
0.21 59 1251.856764261013
0.21 60 1254.795147307498
0.21 61 1256.2371954577304
0.21 62 1260.4142641442268
0.21 63 1261.363698294545
0.21 64 1273.3885652093295
0.21 65 1267.093716504
0.21 66 1273.3885714851453
0.21 67 1266.0058905515998
0.21 68 1273.3885738912231
0.21 69 1273.3886146728055
0.21 70 1254.4797925056457
0.21 71 1304.7738853895964
0.21 72 1294.158782357561
0.21 73 1294.1587444455379
0.21 74 1294.1587667624053
0.21 75 1294.1587570944935
0.21 76 1294.1587975579516
0.21 77 1297.7481174929744
0.21 78 1301.4987851875212
0.21 79 1307.1027542953057
0.21 80 1304.7740140987632
0.21 81 1323.36672799029
0.21 82 1339.7088574684428
0.21 83 1346.2378954643723
0.21 84 1307.1027542516583
0.21 85 1321.3515762363515
0.21 86 1326.1398968996364
0.21 87 1304.773901789097
0.21 88 1332.7842062333525
0.21 89 1333.1837634042763
0.21 90 1333.1837634062747
0.21 91 1338.093178252404
0.21 92 1339.7088574678535
0.21 93 1344.1169895681876
0.21 94 1346.2378954641492
0.21 95 1344.116993610874
0.21 96 1352.279348728
0.21 97 1349.772044933655
0.21 98 1349.7720412828605
0.21 99 1363.3171270511893
0.22 0 1089.4011872387487
0.22 1 1089.4011867092493
0.22 2 1089.4011886536596
0.22 3 1094.8799253451214
0.22 4 1098.995135126
0.22 5 1103.3607821025187
0.22 6 1103.3608433737068
0.22 7 1107.529944238
0.22 8 1103.3609367065046
0.22 9 1083.9197031335104
0.22 10 1116.7194262586106
0.22 11 1105.8320571028012
0.22 12 1100.367294137547
0.22 13 1125.118415232
0.22 14 1155.2260392563724
0.22 15 1154.0849192412466
0.22 16 1133.2556339598937
0.22 17 1103.0421728268198
0.22 18 1150.8411861387563
0.22 19 1083.9197149624163
0.22 20 1150.2263335983537
0.22 21 1150.841513947577
0.22 22 1166.2314715444138
0.22 23 1153.861662220346
0.22 24 1155.2260781547432
0.22 25 1159.8589852676164
0.22 26 1160.1295098246717
0.22 27 1166.231472058463
0.22 28 1166.4801600652286
0.22 29 1168.443758767269
0.22 30 1171.7487953368968
0.22 31 1171.7488027723878
0.22 32 1177.2722536367053
0.22 33 1177.2722623929749
0.22 34 1175.5409247757877
0.22 35 1185.1427166
0.22 36 1171.7488108543146
0.22 37 1199.096103478444
0.22 38 1192.476345413296
0.22 39 1199.0961043001519
0.22 40 1199.0960637221647
0.22 41 1203.204273472
0.22 42 1205.3276289090204
0.22 43 1205.3277914061048
0.22 44 1205.2154812846911
0.22 45 1896.4905530962242
0.22 46 1216.826434622
0.22 47 1226.7029933892695
0.22 48 1224.1145414880752
0.22 49 1223.548419242
0.22 50 1228.2186080302617
0.22 51 1230.4310282068343
0.22 52 1230.4310282068398
0.22 53 1236.8741632066783
0.22 54 1238.2575829244852
0.22 55 1240.545787344
0.22 56 1250.02599943966
0.22 57 1256.238775522503
0.22 58 1254.4854741735865
0.22 59 1251.8592759435178
0.22 60 1254.7952713487553
0.22 61 1256.2387691973875
0.22 62 1260.4143011107124
0.22 63 1261.3638116428797
0.22 64 1273.3886233922847
0.22 65 1267.093716504
0.22 66 1273.3886321585817
0.22 67 1266.0057763504187
0.22 68 1273.3886304216542
0.22 69 1273.388681730962
0.22 70 1254.485159539874
0.22 71 1304.7741886103913
0.22 72 1294.1585267908183
0.22 73 1294.1584851700964
0.22 74 1294.1585122904567
0.22 75 1294.158497664092
0.22 76 1294.1585415101245
0.22 77 1297.7477736685034
0.22 78 1301.4984025740187
0.22 79 1307.1027584394828
0.22 80 1304.774165921838
0.22 81 1323.3600934081787
0.22 82 1339.7087766450954
0.22 83 1346.2377969463494
0.22 84 1307.1027584328938
0.22 85 1321.3502450240642
0.22 86 1326.1330096907068
0.22 87 1304.7739767044266
0.22 88 1332.7842694452904
0.22 89 1333.1836999265352
0.22 90 1333.1836999278516
0.22 91 1338.0932879718953
0.22 92 1339.7087766399459
0.22 93 1344.116918253813
0.22 94 1346.237796948842
0.22 95 1344.116919864363
0.22 96 1332.7842687115437
0.22 97 1349.7719059153235
0.22 98 1349.7719083316636
0.22 99 1363.316786238494
0.23 0 1089.401376507169
0.23 1 1089.401392291445
0.23 2 1089.4013968415059
0.23 3 1094.8866547031496
0.23 4 1098.995135126
0.23 5 1103.364530242145
0.23 6 1103.3648980235266
0.23 7 1107.529944238
0.23 8 1103.3648094872945
0.23 9 1083.38301927479
0.23 10 1116.7176372998763
0.23 11 1105.8322236210274
0.23 12 1103.3648183045477
0.23 13 1125.118415232
0.23 14 1158.3093394400023
0.23 15 1155.2262726013255
0.23 16 1133.2557636357174
0.23 17 1103.0422132431152
0.23 18 1150.8408919132366
0.23 19 1105.8322255542948
0.23 20 1150.2283428033224
0.23 21 1150.2270018663473
0.23 22 1166.2315762051367
0.23 23 1153.8601868558324
0.23 24 1155.2262499263225
0.23 25 1159.8664504255037
0.23 26 1160.1295602953987
0.23 27 1166.2315729875086
0.23 28 1166.4802008895733
0.23 29 1168.4436468134456
0.23 30 1171.7489017304486
0.23 31 1171.7489058417264
0.23 32 1177.2723459302204
0.23 33 1177.272336877372
0.23 34 1175.541195803748
0.23 35 1184.84570256185
0.23 36 1171.748913560529
0.23 37 1198.9860709495742
0.23 38 1192.4763949314492
0.23 39 1199.096467292561
0.23 40 1199.0964238346357
0.23 41 1203.204273472
0.23 42 1205.5207115409303
0.23 43 1205.5199641020126
0.23 44 1205.5200035756202
0.23 45 1906.0377939887978
0.23 46 1216.826434622
0.23 47 1226.7051907285115
0.23 48 1224.1121188253653
0.23 49 1223.548419242
0.23 50 1228.218829614881
0.23 51 1230.4310292774123
0.23 52 1230.431029280764
0.23 53 1236.8741693044421
0.23 54 1238.3688969631817
0.23 55 1240.545787344
0.23 56 1254.4907050288568
0.23 57 1256.23876776368
0.23 58 1254.4907545887675
0.23 59 1251.8618048930796
0.23 60 1254.795395433264
0.23 61 1256.2387499651293
0.23 62 1260.4142847910691
0.23 63 1261.3639250149747
0.23 64 1273.3887653800666
0.23 65 1267.093716504
0.23 66 1273.3887592425485
0.23 67 1266.0058661968133
0.23 68 1273.388687077993
0.23 69 1273.38869024101
0.23 70 1254.4907857767741
0.23 71 1304.7743101801025
0.23 72 1294.158271175535
0.23 73 1294.158271916732
0.23 74 1294.1582577616127
0.23 75 1294.1582381674311
0.23 76 1294.1582854066899
0.23 77 1297.7474073767671
0.23 78 1301.4977484081805
0.23 79 1307.1027625809559
0.23 80 1304.7743595531797
0.23 81 1323.3536701331939
0.23 82 1339.708695819288
0.23 83 1346.2376984164227
0.23 84 1307.1027625691177
0.23 85 1321.349130560617
0.23 86 1326.1253898213245
0.23 87 1304.7743270445167
0.23 88 1332.7843255433345
0.23 89 1333.1836364453743
0.23 90 1333.183636437229
0.23 91 1338.093455573656
0.23 92 1339.7086958188422
0.23 93 1344.1168480469607
0.23 94 1346.2376984181851
0.23 95 1344.1168453436183
0.23 96 1349.77177825894
0.23 97 1349.7717696801094
0.23 98 1349.7717701550994
0.23 99 1363.3164527771823
0.24