0.05 0 795.8368898979677
0.05 1 816.521139876769
0.05 2 803.5735013175281
0.05 3 811.0227295054058
0.05 4 808.474931386485
0.05 5 810.2722334512782
0.05 6 815.1629459129375
0.05 7 816.5226491483127
0.05 8 821.0307459793797
0.05 9 821.9948113133845
0.05 10 827.4441252047892
0.05 11 830.0265584248807
0.05 12 832.8800412605192
0.05 13 838.3160912928847
0.05 14 838.3143025570034
0.05 15 841.289081899485
0.05 16 844.153420118
0.05 17 849.1698036763524
0.05 18 849.1709478836465
0.05 19 854.4199095299898
0.05 20 854.5994830822158
0.05 21 860.0341837722085
0.05 22 860.0327632379842
0.05 23 865.4686621440692
0.05 24 865.469749552409
0.05 25 870.9113587239027
0.05 26 876.3580082257598
0.05 27 876.3587702277711
0.05 28 881.8092457126302
0.05 29 881.8094438336398
0.05 30 887.2649577286695
0.05 31 887.2644355671465
0.05 32 892.7230806894393
0.05 33 892.7237270938775
0.05 34 898.2883757111829
0.05 35 898.1840126416159
0.05 36 903.6469161281765
0.05 37 909.1104089227081
0.05 38 909.1101033086198
0.05 39 914.5744831233794
0.05 40 914.5749016477592
0.05 41 920.0379654956974
0.05 42 920.0379521798865
0.05 43 925.5009479265897
0.05 44 925.500829631963
0.05 45 930.9630677974989
0.05 46 930.9631786590918
0.05 47 936.4240750189329
0.05 48 936.4241303819689
0.05 49 941.8844036301253
0.05 50 947.3437604867584
0.05 51 947.3437704017599
0.05 52 952.8025960286425
0.05 53 952.8025672070459
0.05 54 969.1776467606096
0.05 55 958.2610026148955
0.05 56 963.7193567779876
0.05 57 963.7193482686883
0.05 58 969.1776822246302
0.05 59 969.1777138624968
0.05 60 974.6361973011684
0.05 61 974.6361399017003
0.05 62 980.094927942603
0.05 63 974.6361412670128
0.05 64 985.5541775029957
0.05 65 985.5541804620586
0.05 66 991.0138876649495
0.05 67 991.0138217102833
0.05 68 996.4741167163558
0.05 69 1001.9348133945005
0.05 70 1001.9348111435787
0.05 71 1001.9348398180622
0.05 72 1007.3960762976169
0.05 73 1012.8579263522919
0.05 74 1012.8578961591188
0.05 75 1018.320289054878
0.05 76 1018.3202551449534
0.05 77 1023.7831617915223
0.05 78 1023.7831850753405
0.05 79 1029.2466132520397
0.05 80 1034.7106736951669
0.05 81 1034.7106720693312
0.05 82 1029.2466387990974
0.05 83 1040.1753495228188
0.05 84 1045.6407230091115
0.05 85 1045.640709772506
0.05 86 1045.6407054083231
0.05 87 1051.1068102925972
0.05 88 1056.5737520433852
0.05 89 1056.573736909432
0.05 90 1056.5737477136963
0.05 91 1062.041579853188
0.05 92 1065.376366056
0.05 93 1067.510427611936
0.05 94 1072.9803546549501
0.05 95 1072.9803570715842
0.05 96 1078.4515160876192
0.05 97 1078.4515189555812
0.05 98 1078.4515166894992
0.05 99 1083.3822824884924
0.06 0 795.8369054395756
0.06 1 816.5296279109418
0.06 2 803.5735467537983
0.06 3 811.0289453195946
0.06 4 808.4745188844198
0.06 5 810.2720834337968
0.06 6 815.1620880414524
0.06 7 817.901113655902
0.06 8 821.0297669325206
0.06 9 823.9301010215934
0.06 10 826.532611869383
0.06 11 830.0264837777812
0.06 12 832.8856300120374
0.06 13 838.3146928068974
0.06 14 838.315987990235
0.06 15 843.7439869737599
0.06 16 844.1534060866785
0.06 17 849.1709558751944
0.06 18 849.1717551310561
0.06 19 854.6004125486737
0.06 20 854.5996254200807
0.06 21 860.0337786455042
0.06 22 860.0332393655518
0.06 23 864.2775865376071
0.06 24 865.4699386126856
0.06 25 870.912272083448
0.06 26 876.3589241985852
0.06 27 876.358944977911
0.06 28 881.8103387758842
0.06 29 881.8100111087008
0.06 30 887.2652186669351
0.06 31 887.2653135864945
0.06 32 892.7235341302307
0.06 33 892.7237895716112
0.06 34 898.1843391282655
0.06 35 898.1844875071162
0.06 36 903.6474285377054
0.06 37 909.1108991536572
0.06 38 909.1107057963168
0.06 39 914.5751489698407
0.06 40 914.5748750556526
0.06 41 920.0384921464995
0.06 42 920.0385505900944
0.06 43 925.5013455492474
0.06 44 936.4245460817357
0.06 45 930.9634359993821
0.06 46 930.9635890253362
0.06 47 936.424547644034
0.06 48 936.4245677182281
0.06 49 941.8847612881277
0.06 50 947.3441303860475
0.06 51 947.3443011884648
0.06 52 952.8029507558817
0.06 53 952.8030270059211
0.06 54 969.178056007688
0.06 55 958.2614709907942
0.06 56 963.7197726725706
0.06 57 963.7196915749013
0.06 58 969.1780274836893
0.06 59 969.1781078533527
0.06 60 974.636601067075
0.06 61 974.6366263331339
0.06 62 980.0953550554466
0.06 63 980.095320527048
0.06 64 985.5545527268289
0.06 65 985.5545262921155
0.06 66 991.0142219446412
0.06 67 991.014185564714
0.06 68 996.4744128944685
0.06 69 1001.9350806368445
0.06 70 1001.9351167938312
0.06 71 1001.9351090278815
0.06 72 1007.3963976131212
0.06 73 1012.8581993113004
0.06 74 1012.8582147673487
0.06 75 1018.3205535279268
0.06 76 1018.3205459109449
0.06 77 1023.7834803662058
0.06 78 1023.7834591987604
0.06 79 1029.2469142220514
0.06 80 1018.3205733505414
0.06 81 1034.7109614475903
0.06 82 1029.2469327865128
0.06 83 1040.1756272652967
0.06 84 1045.6409751535411
0.06 85 1045.6409831603314
0.06 86 1034.7109688046683
0.06 87 1051.1070528435853
0.06 88 1056.5739874002702
0.06 89 1056.5739875764225
0.06 90 1056.5739934059295
0.06 91 1062.0418075834261
0.06 92 1065.376366056
0.06 93 1067.5106543384172
0.06 94 1072.9805856378925
0.06 95 1072.9805804011705
0.06 96 1078.4517320067025
0.06 97 1078.4517171274515
0.06 98 1078.451719637992
0.06 99 1083.3823232952811
0.07 0 795.8368958299505
0.07 1 821.9962129732655
0.07 2 803.5735921680144
0.07 3 811.0144924472008
0.07 4 808.4742132766613
0.07 5 810.27183072191
0.07 6 815.162920774
0.07 7 817.9031245263999
0.07 8 821.0297136795097
0.07 9 823.9269237533163
0.07 10 827.4520505544762
0.07 11 830.0238234277239
0.07 12 832.8834100315037
0.07 13 838.3155720156934
0.07 14 838.3152176548855
0.07 15 843.7443004912142
0.07 16 844.153420118
0.07 17 849.1718498753359
0.07 18 849.1729009621802
0.07 19 854.6006935563111
0.07 20 854.5726815974484
0.07 21 860.034069489986
0.07 22 860.0331924732227
0.07 23 865.4714878628816
0.07 24 865.4710015869221
0.07 25 870.913110867582
0.07 26 876.3596104648955
0.07 27 876.3596947844052
0.07 28 881.8106499512884
0.07 29 881.8104376375403
0.07 30 887.2654317442914
0.07 31 887.266096200725
0.07 32 892.7242472932794
0.07 33 892.7240585072404
0.07 34 898.1847627861542
0.07 35 898.1849424008547
0.07 36 903.6479718711317
0.07 37 909.1111666639886
0.07 38 909.1115465920353
0.07 39 914.5756455735358
0.07 40 914.5756544202687
0.07 41 920.038846067506
0.07 42 920.0389332718352
0.07 43 925.5019418275144
0.07 44 925.5018467937427
0.07 45 930.9638912270955
0.07 46 930.9639590049038
0.07 47 936.4249838405414
0.07 48 936.4249701711697
0.07 49 941.8851646994491
0.07 50 947.3446583716999
0.07 51 947.344640324084
0.07 52 952.8034222812012
0.07 53 952.8034337570493
0.07 54 958.2619235286878
0.07 55 958.2618249264152
0.07 56 963.720248407924
0.07 57 963.720128141632
0.07 58 969.1784288235333
0.07 59 969.1784182437804
0.07 60 974.636930269933
0.07 61 974.6370158293502
0.07 62 980.095724346228
0.07 63 982.7974513586889
0.07 64 985.5549250072912
0.07 65 985.5548810772026
0.07 66 991.0145643662031
0.07 67 991.0145612830175
0.07 68 996.4747348890058
0.07 69 1001.935489836368
0.07 70 1001.935482234543
0.07 71 1001.9354652236456
0.07 72 1007.3967392870608
0.07 73 1012.8585334276055
0.07 74 1012.8585073385964
0.07 75 1018.3208755217606
0.07 76 1018.3208664209199
0.07 77 1023.7837632339796
0.07 78 1023.7837508312412
0.07 79 1029.247206344668
0.07 80 1029.2472038224007
0.07 81 1034.7112368110315
0.07 82 1029.2472043608163
0.07 83 1040.1758821477292
0.07 84 1045.641258043178
0.07 85 1045.641245931885
0.07 86 1045.641234544489
0.07 87 1051.1073409598873
0.07 88 1056.5742408051083
0.07 89 1056.5742353233381
0.07 90 1056.5742403531585
0.07 91 1061.733835768
0.07 92 1065.376366056
0.07 93 1067.510891962693
0.07 94 1072.9807962105288
0.07 95 1072.9808122946267
0.07 96 1078.4519334671538
0.07 97 1078.4519385832682
0.07 98 1078.451893686922
0.07 99 1083.3823641162985
0.08 0 795.837629882759
0.08 1 821.9925168770901
0.08 2 803.5736375826029
0.08 3 811.020561753195
0.08 4 808.471630137797
0.08 5 810.2726683464739
0.08 6 815.1627116082234
0.08 7 817.9016020400732
0.08 8 821.0274935921367
0.08 9 821.9990292275348
0.08 10 826.5304275165217
0.08 11 830.0228139986643
0.08 12 832.8858790419685
0.08 13 838.3167907556971
0.08 14 838.3159039483044
0.08 15 843.7440585625003
0.08 16 844.153420118
0.08 17 849.1727993916274
0.08 18 849.1747202001407
0.08 19 854.4194722028225
0.08 20 854.602111431677
0.08 21 860.0340529406387
0.08 22 860.0341003236326
0.08 23 865.4703282054039
0.08 24 865.4713089658447
0.08 25 870.9131456640365
0.08 26 876.3602409106544
0.08 27 876.3598566085229
0.08 28 881.8105187906328
0.08 29 881.8107438472261
0.08 30 887.2663999884261
0.08 31 887.2666308007903
0.08 32 892.7245986144547
0.08 33 892.7246732436861
0.08 34 898.1858073860108
0.08 35 898.1856150646082
0.08 36 903.648467523026
0.08 37 909.1119143635553
0.08 38 909.1119214831253
0.08 39 914.5758155142636
0.08 40 914.5761185659296
0.08 41 920.0394714838267
0.08 42 920.0395424498392
0.08 43 925.5022066588296
0.08 44 925.5024984907458
0.08 45 930.964471615624
0.08 46 930.9643285185048
0.08 47 936.4254921242816
0.08 48 936.4254501134334
0.08 49 941.885622570505
0.08 50 947.3451053889033
0.08 51 947.3449853381686
0.08 52 952.8038107324219
0.08 53 952.8037351710155
0.08 54 958.2623140924895
0.08 55 958.2622801575028
0.08 56 963.7206229944263
0.08 57 963.720642322131
0.08 58 969.1788314302834
0.08 59 969.1788287984291
0.08 60 974.6373444501158
0.08 61 974.6373090222893
0.08 62 980.0960775843006
0.08 63 980.0960661950153
0.08 64 985.5553250202752
0.08 65 985.5552757831872
0.08 66 991.0149125998845
0.08 67 991.0149172851098
0.08 68 996.4750860266944
0.08 69 1001.935848266669
0.08 70 1001.9358335964239
0.08 71 1001.9357912897979
0.08 72 1007.3970553895422
0.08 73 1012.8588631005058
0.08 74 1012.8588505833333
0.08 75 1018.3211806968476
0.08 76 1018.3211923512177
0.08 77 1023.7840505322212
0.08 78 1023.7840651907734
0.08 79 1029.2475048056463
0.08 80 1029.2474899290078
0.08 81 1034.7115195015779
0.08 82 1029.2474750246483
0.08 83 1040.176177521722
0.08 84 1045.6415082314277
0.08 85 1045.641518110734
0.08 86 1045.641529633232
0.08 87 1051.1075807076377
0.08 88 1056.5744854421657
0.08 89 1056.5744980952986
0.08 90 1056.5744788613931
0.08 91 1062.0422918740528
0.08 92 1065.376366056
0.08 93 1067.5111245887556
0.08 94 1072.9810226349946
0.08 95 1072.9810163827021
0.08 96 1078.4521499645066
0.08 97 1078.4521546805342
0.08 98 1078.4521531344349
0.08 99 1083.382404952131
0.09 0 795.8373635968005
0.09 1 816.5263124799119
0.09 2 803.5736829830379
0.09 3 811.0340484697166
0.09 4 808.4776869134249
0.09 5 810.2742237140416
0.09 6 815.1630260575514
0.09 7 816.5341245576975
0.09 8 821.0267820035692
0.09 9 823.9282256974908
0.09 10 826.5298413657732
0.09 11 830.0078734551048
0.09 12 832.8857778337427
0.09 13 838.3169341731004
0.09 14 838.317332951289
0.09 15 841.2869506085098
0.09 16 844.153420118
0.09 17 849.1726337284402
0.09 18 849.1737456937321
0.09 19 854.601587756583
0.09 20 854.5739926565636
0.09 21 860.035627073857
0.09 22 860.0353283673484
0.09 23 865.4722353336291
0.09 24 865.4727285694372
0.09 25 870.9138893505008
0.09 26 876.3612035185411
0.09 27 876.3604272045043
0.09 28 881.8115508052177
0.09 29 881.8117003770761
0.09 30 887.2671219586692
0.09 31 887.267033109874
0.09 32 892.725363382325
0.09 33 892.7253705376463
0.09 34 898.1863526413811
0.09 35 898.186033502565
0.09 36 903.6488113859732
0.09 37 909.1114493099257
0.09 38 909.1127675902678
0.09 39 914.576658799828
0.09 40 914.5762804923233
0.09 41 920.0399416126423
0.09 42 920.0398638975302
0.09 43 925.5028409119969
0.09 44 925.5028887625375
0.09 45 930.9649802020812
0.09 46 930.9649510914837
0.09 47 936.4258828224245
0.09 48 936.4259171724228
0.09 49 941.8861110125354
0.09 50 947.3455239889412
0.09 51 947.3455702596215
0.09 52 952.8042129797558
0.09 53 952.8041618123756
0.09 54 958.262672419328
0.09 55 958.2627440660196
0.09 56 963.720927702195
0.09 57 963.7209372447431
0.09 58 969.1792008721754
0.09 59 969.1792302331327
0.09 60 974.6377402185336
0.09 61 974.6377088999348
0.09 62 980.0964437355719
0.09 63 952.8042087696582
0.09 64 985.5556022529757
0.09 65 985.5555703453708
0.09 66 991.0152011678676
0.09 67 991.0152887205109
0.09 68 996.4754052719248
0.09 69 1001.9361586910376
0.09 70 1001.9361394317259
0.09 71 1001.9361484166938
0.09 72 1007.3973780599363
0.09 73 1012.8591708235729
0.09 74 1012.8591707710311
0.09 75 1018.32149087512
0.09 76 1018.3214928575708
0.09 77 1023.7843713977848
0.09 78 1023.7843072742685
0.09 79 1029.2477906007164
0.09 80 1029.2477992085667
0.09 81 1034.7117522394203
0.09 82 1029.2477839649068
0.09 83 1040.1764519645667
0.09 84 1045.6417804772875
0.09 85 1045.6417636734832
0.09 86 1045.6417923631984
0.09 87 1051.1078349829597
0.09 88 1056.5747408137768
0.09 89 1056.5747415606431
0.09 90 1056.5747418363806
0.09 91 1067.5113417155503
0.09 92 1067.5113448715801
0.09 93 1067.511335689749
0.09 94 1072.9812371655635
0.09 95 1072.9812617909765
0.09 96 1078.4523669099058
0.09 97 1078.4523707652083
0.09 98 1078.4523598277622
0.09 99 1083.382445801619
0.1 0 795.8370351536034
0.1 1 816.5318395273595
0.1 2 803.5737283633981
0.1 3 811.0341598544101
0.1 4 808.4748397408275
0.1 5 810.2748715576622
0.1 6 815.1638691905945
0.1 7 816.5344316279701
0.1 8 821.0307814039058
0.1 9 821.9975981455447
0.1 10 827.4475801616354
0.1 11 830.0232949950256
0.1 12 832.8888986935398
0.1 13 838.3187287518348
0.1 14 838.3193550947066
0.1 15 843.7458689893209
0.1 16 844.1531988893879
0.1 17 849.1744668852366
0.1 18 849.1753094102053
0.1 19 854.6022163210727
0.1 20 854.6043045391426
0.1 21 860.0370004291714
0.1 22 860.0360847762539
0.1 23 865.4728478265046
0.1 24 865.4735373257912
0.1 25 870.9138551555992
0.1 26 876.3614577357042
0.1 27 876.3606973612816
0.1 28 881.8115443834973
0.1 29 881.8122135521057
0.1 30 887.267789878913
0.1 31 887.2675166258289
0.1 32 892.7264393793632
0.1 33 892.7257455319107
0.1 34 898.1864225431895
0.1 35 898.1867073798259
0.1 36 903.6492440317425
0.1 37 909.1130909329923
0.1 38 909.1128302884283
0.1 39 914.5771111787757
0.1 40 914.5768983146626
0.1 41 920.0403556548338
0.1 42 920.0405100649278
0.1 43 925.5031137585969
0.1 44 920.0402104658777
0.1 45 930.9654499114022
0.1 46 930.9654055366007
0.1 47 936.4262470503724
0.1 48 936.4263265639917
0.1 49 941.8864358710769
0.1 50 947.3459685751811
0.1 51 947.3458983196797
0.1 52 952.8047481967683
0.1 53 952.804660572769
0.1 54 958.2630915734868
0.1 55 958.2631239416248
0.1 56 963.7213952837643
0.1 57 963.7213456464426
0.1 58 969.1796621790943
0.1 59 969.1796296856674
0.1 60 974.6380464491326
0.1 61 974.638033659583
0.1 62 980.0968090313354
0.1 63 980.0967686635698
0.1 64 985.5559830291392
0.1 65 985.555992379674
0.1 66 991.0156102357656
0.1 67 991.0156320212819
0.1 68 996.4757610473114
0.1 69 1001.93647156875
0.1 70 1001.9364196502571
0.1 71 1001.9364359935505
0.1 72 1007.3977053220316
0.1 73 1012.859551967137
0.1 74 1012.8595005898252
0.1 75 1018.3217955708247
0.1 76 1018.3218139136372
0.1 77 1023.7846531961615
0.1 78 1023.7846717932485
0.1 79 1029.2480791855226
0.1 80 1040.1767015122693
0.1 81 1034.712082165354
0.1 82 1029.2480677877572
0.1 83 1040.1766965884933
0.1 84 1045.6420413239757
0.1 85 1045.6420424010996
0.1 86 1045.6420288314291
0.1 87 1051.1081086522129
0.1 88 1056.5749823939082
0.1 89 1056.5749751848466
0.1 90 1056.5749862472617
0.1 91 1067.5115628045085
0.1 92 1065.376366056
0.1 93 1067.5115697110377
0.1 94 1072.981464158851
0.1 95 1072.9814568004758
0.1 96 1078.4525739867513
0.1 97 1078.452566439504
0.1 98 1078.4525654755348
0.1 99 1083.382486667946
0.11 0 795.8368521928844
0.11 1 816.528518851061
0.11 2 803.5737737480594
0.11 3 811.0243537554785
0.11 4 808.4745530154947
0.11 5 810.2710617114765
0.11 6 815.162920774
0.11 7 816.5334254229691
0.11 8 821.0298294696157
0.11 9 823.9288166867386
0.11 10 827.4504769697858
0.11 11 830.0033827923405
0.11 12 832.8884019236234
0.11 13 838.3203016324554
0.11 14 838.3197457398409
0.11 15 843.7471582948242
0.11 16 844.153420118
0.11 17 849.174612411952
0.11 18 849.173561874769
0.11 19 854.6028050827622
0.11 20 854.5755708672448
0.11 21 860.036299661508
0.11 22 860.0367703944166
0.11 23 827.4483252244029
0.11 24 865.4732318070867
0.11 25 870.9152432495071
0.11 26 876.3619128065665
0.11 27 876.3618749138193
0.11 28 881.8121498885779
0.11 29 881.8127273845405
0.11 30 887.2681927690231
0.11 31 887.2675724981502
0.11 32 892.7259409084791
0.11 33 892.7263349711553
0.11 34 898.1871181536036
0.11 35 898.1868557022523
0.11 36 903.6497546810257
0.11 37 909.1133544432341
0.11 38 909.1132769859109
0.11 39 914.57750049084
0.11 40 914.5775862184706
0.11 41 920.0407137864634
0.11 42 920.0407720373157
0.11 43 925.5034968819219
0.11 44 925.503641648277
0.11 45 930.9658817985282
0.11 46 930.9657236109645
0.11 47 936.4267668319064
0.11 48 936.4268430440264
0.11 49 941.8869949145301
0.11 50 947.346328656804
0.11 51 788.7222138447086
0.11 52 952.8050517597263
0.11 53 952.805166166301
0.11 54 958.2635350504808
0.11 55 958.263562656914
0.11 56 963.7217379621299
0.11 57 963.721745943323
0.11 58 969.1799679637297
0.11 59 969.1799695185965
0.11 60 974.6384775999546
0.11 61 974.6384290536186
0.11 62 980.0971817139687
0.11 63 980.0971629058113
0.11 64 985.5563426164483
0.11 65 985.5563532249829
0.11 66 991.0160646703499
0.11 67 991.0159834727194
0.11 68 996.4761190376629
0.11 69 1001.9368008103135
0.11 70 1001.9368293228578
0.11 71 1001.9368103560972
0.11 72 1007.3980573969066
0.11 73 1012.8598199473363
0.11 74 1012.8598091103718
0.11 75 1018.3220764738284
0.11 76 1018.3220982067861
0.11 77 1023.784952108105
0.11 78 1023.7849609070526
0.11 79 1029.248349238468
0.11 80 1040.1769958882985
0.11 81 1034.7123650970323
0.11 82 1029.2483664214117
0.11 83 1040.176989357353
0.11 84 1045.642326657497
0.11 85 1045.642306211467
0.11 86 1045.6423103510779
0.11 87 1051.1083556149388
0.11 88 1056.575246705296
0.11 89 1056.5752268786596
0.11 90 1056.57522106876
0.11 91 1062.0429965204255
0.11 92 1065.376366056
0.11 93 1067.5117987501374
0.11 94 1072.9816810319376
0.11 95 1072.9816939335115
0.11 96 1078.4527904549348
0.11 97 1078.4527969663209
0.11 98 1078.4527812026947
0.11 99 1083.382527545843
0.12 0 795.8377010953593
0.12 1 816.5330964741385
0.12 2 803.5738191136103
0.12 3 811.0353272161746
0.12 4 808.474606610062
0.12 5 810.2741562016225
0.12 6 815.1595733258108
0.12 7 816.5327237951368
0.12 8 821.0305691500041
0.12 9 823.9327803207933
0.12 10 827.4517717454723
0.12 11 830.0274525869647
0.12 12 832.8904670418456
0.12 13 838.3197689997131
0.12 14 838.3192852711405
0.12 15 843.7506422821065
0.12 16 844.153420118
0.12 17 849.1753017978778
0.12 18 849.1755243894471
0.12 19 854.6043707048698
0.12 20 854.6030363469889
0.12 21 860.0371731339545
0.12 22 860.0379915076401
0.12 23 865.4737963988835
0.12 24 865.4738146519154
0.12 25 870.9159545581203
0.12 26 876.362161439403
0.12 27 876.3623089266204
0.12 28 881.8128483572074
0.12 29 881.8129506089953
0.12 30 887.2686933410824
0.12 31 887.2685110945993
0.12 32 892.7266074252756
0.12 33 892.7271162933372
0.12 34 898.1875274515802
0.12 35 898.1875522388639
0.12 36 903.6503235977245
0.12 37 909.1139081431526
0.12 38 909.1137830660604
0.12 39 914.5779751346895
0.12 40 914.5779062710272
0.12 41 920.0412626914007
0.12 42 920.0412736403524
0.12 43 925.5042414376635
0.12 44 925.5043367341982
0.12 45 930.966250693467
0.12 46 930.9662907089893
0.12 47 936.4272015909949
0.12 48 936.427248915235
0.12 49 941.8873041906324
0.12 50 947.3467573806178
0.12 51 947.3467050095679
0.12 52 952.805641512023
0.12 53 952.805515880978
0.12 54 958.2638932819033
0.12 55 958.263946251458
0.12 56 963.7221498254867
0.12 57 963.7221652692241
0.12 58 969.1803485612695
0.12 59 969.1803933838023
0.12 60 974.6388837449815
0.12 61 974.6388492239317
0.12 62 980.0975068238528
0.12 63 974.6388304852226
0.12 64 985.5566924899794
0.12 65 985.5567089391021
0.12 66 991.0163195070371
0.12 67 991.0162779766895
0.12 68 996.4764872737115
0.12 69 1001.9371207781816
0.12 70 1001.9371627500425
0.12 71 1001.9371522298484
0.12 72 1007.3983332334966
0.12 73 1012.8601099242394
0.12 74 1012.860125498095
0.12 75 1018.3224065059809
0.12 76 1018.3224132175208
0.12 77 1023.7852239928749
0.12 78 1023.7852602257112
0.12 79 1029.2486647352684
0.12 80 1040.1772578698578
0.12 81 1034.7126450433466
0.12 82 1029.2486468729467
0.12 83 1040.1772674298934
0.12 84 1045.642576921675
0.12 85 1045.6425657060065
0.12 86 1045.6425752853195
0.12 87 1051.1086189493128
0.12 88 1056.5754649774478
0.12 89 1056.5754727715753
0.12 90 1056.5754737758657
0.12 91 1062.043255956246
0.12 92 1065.376366056
0.12 93 1067.5120338945135
0.12 94 1072.9819030196602
0.12 95 1072.9819192603973
0.12 96 1078.4530006118032
0.12 97 1078.4529963635737
0.12 98 1078.4529954841962
0.12 99 1083.382568440639
0.13 0 795.8377955578186
0.13 1 816.5334602459156
0.13 2 803.5738644663779
0.13 3 811.0152815598024
0.13 4 808.476327696176
0.13 5 810.2720674389785
0.13 6 815.162920774
0.13 7 816.5322509352626
0.13 8 822.0053149267706
0.13 9 822.0051672812382
0.13 10 827.4496269166139
0.13 11 830.0327479721464
0.13 12 832.8891889786104
0.13 13 838.3226303726221
0.13 14 838.3219189864438
0.13 15 841.317721339209
0.13 16 844.153420118
0.13 17 849.1758625087871
0.13 18 849.1765423630814
0.13 19 854.4192695974847
0.13 20 854.6044987440798
0.13 21 860.0379122389111
0.13 22 860.0378401145111
0.13 23 865.4746189219603
0.13 24 865.4741794850706
0.13 25 870.915457577531
0.13 26 876.3627471106018
0.13 27 876.362344461831
0.13 28 881.8138105817675
0.13 29 881.8136539187825
0.13 30 887.2689191306042
0.13 31 887.2685583584697
0.13 32 892.7271808240512
0.13 33 892.7274898219468
0.13 34 898.2903191877124
0.13 35 898.1881018328303
0.13 36 903.651151999135
0.13 37 909.1142905022714
0.13 38 909.1144353910091
0.13 39 914.5784022177432
0.13 40 914.5782348171973
0.13 41 920.0416218989582
0.13 42 920.0418045279533
0.13 43 925.5046961245436
0.13 44 925.5046579619462
0.13 45 930.9668114975395
0.13 46 930.9666768896914
0.13 47 936.4277013375863
0.13 48 936.427692351826
0.13 49 941.8878705575747
0.13 50 947.3472236901523
0.13 51 947.347129870016
0.13 52 952.8058777513714
0.13 53 952.8058963240065
0.13 54 958.2643546910037
0.13 55 958.2643310131344
0.13 56 963.722550581487
0.13 57 963.722549684409
0.13 58 969.1807419442207
0.13 59 969.1806838910757
0.13 60 974.6392359410369
0.13 61 974.6392475369848
0.13 62 980.0979141527033
0.13 63 980.097872299449
0.13 64 985.5571197977429
0.13 65 985.5570661625145
0.13 66 991.016678674005
0.13 67 991.0166097304475
0.13 68 996.4767843966118
0.13 69 1001.9374585887826
0.13 70 1001.9374591065367
0.13 71 1001.9374577664511
0.13 72 1007.3987103580469
0.13 73 1012.8604311952786
0.13 74 1012.8604243558541
0.13 75 1018.3227014071189
0.13 76 1018.3226886005825
0.13 77 1023.7855650724869
0.13 78 1023.7855057132845
0.13 79 1029.2489252996938
0.13 80 1040.1775211083727
0.13 81 1034.7129260210295
0.13 82 1029.248963417071
0.13 83 1040.1775329821241
0.13 84 1045.6428356999224
0.13 85 1045.6428363303046
0.13 86 1045.64282426539
0.13 87 1051.1088546328579
0.13 88 1056.5757244184283
0.13 89 1056.5757245033626
0.13 90 1056.5757241813649
0.13 91 1062.0434839087752
0.13 92 1065.376366056
0.13 93 1067.512264854697
0.13 94 1072.9821308258215
0.13 95 1072.9821259412513
0.13 96 1078.453209661072
0.13 97 1078.4532210110265
0.13 98 1078.4532226469953
0.13 99 1083.382609349823
0.14 0 795.8374359414206
0.14 1 816.5402629638577
0.14 2 803.5739098139798
0.14 3 811.0335451606749
0.14 4 808.4746115439523
0.14 5 810.2798265614614
0.14 6 815.1627221621071
0.14 7 817.9043450765855
0.14 8 821.0318946844294
0.14 9 822.0070042193246
0.14 10 826.529920461068
0.14 11 830.0230248934465
0.14 12 832.8898291099017
0.14 13 838.3217269184357
0.14 14 838.3214115579358
0.14 15 843.7501742944586
0.14 16 844.153420118
0.14 17 849.1788441843811
0.14 18 849.1760753119449
0.14 19 854.6051599997048
0.14 20 854.6057264590129
0.14 21 860.0381586939077
0.14 22 860.0382680632832
0.14 23 865.4756432673405
0.14 24 865.4755638593571
0.14 25 870.9169953346516
0.14 26 876.364415479499
0.14 27 876.3632735764286
0.14 28 881.8151621233633
0.14 29 881.8139475278638
0.14 30 887.2694901161559
0.14 31 887.269882470315
0.14 32 892.7279619992721
0.14 33 892.7281162257341
0.14 34 898.1885052598398
0.14 35 898.188548693965
0.14 36 903.6514474160903
0.14 37 909.1146544298247
0.14 38 909.1149073176808
0.14 39 914.5790683643703
0.14 40 914.5788417227894
0.14 41 920.0422411375916
0.14 42 920.0422523220532
0.14 43 925.5049497191228
0.14 44 925.5051193593962
0.14 45 930.9671390292822
0.14 46 930.9672335880243
0.14 47 936.4281559375981
0.14 48 914.5788699122777
0.14 49 941.8882712660926
0.14 50 947.3476795915983
0.14 51 947.3476102891175
0.14 52 952.8063788368755
0.14 53 952.8062692104836
0.14 54 958.2647777939974
0.14 55 958.2647595916455
0.14 56 963.7229529266037
0.14 57 963.7229879410888
0.14 58 969.1812083249005
0.14 59 969.1811527893576
0.14 60 974.6395879003238
0.14 61 974.6396068519591
0.14 62 980.0982529719263
0.14 63 980.0982969721691
0.14 64 985.5574301240022
0.14 65 985.5574389146695
0.14 66 991.0169840812717
0.14 67 991.0170070764111
0.14 68 996.4771389060128
0.14 69 1001.9378074872847
0.14 70 1001.9377660174492
0.14 71 1001.9377971836745
0.14 72 1007.3989865972156
0.14 73 1012.8607174923665
0.14 74 1012.8607361451999
0.14 75 1018.3229897238531
0.14 76 1018.3230246103202
0.14 77 1023.7858430992425
0.14 78 1023.7858304840236
0.14 79 1029.249242153571
0.14 80 1045.6430960062169
0.14 81 1034.7132147456218
0.14 82 1029.249238192076
0.14 83 1040.1777900277866
0.14 84 1045.6430933042382
0.14 85 1045.6430937246316
0.14 86 1045.6430979186575
0.14 87 1051.1091227383877
0.14 88 1056.5759774779194
0.14 89 1056.575957150688
0.14 90 1056.5759646157019
0.14 91 1062.043741174423
0.14 92 1065.376366056
0.14 93 1067.5124910266843
0.14 94 1072.9823488917493
0.14 95 1072.9823502295162
0.14 96 1078.4534177861785
0.14 97 1078.453430023997
0.14 98 1078.4534208895086
0.14 99 1083.3826502748827
0.15 0 795.837925837409
0.15 1 816.5362583768917
0.15 2 803.5739551462348
0.15 3 811.0322793055892
0.15 4 808.4754547222609
0.15 5 810.2747038615859
0.15 6 815.162920774
0.15 7 816.5404793194831
0.15 8 821.029395366403
0.15 9 822.0039594115805
0.15 10 827.4522912354519
0.15 11 827.4544990083396
0.15 12 832.8925460458256
0.15 13 838.3237634831211
0.15 14 838.3236672879798
0.15 15 843.7485482189202
0.15 16 844.153420118
0.15 17 849.1777734269824
0.15 18 849.1777877137458
0.15 19 854.4197270229131
0.15 20 854.6052858588276
0.15 21 860.0396496695752
0.15 22 860.0394907490429
0.15 23 811.0281028932542
0.15 24 865.4751804385211
0.15 25 870.917407187976
0.15 26 876.3638145192465
0.15 27 876.3647070982444
0.15 28 881.8150160311302
0.15 29 881.8147664139576
0.15 30 887.2703378723063
0.15 31 887.2701311789684
0.15 32 892.7284068599877
0.15 33 892.7283867541837
0.15 34 898.1892253356874
0.15 35 898.1890288696193
0.15 36 903.6515210751451
0.15 37 909.1151933961642
0.15 38 909.114997886502
0.15 39 914.5793219638318
0.15 40 914.5795394599002
0.15 41 920.0428988293837
0.15 42 920.0427707183125
0.15 43 925.5056577346036
0.15 44 925.5056387264119
0.15 45 930.9676800203638
0.15 46 930.9676530654945
0.15 47 936.4284895556558
0.15 48 936.4285986807886
0.15 49 941.8887291908137
0.15 50 947.348047214322
0.15 51 947.3480941541616
0.15 52 952.8067807707148
0.15 53 952.806673220458
0.15 54 958.2651894472596
0.15 55 958.2651806541281
0.15 56 963.7233254040414
0.15 57 963.7233764671638
0.15 58 969.181493030971
0.15 59 969.1815792377953
0.15 60 974.639890403544
0.15 61 974.6399776412773
0.15 62 980.098678216581
0.15 63 980.0985676484373
0.15 64 985.5578176068894
0.15 65 985.5577877028952
0.15 66 991.01735652975
0.15 67 991.0173681134203
0.15 68 996.4774977327518
0.15 69 1001.9380505766829
0.15 70 1001.9380987915345
0.15 71 1001.938101340031
0.15 72 1007.3993023241479
0.15 73 1012.8610488214118
0.15 74 1012.8610719163922
0.15 75 1018.3233165564565
0.15 76 1018.3233113761505
0.15 77 1023.7861267550958
0.15 78 1023.7861512232781
0.15 79 1029.2495362884351
0.15 80 1034.7134977316896
0.15 81 1034.7134970461743
0.15 82 1029.2495356712118
0.15 83 1040.1780788868675
0.15 84 1045.643365229952
0.15 85 1045.6433463459293
0.15 86 1045.6433513566005
0.15 87 1051.1093643911709
0.15 88 1056.5762053356293
0.15 89 1056.5762165408528
0.15 90 1056.5762258293582
0.15 91 1062.0439662453064
0.15 92 1065.376366056
0.15 93 1067.5127302086037
0.15 94 1072.982571921997
0.15 95 1072.9825746807894
0.15 96 1078.4536383659245
0.15 97 1078.4536426266714
0.15 98 1078.4536368060892
0.15 99 1083.382691214371
0.16 0 795.8368784950475
0.16 1 816.5401241204901
0.16 2 803.5740004641605
0.16 3 811.0289611167905
0.16 4 808.4739797076978
0.16 5 810.2723897053822
0.16 6 815.1646845579589
0.16 7 816.5373471419973
0.16 8 821.0308311831157
0.16 9 823.9326692476358
0.16 10 826.5328132118264
0.16 11 830.0157011355656
0.16 12 832.8937314271157
0.16 13 838.32107784405
0.16 14 838.3248704131776
0.16 15 841.2710748887233
0.16 16 844.153420118
0.16 17 849.178420858669
0.16 18 849.1787239523688
0.16 19 854.6071023710134
0.16 20 854.5803414944909
0.16 21 860.0396012501678
0.16 22 860.0390221037051
0.16 23 865.4769159831066
0.16 24 865.4766955071856
0.16 25 870.9180079568456
0.16 26 876.3647231133853
0.16 27 876.364109020802
0.16 28 881.8151292285519
0.16 29 881.8152437802026
0.16 30 887.2706378740172
0.16 31 887.2708462860302
0.16 32 892.7290227711725
0.16 33 892.7290633871677
0.16 34 898.1896350838634
0.16 35 898.1897764585357
0.16 36 903.6522370600593
0.16 37 909.1155785963398
0.16 38 909.1156532883124
0.16 39 914.5798499156745
0.16 40 914.5797815127203
0.16 41 920.0435087344641
0.16 42 920.0433798429392
0.16 43 925.5061269616972
0.16 44 925.5060736732154
0.16 45 930.9682696633907
0.16 46 930.968165253686
0.16 47 936.4291228912432
0.16 48 936.4290834949111
0.16 49 941.8892354730351
0.16 50 947.3484904024905
0.16 51 947.3484201897113
0.16 52 952.8070860012368
0.16 53 952.8072365718924
0.16 54 958.2656186739574
0.16 55 958.2655725909548
0.16 56 963.723768412035
0.16 57 963.7237170825958
0.16 58 969.1820416457614
0.16 59 969.1819265389679
0.16 60 974.6403250998557
0.16 61 974.6403231046554
0.16 62 980.0990249215487
0.16 63 974.6403572438669
0.16 64 985.5581531225298
0.16 65 985.5581843735246
0.16 66 991.017711637127
0.16 67 991.0177065195209
0.16 68 996.4777899569578
0.16 69 1001.9384457971759
0.16 70 1001.938458503569
0.16 71 1001.9384810338059
0.16 72 1007.3996884464153
0.16 73 1012.8613841685931
0.16 74 1012.8613753646001
0.16 75 1018.3236603520515
0.16 76 1018.3236308164525
0.16 77 1023.7864406711781
0.16 78 1023.7864545964877
0.16 79 1029.2498067320194
0.16 80 1040.178378364274
0.16 81 1034.7137808901252
0.16 82 1029.2498276237657
0.16 83 1040.1783547817022
0.16 84 1045.6436245560662
0.16 85 1045.6436243389064
0.16 86 1045.6436366095038
0.16 87 1051.1096361170585
0.16 88 1056.5764657333766
0.16 89 1056.5764657662114
0.16 90 1056.5764740516563
0.16 91 1062.0441885522582
0.16 92 1065.376366056
0.16 93 1067.5129535281726
0.16 94 1072.9827950290983
0.16 95 1072.9827861834326
0.16 96 1078.4538502291666
0.16 97 1078.4538520801073
0.16 98 1078.4538511189887
0.16 99 1083.3827321722458
0.17 0 795.8368082277373
0.17 1 816.5383048874085
0.17 2 803.5740457790653
0.17 3 811.0365500751348
0.17 4 808.470204305368
0.17 5 810.2827984874456
0.17 6 815.1630225890204
0.17 7 816.5373126201736
0.17 8 821.029817613116
0.17 9 823.9225606216507
0.17 10 826.5312028311957
0.17 11 830.0181182053171
0.17 12 832.8930336041464
0.17 13 838.3239859458321
0.17 14 838.3216997989471
0.17 15 843.7529162913676
0.17 16 844.153420118
0.17 17 849.1795535418731
0.17 18 849.1796412652807
0.17 19 854.41944228058
0.17 20 854.5805172451094
0.17 21 860.0404260035043
0.17 22 860.0403142727174
0.17 23 865.4772145833982
0.17 24 865.4773536035492
0.17 25 870.9188163436653
0.17 26 876.3651156151053
0.17 27 876.3651236747039
0.17 28 881.8155410563232
0.17 29 881.81596577878
0.17 30 887.271125968356
0.17 31 887.2710356750322
0.17 32 892.7292214993294
0.17 33 892.7292380412304
0.17 34 898.190018803307
0.17 35 898.1901088170617
0.17 36 903.6532660989008
0.17 37 909.1163922442182
0.17 38 909.1164202559212
0.17 39 914.5804677308564
0.17 40 914.5802111643332
0.17 41 920.0436923019083
0.17 42 920.0438304559683
0.17 43 925.5067124101732
0.17 44 914.5799709927749
0.17 45 930.9686905122408
0.17 46 930.968697284001
0.17 47 936.4294846717502
0.17 48 936.4295844857894
0.17 49 941.8897043202908
0.17 50 947.3490389223421
0.17 51 742.3322274270075
0.17 52 952.8076286158457
0.17 53 952.8077011530702
0.17 54 958.2659572097983
0.17 55 958.2659660197074
0.17 56 963.7241581308746
0.17 57 963.7241670043603
0.17 58 969.1823664585224
0.17 59 969.1823618798032
0.17 60 974.6407198121664
0.17 61 974.6406899975843
0.17 62 980.099353275895
0.17 63 980.099407168775
0.17 64 985.5585057949388
0.17 65 985.5585143936188
0.17 66 991.0180497854242
0.17 67 991.0180499784793
0.17 68 996.4781442880906
0.17 69 1001.9387814934946
0.17 70 1001.9387745644528
0.17 71 1001.9387669972211
0.17 72 1007.399948712066
0.17 73 1012.8616797431855
0.17 74 1012.8617085127629
0.17 75 1018.3239378820814
0.17 76 1018.3239732202884
0.17 77 1023.7867402420521
0.17 78 1023.7867359746432
0.17 79 1029.2501274050937
0.17 80 1040.1786195805646
0.17 81 1034.7140490882898
0.17 82 1029.2500919954598
0.17 83 1040.1786205876126
0.17 84 1045.6438843707494
0.17 85 1045.6438846152723
0.17 86 1045.6438909570975
0.17 87 1051.1098712414205
0.17 88 1056.5767065095974
0.17 89 1056.5767233474153
0.17 90 1056.5767054861974
0.17 91 1061.733835768
0.17 92 1065.376366056
0.17 93 1067.5131880925446
0.17 94 1072.9830229659854
0.17 95 1072.9830137178656
0.17 96 1078.4540736361762
0.17 97 1078.4540542484801
0.17 98 1078.4540645859597
0.17 99 1083.3827731421873
0.18 0 795.8369226733347
0.18 1 816.5415337862156
0.18 2 803.5740910830733
0.18 3 811.0382108058581
0.18 4 808.4721035138241
0.18 5 810.2734852499748
0.18 6 815.1645346805017
0.18 7 816.5370471900155
0.18 8 821.0324681809514
0.18 9 823.9183157471032
0.18 10 826.5334535800819
0.18 11 830.0207871505849
0.18 12 832.89470778791
0.18 13 838.3255205162236
0.18 14 838.3259546129134
0.18 15 843.752263657643
0.18 16 844.153420118
0.18 17 849.179493803247
0.18 18 849.1795627068424
0.18 19 854.6082797392675
0.18 20 854.5814730596996
0.18 21 860.040395890513
0.18 22 862.5801027202224
0.18 23 865.4776419440391
0.18 24 865.4776300244405
0.18 25 870.9193296851366
0.18 26 876.3656893952351
0.18 27 876.365028729811
0.18 28 881.8159969748973
0.18 29 881.8165907708201
0.18 30 887.2714676480798
0.18 31 887.2718997281073
0.18 32 892.7300146040873
0.18 33 892.7297405621068
0.18 34 898.1909713691574
0.18 35 898.1906093268635
0.18 36 903.6535521746121
0.18 37 909.1170297795637
0.18 38 909.116724217539
0.18 39 914.5809290353882
0.18 40 914.580621370959
0.18 41 920.0439762610337
0.18 42 920.0442360277267
0.18 43 925.506930008246
0.18 44 925.5071151607754
0.18 45 930.9691370399097
0.18 46 930.9692726933619
0.18 47 936.4299418431609
0.18 48 936.4299405349084
0.18 49 941.8900470417001
0.18 50 947.3494346099108
0.18 51 947.3494041400728
0.18 52 952.8080347326593
0.18 53 952.8081122920804
0.18 54 958.2663779026657
0.18 55 958.2663990220437
0.18 56 963.7245760280259
0.18 57 963.7245511198332
0.18 58 969.1827163564814
0.18 59 969.1826808110102
0.18 60 974.6410981900368
0.18 61 974.6411663835665
0.18 62 980.0997685730014
0.18 63 980.099768348454
0.18 64 985.5588740113146
0.18 65 985.5588610122513
0.18 66 991.0184232208132
0.18 67 991.0184210865672
0.18 68 996.4785077958012
0.18 69 1001.9391157484574
0.18 70 1001.9391188129003
0.18 71 1001.9391520443601
0.18 72 1007.4002726528395
0.18 73 1012.8620041373537
0.18 74 1012.8620037948625
0.18 75 1018.3242392952164
0.18 76 1018.3242759700859
0.18 77 1023.787056435961
0.18 78 1023.7870367002936
0.18 79 1029.2503777795177
0.18 80 1040.1789045616558
0.18 81 1034.7143248910002
0.18 82 1029.2504262540003
0.18 83 1040.1788963385561
0.18 84 1045.644145430471
0.18 85 1045.6441557911012
0.18 86 1045.6441603969586
0.18 87 1051.1101493575088
0.18 88 1056.576969076908
0.18 89 1056.5769537689266
0.18 90 1056.5769537094086
0.18 91 1067.513418536421
0.18 92 1065.376366056
0.18 93 1067.5134135157944
0.18 94 1072.9832432722
0.18 95 1072.9832361017513
0.18 96 1078.454278885323
0.18 97 1078.454276516869
0.18 98 1078.4542655847692
0.18 99 1083.3828141261022
0.19 0 795.8368439312372
0.19 1 816.5393024081819
0.19 2 803.5741363711104
0.19 3 811.0351604700217
0.19 4 808.4720220339058
0.19 5 810.2732475267211
0.19 6 815.162868309022
0.19 7 817.9012791167272
0.19 8 821.0284000742769
0.19 9 823.9215523018361
0.19 10 827.4568184064317
0.19 11 830.0026409283549
0.19 12 832.8920459051906
0.19 13 838.3250128849634
0.19 14 838.3298836376273
0.19 15 841.2842529876062
0.19 16 844.153420118
0.19 17 847.5458684868282
0.19 18 849.1804019157059
0.19 19 854.6091652226733
0.19 20 854.5815039180225
0.19 21 860.0417804921861
0.19 22 860.0407153602112
0.19 23 864.2775629240986
0.19 24 865.4775133523093
0.19 25 870.9195999518953
0.19 26 876.3658855777106
0.19 27 877.2435138460833
0.19 28 881.8167716978605
0.19 29 881.8170172167836
0.19 30 887.2724676362658
0.19 31 887.2723142660086
0.19 32 892.7304591864109
0.19 33 892.7305046095931
0.19 34 898.1912776107328
0.19 35 898.1910959744263
0.19 36 903.6538311265911
0.19 37 909.1173224282368
0.19 38 909.1173823058177
0.19 39 914.5812076516312
0.19 40 914.5811438776516
0.19 41 920.0446263715797
0.19 42 920.0447938845505
0.19 43 925.5076190664699
0.19 44 925.5074915944607
0.19 45 930.969441724092
0.19 46 930.9694257589409
0.19 47 936.4305687641706
0.19 48 936.4304296959779
0.19 49 941.890220202049
0.19 50 947.3498259289055
0.19 51 947.3497838186561
0.19 52 952.8084900562012
0.19 53 952.8084915443782
0.19 54 958.2667863698096
0.19 55 958.2667918754145
0.19 56 963.7249697441138
0.19 57 963.7249944216273
0.19 58 969.1831643404572
0.19 59 969.1831519783124
0.19 60 974.6414725531416
0.19 61 974.6414952788318
0.19 62 980.100148307985
0.19 63 982.797643188
0.19 64 985.5592321888419
0.19 65 985.5591986260098
0.19 66 991.018779479657
0.19 67 991.0187668314311
0.19 68 996.4788424717962
0.19 69 1001.939451845679
0.19 70 1001.9394232253399
0.19 71 1001.9394747200843
0.19 72 1007.4006089498996
0.19 73 1012.8623195752834
0.19 74 1012.8623394427322
0.19 75 1018.3245578264604
0.19 76 1018.3245654857836
0.19 77 1023.787365975869
0.19 78 1023.7873440860388
0.19 79 1029.2506809528038
0.19 80 1040.1791682375156
0.19 81 1034.7146100206514
0.19 82 1029.250691081377
0.19 83 1040.17916043667
0.19 84 1045.6444075010174
0.19 85 1045.6444120936833
0.19 86 1045.6443991863537
0.19 87 1051.110402921455
0.19 88 1056.5771883019997
0.19 89 1056.5772046799143
0.19 90 1056.577200713738
0.19 91 1062.044917274362
0.19 92 1065.376366056
0.19 93 1067.5136367094494
0.19 94 1072.9834607814357
0.19 95 1072.9834656423607
0.19 96 1078.454504592358
0.19 97 1078.4544854727822
0.19 98 1078.4544957067365
0.19 99 1083.3828551261972
0.2 0 795.8365435534699
0.2 1 816.5419979308485
0.2 2 803.5741816502606
0.2 3 811.042002719343
0.2 4 808.4745583134257
0.2 5 810.2727381949311
0.2 6 815.1650710515266
0.2 7 817.8998181138331
0.2 8 821.0317875707793
0.2 9 822.0087578515752
0.2 10 827.4585925177455
0.2 11 827.456932339016
0.2 12 832.8953783872305
0.2 13 838.3265265621505
0.2 14 838.3257073426431
0.2 15 843.7526265648664
0.2 16 844.1524514227616
0.2 17 849.1801718901503
0.2 18 849.1816582807777
0.2 19 854.4200754048795
0.2 20 854.6096424839453
0.2 21 860.0421374663522
0.2 22 860.0431028664266
0.2 23 865.479001483489
0.2 24 865.4780493639687
0.2 25 870.9204542750886
0.2 26 876.3667506062619
0.2 27 876.366803222952
0.2 28 881.8176157688015
0.2 29 881.8174381282879
0.2 30 887.2727858039354
0.2 31 887.2727478824979
0.2 32 892.7307465206317
0.2 33 892.7309973014967
0.2 34 898.1915662205828
0.2 35 898.1914795602736
0.2 36 903.6544455137274
0.2 37 909.1179435224509
0.2 38 909.1176910107796
0.2 39 914.5817589121165
0.2 40 914.5817608612116
0.2 41 920.0451313383883
0.2 42 920.0451724962998
0.2 43 925.5080389926763
0.2 44 925.5081151370988
0.2 45 930.9699673637306
0.2 46 930.9701698446314
0.2 47 936.4309491222289
0.2 48 936.4308353822637
0.2 49 941.8909675168101
0.2 50 947.35023898174
0.2 51 947.3502141268551
0.2 52 952.8089066400736
0.2 53 952.8088667250626
0.2 54 958.2672391095871
0.2 55 958.2672767323122
0.2 56 963.7254064296397
0.2 57 963.7253629830593
0.2 58 969.1834692330053
0.2 59 969.1834883119251
0.2 60 974.6418781509083
0.2 61 974.6418527439082
0.2 62 980.1005525118011
0.2 63 969.1835460714406
0.2 64 985.5595781171936
0.2 65 985.5595575416897
0.2 66 991.0191016794049
0.2 67 991.0191808966997
0.2 68 996.4792087759707
0.2 69 1001.9397834505596
0.2 70 1001.939752378416
0.2 71 1001.9397889691061
0.2 72 1007.4009796034521
0.2 73 1012.8626195764508
0.2 74 1012.8626116077523
0.2 75 1018.324839614428
0.2 76 1018.3248596910702
0.2 77 1023.7876460748847
0.2 78 1023.7876312659968
0.2 79 1029.2509553329808
0.2 80 870.9201778989012
0.2 81 1034.7148978299274
0.2 82 1029.25100062625
0.2 83 1040.179456001897
0.2 84 1051.1106493061754
0.2 85 1045.6446804076043
0.2 86 1045.6446765590688
0.2 87 1051.1106692752767
0.2 88 1056.5774571887841
0.2 89 1056.5774545332063
0.2 90 1056.577463126195
0.2 91 1062.0451360582945
0.2 92 1065.376366056
0.2 93 1067.5138806026364
0.2 94 1072.9836845667542
0.2 95 1072.9836805074324
0.2 96 1078.454700853184
0.2 97 1078.4547015668472
0.2 98 1078.454701094736
0.2 99 1083.3828961407182
0.21 0 795.836484049933
0.21 1 822.0108776050948
0.21 2 803.5742269220478
0.21 3 811.0437541294142
0.21 4 808.4755007615026
0.21 5 810.2738055095773
0.21 6 815.162920774
0.21 7 816.5484355443696
0.21 8 821.0295007120741
0.21 9 823.9280000197015
0.21 10 827.4576315424771
0.21 11 830.0224629305387
0.21 12 832.8953304715886
0.21 13 838.3267811797139
0.21 14 838.3310839402544
0.21 15 843.7565093064196
0.21 16 844.153420118
0.21 17 849.1827143172488
0.21 18 849.1827762830756
0.21 19 854.608809780568
0.21 20 854.5828311284935
0.21 21 860.0425796520918
0.21 22 862.5734223759001
0.21 23 865.4790463472287
0.21 24 865.4795499924692
0.21 25 870.9208483163259
0.21 26 876.3673544501409
0.21 27 876.3678233639959
0.21 28 881.8181874818135
0.21 29 881.8178587433323
0.21 30 887.2733519735131
0.21 31 887.2734583726138
0.21 32 892.7314905105018
0.21 33 892.7312665132332
0.21 34 898.1924360322438
0.21 35 898.1921530821965
0.21 36 903.6551052062108
0.21 37 909.1182743602429
0.21 38 909.1182558861773
0.21 39 914.5821786009338
0.21 40 914.5823406797537
0.21 41 920.0456421780967
0.21 42 920.045496296223
0.21 43 925.5083895401201
0.21 44 925.5087883087675
0.21 45 930.9705143741985
0.21 46 930.9703767427164
0.21 47 936.4313255608303
0.21 48 936.4313737789065
0.21 49 941.891278364666
0.21 50 947.3506225145333
0.21 51 947.350619807414
0.21 52 952.8092269449221
0.21 53 952.8092661184949
0.21 54 958.2676073895166
0.21 55 958.2676689632661
0.21 56 963.7257431375849
0.21 57 963.7257538842003
0.21 58 969.183905130622
0.21 59 969.1840028437425
0.21 60 974.6422492062762
0.21 61 974.6422312864827
0.21 62 980.1008722191573
0.21 63 969.1838865456673
0.21 64 985.5599387190019
0.21 65 985.5599104423407
0.21 66 991.0194664411042
0.21 67 991.0195015299249
0.21 68 996.4795246483177
0.21 69 1001.9401157097777
0.21 70 1001.9401438088659
0.21 71 1001.940101815672
0.21 72 1007.4012466265266
0.21 73 1012.862950517533
0.21 74 1012.862940529314
0.21 75 1018.325163981588
0.21 76 1018.3251574409626
0.21 77 1023.7879464726738
0.21 78 1023.7879270706459
0.21 79 1029.2512654306995
0.21 80 1034.715178000103
0.21 81 1034.715188375031
0.21 82 1029.2512805648762
0.21 83 1040.1797329369886
0.21 84 1045.6449353043247
0.21 85 1045.644932864094
0.21 86 1045.644974092727
0.21 87 1051.1109138133347
0.21 88 1056.5777000986589
0.21 89 1056.5777022495963
0.21 90 1056.577701913242
0.21 91 1062.0453820830542
0.21 92 1065.376366056
0.21 93 1067.5140913991208
0.21 94 1072.9838989296852
0.21 95 1072.9838922918411
0.21 96 1078.4549206390811
0.21 97 1078.454916107184
0.21 98 1078.4549203218103
0.21 99 1083.3829371699833
0.22 0 795.8377776188462
0.22 1 816.5458452377705
0.22 2 803.5742721798435
0.22 3 811.0467456903858
0.22 4 808.4765484142009
0.22 5 810.2700960652982
0.22 6 815.1648422576438
0.22 7 816.5417562964426
0.22 8 821.0310285032207
0.22 9 822.015563364296
0.22 10 827.4567880436408
0.22 11 827.4608884333308
0.22 12 832.9005144292719
0.22 13 838.3260164373464
0.22 14 838.3277906168091
0.22 15 843.7542322066787
0.22 16 844.1535327984456
0.22 17 849.1829914659095
0.22 18 849.1824902146113
0.22 19 854.6112664992039
0.22 20 854.6104689750405
0.22 21 860.0442874870886
0.22 22 862.5805839758093
0.22 23 865.4801664164581
0.22 24 865.4800329923492
0.22 25 870.9218789471398
0.22 26 876.3683532231823
0.22 27 876.368266253925
0.22 28 881.8183334992874
0.22 29 881.8188653440818
0.22 30 887.2739418765965
0.22 31 887.2735947309244
0.22 32 892.7320611072524
0.22 33 892.731995007922
0.22 34 898.1926485363072
0.22 35 898.1925306063176
0.22 36 903.6554842673997
0.22 37 909.1188441347178
0.22 38 909.1188022191213
0.22 39 914.5826645080645
0.22 40 914.5826883675271
0.22 41 920.046198703144
0.22 42 920.0461675157238
0.22 43 925.508882333774
0.22 44 925.5088838032593
0.22 45 930.97092022723
0.22 46 930.970791364485
0.22 47 936.4317732631251
0.22 48 936.4317560492068
0.22 49 941.891884121829
0.22 50 947.3510509970893
0.22 51 865.4804378492046
0.22 52 952.8096503566151
0.22 53 952.8098011741154
0.22 54 958.2680501717612
0.22 55 958.2680166798548
0.22 56 963.7261352315697
0.22 57 963.7261124727697
0.22 58 969.1841937219601
0.22 59 969.1842625124845
0.22 60 974.6426103474605
0.22 61 974.642653325084
0.22 62 980.1012372786665
0.22 63 974.6425934808482
0.22 64 985.5603103180936
0.22 65 985.5602777197013
0.22 66 991.0198275250161
0.22 67 991.0198094467427
0.22 68 996.4798661300918
0.22 69 1001.9404497584425
0.22 70 1001.9404318062916
0.22 71 1001.9404731314793
0.22 72 1007.4015763126886
0.22 73 1012.8632516345847
0.22 74 1012.8632689021053
0.22 75 1018.3254955084607
0.22 76 1018.3254646208093
0.22 77 1023.7882236631168
0.22 78 1023.7882296685617
0.22 79 1029.2515500321883
0.22 80 1034.7154843910182
0.22 81 1034.7154754486005
0.22 82 1029.2515437318636
0.22 83 1040.1799873882453
0.22 84 1045.6452036176133
0.22 85 1045.645212791501
0.22 86 1045.6452176472467
0.22 87 1051.1111629474015
0.22 88 1056.577928737453
0.22 89 1056.5779433877424
0.22 90 1056.5779520306153
0.22 91 1062.045648773984
0.22 92 1065.376366056
0.22 93 1067.5143255495957
0.22 94 1072.984111829077
0.22 95 1072.9841285935568
0.22 96 1078.4551424008291
0.22 97 1078.4551356318516
0.22 98 1078.455126546
0.22 99 1083.3829782129912
0.23 0 795.83729916953
0.23 1 816.5436923105849
0.23 2 803.5743174237614
0.23 3 811.048172515516
0.23 4 808.4747296091614
0.23 5 810.272988061645
0.23 6 815.162002786685
0.23 7 817.9006149843012
0.23 8 821.0332705918194
0.23 9 823.9280962550447
0.23 10 827.4599139871816
0.23 11 827.4576792328756
0.23 12 832.8989592212935
0.23 13 838.329236031324
0.23 14 838.3277233358112
0.23 15 843.7562067033026
0.23 16 844.153420118
0.23 17 849.1825801992022
0.23 18 849.1828970374528
0.23 19 854.6112450979964
0.23 20 854.5830094493914
0.23 21 860.0438803763695
0.23 22 860.0437338861861
0.23 23 865.4806853083246
0.23 24 865.4814020921082
0.23 25 870.9216843957058
0.23 26 876.3688516982583
0.23 27 877.2435149856245
0.23 28 881.8188032274676
0.23 29 881.8193151517578
0.23 30 887.2742150800027
0.23 31 887.2743107749382
0.23 32 892.7327677233436
0.23 33 892.7329132222061
0.23 34 898.1933311648669
0.23 35 898.1931473516952
0.23 36 903.6559638640409
0.23 37 909.1194209879051
0.23 38 909.1191441854946
0.23 39 914.582971645124
0.23 40 914.5831616165066
0.23 41 920.0462674582586
0.23 42 920.0467305139495
0.23 43 925.5093322936054
0.23 44 925.5094019592851
0.23 45 930.9714434640147
0.23 46 930.9712113170222
0.23 47 936.4321221490125
0.23 48 936.432227008121
0.23 49 941.8922924734272
0.23 50 947.3516340533612
0.23 51 947.3514647545037
0.23 52 952.8101589524815
0.23 53 952.8100898733635
0.23 54 958.2684602113759
0.23 55 958.2685906052658
0.23 56 963.7265262029804
0.23 57 963.7265434996659
0.23 58 969.1846534684058
0.23 59 969.1847276727003
0.23 60 974.6430305857225
0.23 61 974.643067274169
0.23 62 980.1016307018424
0.23 63 974.643038653306
0.23 64 985.5606819414262
0.23 65 985.5606657815827
0.23 66 991.0201930072623
0.23 67 991.0201639752452
0.23 68 996.4802246180686
0.23 69 1001.9407999799259
0.23 70 1001.940777980485
0.23 71 1001.9407632034159
0.23 72 1007.4019028437973
0.23 73 1012.8635612533739
0.23 74 1012.8635690155573
0.23 75 1018.325786111799
0.23 76 1018.3257809550402
0.23 77 1023.7885184375087
0.23 78 1023.7885065078506
0.23 79 1029.2518390425364
0.23 80 1034.715759140418
0.23 81 1034.715754804168
0.23 82 1029.251866453784
0.23 83 1040.1802896165734
0.23 84 1045.6454937202984
0.23 85 1045.6454840474491
0.23 86 1045.645472546405
0.23 87 1051.1114083560021
0.23 88 1056.5781896375604
0.23 89 1056.5781921764733
0.23 90 1056.578201707498
0.23 91 1062.045879619715
0.23 92 1065.376366056
0.23 93 1067.5145378050142
0.23 94 1072.9843641545167
0.23 95 1072.984335254903
0.23 96 1078.455338582764
0.23 97 1078.455348066114
0.23 98 1078.4553577552203
0.23 99 1083.383019272743
0.24 0 795.8377054338833
0.24 1 816.54140417553
0.24 2 803.5743626612114
0.24 3 811.0455001070006
0.24 4 808.4747388396496
0.24 5 810.2737070240704
0.24 6 815.162920774
0.24 7 817.9005935805543
0.24 8 821.0282022966817
0.24 9 822.0203261781164
0.24 10 827.4608439789744
0.24 11 830.0227481961559
0.24 12 832.8995551381778
0.24 13 838.3285849954339
0.24 14 838.3287549115013
0.24 15 843.7559247679922
0.24 16 844.153420118
0.24 17 849.1837922272936
0.24 18 849.182894075775
0.24 19 854.6109604503424
0.24 20 854.6117888788569
0.24 21 860.0438649473576
0.24 22 860.0454177726867
0.24 23 865.4813205034263
0.24 24 865.4815102540254
0.24 25 870.9223321803929
0.24 26 876.3693737945996
0.24 27 877.2434588934834
0.24 28 881.8195415850183
0.24 29 881.8198454567654
0.24 30 887.2748683150882
0.24 31 887.2743500105788
0.24 32 892.7325160334605
0.24 33 892.7335096530611
0.24 34 898.2930384415952
0.24 35 898.1944078121026
0.24 36 903.6561917250833
0.24 37 909.1200406026193
0.24 38 909.1200190904403
0.24 39 914.5836299460435
0.24 40 914.5837320684335
0.24 41 920.0471410822524
0.24 42 920.0470833812955
0.24 43 925.5098305842687
0.24 44 925.5099155310485
0.24 45 930.971952971796
0.24 46 930.9721071852881
0.24 47 936.4327119412582
0.24 48 936.4326488681222
0.24 49 941.8926759951585
0.24 50 947.3519587923505
0.24 51 947.3519230632371
0.24 52 952.8105694081587
0.24 53 952.8105188303857
0.24 54 958.2689091525302
0.24 55 958.2688688388256
0.24 56 963.7269618383227
0.24 57 963.7268506369206
0.24 58 969.1849896141657
0.24 59 969.1849650057375
0.24 60 974.643377584588
0.24 61 974.6433526413389
0.24 62 980.1019483914476
0.24 63 974.6434221030864
0.24 64 985.5610392100248
0.24 65 985.5610016120894
0.24 66 991.020506759803
0.24 67 991.0205091414175
0.24 68 996.480553066291
0.24 69 1001.941144966194
0.24 70 1001.9411149296335
0.24 71 1001.9411327757872
0.24 72 1007.4022430165398
0.24 73 1012.8638925735523
0.24 74 1012.8639027446999
0.24 75 1018.3260844409153
0.24 76 1018.3260870658187
0.24 77 1023.7888080007219
0.24 78 1023.7888212830526
0.24 79 1029.2521394825358
0.24 80 1045.6457310337582
0.24 81 1034.7160113327352
0.24 82 1029.252124499784
0.24 83 1040.1805266753424
0.24 84 1045.6457545696703
0.24 85 1045.6457404985106
0.24 86 1051.111697010633
0.24 87 1051.1116715318303
0.24 88 1056.5784444864448
0.24 89 1056.5784385821894
0.24 90 1056.578423791667
0.24 91 1067.5148006911181
0.24 92 1065.376366056
0.24 93 1067.5147919201215
0.24 94 1072.98455188618
0.24 95 1072.9845640736755
0.24 96 1078.4555579177759
0.24 97 1078.4555592908996
0.24 98 1078.4555711461626
0.24 99 1083.3830603499891
0.25 0 795.836819761184
0.25 1 816.5530522412283
0.25 2 803.5744078892685
0.25 3 805.723835528
0.25 4 808.4746826577906
0.25 5 810.2725369553424
0.25 6 815.162920774
0.25 7 816.5337444403009
0.25 8 821.0310750316748
0.25 9 822.0143424844108
0.25 10 826.5328931606666
0.25 11 830.0031557545569
0.25 12 832.8989571611928
0.25 13 838.3318363395275
0.25 14 838.3283975994143
0.25 15 841.2931201950076
0.25 16 844.153420118
0.25 17 849.1847500158877
0.25 18 849.184771048899
0.25 19 854.6118762082348
0.25 20 854.584765428094
0.25 21 860.0446693946745
0.25 22 860.0441817742152
0.25 23 865.481924345192
0.25 24 865.481811949197
0.25 25 870.9234609742389
0.25 26 876.370034217963
0.25 27 876.3700853375875
0.25 28 881.8203548661329
0.25 29 881.8198442461305
0.25 30 887.2756206993116
0.25 31 887.2755146264055
0.25 32 892.733342779311
0.25 33 892.7335255164712
0.25 34 898.1942392993141
0.25 35 898.1940765636432
0.25 36 903.6567091606433
0.25 37 909.1205472164769
0.25 38 909.1203641334502
0.25 39 914.5842544034158
0.25 40 914.5841447462622
0.25 41 920.047632064277
0.25 42 920.0474387017316
0.25 43 925.5104333521973
0.25 44 925.5103370222591
0.25 45 930.9725419484702
0.25 46 930.972324457152
0.25 47 936.4330344139747
0.25 48 936.4331835392882
0.25 49 941.8931662435867
0.25 50 947.3524531060408
0.25 51 947.3523514302441
0.25 52 952.8109537057683
0.25 53 952.8110619120935
0.25 54 958.2692527767568
0.25 55 958.2692548760182
0.25 56 963.7273272825938
0.25 57 963.7273325251887
0.25 58 969.1854050445613
0.25 59 969.1854288009733
0.25 60 974.6436888812975
0.25 61 974.6437583661673
0.25 62 980.1023633604667
0.25 63 980.1023485277516
0.25 64 985.5613818849024
0.25 65 985.5613957363091
0.25 66 991.0208521027458
0.25 67 991.02085216337
0.25 68 996.4809718435936
0.25 69 1001.9414109295567
0.25 70 1001.9414685023354
0.25 71 1001.9414173474617
0.25 72 1007.4025735587363
0.25 73 1012.8642081040015
0.25 74 1012.8642340091661
0.25 75 1018.3263742322004
0.25 76 1018.3263922810934
0.25 77 1023.7891418899609
0.25 78 1029.2524263331827
0.25 79 1029.2524218728008
0.25 80 1034.716317639052
0.25 81 1034.71630519367
0.25 82 1029.2524192370618
0.25 83 1040.1808231829
0.25 84 1045.6459942261215
0.25 85 1045.6460008705824
0.25 86 1045.6459950314697
0.25 87 1051.11194106773
0.25 88 1056.5786992735
0.25 89 1056.5786967074525
0.25 90 1056.578687908386
0.25 91 1062.0463468824316
0.25 92 1065.376366056
0.25 93 1067.5149963609706
0.25 94 1072.9847922637512
0.25 95 1072.9847824059116
0.25 96 1078.4557678449205
0.25 97 1078.4557747513345
0.25 98 1078.4557867270103
0.25 99 1083.3831014420655
0.26 0 795.8367209075793
0.26 1 805.7035714720988
0.26 2 803.5744531031954
0.26 3 805.7239369482288
0.26 4 808.4718009062035
0.26 5 810.2723623706863
0.26 6 815.1629461974288
0.26 7 817.8963352652236
0.26 8 821.030798439576
0.26 9 822.0184542676027
0.26 10 827.4613098527403
0.26 11 827.4603956504917
0.26 12 832.8967969707836
0.26 13 838.3336073319828
0.26 14 838.3302222002989
0.26 15 843.7575076786104
0.26 16 844.153420118
0.26 17 849.1860580830534
0.26 18 849.1865284260182
0.26 19 854.6125426436795
0.26 20 854.6146327226083
0.26 21 860.0458041344366
0.26 22 860.0467467476496
0.26 23 865.4824354012451
0.26 24 865.482062706319
0.26 25 870.9239267013081
0.26 26 876.3700730090821
0.26 27 877.2435164225367
0.26 28 881.8207716787219
0.26 29 881.8209558205125
0.26 30 887.2760349200965
0.26 31 887.2761340309967
0.26 32 892.7339341322694
0.26 33 892.7339660017725
0.26 34 898.1948055038807
0.26 35 898.1947942522592
0.26 36 903.6577962969237
0.26 37 909.1207228236569
0.26 38 909.1209017027044
0.26 39 914.5848348722851
0.26 40 914.5848584856622
0.26 41 920.0479405658889
0.26 42 920.048056626684
0.26 43 925.5108137035276
0.26 44 925.5109225565624
0.26 45 930.9727808126694
0.26 46 930.9727356598086
0.26 47 936.4336224523487
0.26 48 936.433532545831
0.26 49 941.8935198753449
0.26 50 947.3527678535877
0.26 51 947.3528626916342
0.26 52 952.8113932419753
0.26 53 952.8113517430235
0.26 54 958.2697199102203
0.26 55 958.2696755433526
0.26 56 963.7277384233182
0.26 57 963.7277161127829
0.26 58 969.1858770115452
0.26 59 969.1858306903598
0.26 60 974.6441365854092
0.26 61 974.6441541085396
0.26 62 980.102705826926
0.26 63 974.6440369454587
0.26 64 985.5617232745092
0.26 65 985.5617597837391
0.26 66 991.0212212230352
0.26 67 991.0212231193528
0.26 68 997.1890488771228
0.26 69 1001.9417751691893
0.26 70 1001.9417946933173
0.26 71 1001.9418037520115
0.26 72 1007.4028782991172
0.26 73 1012.8645564586474
0.26 74 1012.8645141185066
0.26 75 1018.3267155714445
0.26 76 1018.3267002117103
0.26 77 1023.7894301386705
0.26 78 1023.7894163029969
0.26 79 1029.2527112793462
0.26 80 1040.1810875563244
0.26 81 1034.7165925914508
0.26 82 1029.2527172836215
0.26 83 1040.1810955558249
0.26 84 1045.646268548372
0.26 85 1045.6462545155664
0.26 86 1045.6462687945557
0.26 87 1051.1121718700285
0.26 88 1056.5789459894856
0.26 89 1056.5789401600177
0.26 90 1056.5789408398355
0.26 91 1062.0466011822843
0.26 92 1065.376366056
0.26 93 1067.5152442186939
0.26 94 1072.9850094158526
0.26 95 1072.9850075090826
0.26 96 1078.4559786703426
0.26 97 1078.4559779079473
0.26 98 1078.455951557212
0.26 99 1083.383142543694
0.27 0 795.8377601438216
0.27 1 822.0193196104445
0.27 2 803.574498307632
0.27 3 805.723616130721
0.27 4 808.4719119112868
0.27 5 811.0548327061022
0.27 6 815.162920774
0.27 7 817.9021583544773
0.27 8 821.0297441645365
0.27 9 823.9309767672279
0.27 10 827.4659773297567
0.27 11 827.4609030543046
0.27 12 832.901147575965
0.27 13 838.3317072483984
0.27 14 838.3340166756365
0.27 15 843.7588337737685
0.27 16 844.153420118
0.27 17 849.18570976266
0.27 18 849.1882329554714
0.27 19 854.6128064976472
0.27 20 854.6139148315144
0.27 21 860.0470514493788
0.27 22 862.578369457796
0.27 23 865.4837331972361
0.27 24 865.4826498687504
0.27 25 870.9247165609238
0.27 26 876.3707881127974
0.27 27 876.370731105199
0.27 28 881.8213526642767
0.27 29 881.8215174608902
0.27 30 887.2763347583845
0.27 31 887.276328186852
0.27 32 892.734899865503
0.27 33 892.7342873655903
0.27 34 898.2938406256628
0.27 35 898.1953299836204
0.27 36 903.6578997633644
0.27 37 909.1213389785746
0.27 38 909.1214386666176
0.27 39 914.585079682644
0.27 40 914.5853118585433
0.27 41 920.0486273329556
0.27 42 920.0487079602057
0.27 43 925.5112279347463
0.27 44 925.51136208008
0.27 45 930.9731793117461
0.27 46 930.9732076640128
0.27 47 936.4340846372802
0.27 48 936.4339831488153
0.27 49 941.89414010059
0.27 50 947.353244799338
0.27 51 947.3532895304347
0.27 52 952.8118467794837
0.27 53 952.8118803104826
0.27 54 958.2701150672493
0.27 55 958.2701481504604
0.27 56 963.7281382236013
0.27 57 963.7281850189682
0.27 58 969.1862213558841
0.27 59 969.186252205937
0.27 60 974.6445175970546
0.27 61 974.6444718400439
0.27 62 980.1030882997644
0.27 63 974.6445204289339
0.27 64 985.5621432252332
0.27 65 985.5620821412889
0.27 66 991.02155041978
0.27 67 991.0215734335029
0.27 68 996.4815976936862
0.27 69 1001.9421753196602
0.27 70 1001.9420871152838
0.27 71 1001.9421164323934
0.27 72 1007.4031785856444
0.27 73 1012.8648295473224
0.27 74 1012.8648574153602
0.27 75 1018.3270201157951
0.27 76 1018.3270006788764
0.27 77 1023.7897216638489
0.27 78 1023.789711992684
0.27 79 1029.2530043914571
0.27 80 1023.789712804322
0.27 81 1034.7168732970902
0.27 82 1029.2530051671722
0.27 83 1040.181346681052
0.27 84 1051.1124350507203
0.27 85 1045.6464960654232
0.27 86 1045.6465415533653
0.27 87 1051.1124476197251
0.27 88 1056.5791741409582
0.27 89 1056.5791793920368
0.27 90 1056.579171489843
0.27 91 1062.0468265692289
0.27 92 1065.376366056
0.27 93 1067.5154788485888
0.27 94 1072.985227502415
0.27 95 1072.985228625902
0.27 96 1078.4561898626505
0.27 97 1078.4561835057973
0.27 98 1078.4561797401013
0.27 99 1083.3831836640318
0.28 0 795.837786493879
0.28 1 816.5457864872942
0.28 2 803.5745435082099
0.28 3 805.723835528
0.28 4 808.4667624928351
0.28 5 810.2840764043664
0.28 6 815.1646672366495
0.28 7 816.5474381465115
0.28 8 821.0282240969937
0.28 9 822.0155165676238
0.28 10 827.4633021516638
0.28 11 827.4646391097644
0.28 12 832.9027365376743
0.28 13 838.3324497782106
0.28 14 838.3310512172214
0.28 15 841.28765525
0.28 16 844.153420118
0.28 17 849.1872435564196
0.28 18 849.1870392103348
0.28 19 854.4203387848183
0.28 20 854.5874491137594
0.28 21 860.0465575267075
0.28 22 860.0475616315038
0.28 23 865.4838561985198
0.28 24 865.4839328698752
0.28 25 870.924103093828
0.28 26 876.3714381696673
0.28 27 876.3713281955247
0.28 28 881.8216630904566
0.28 29 881.8218712250659
0.28 30 887.2768987265314
0.28 31 887.2774122601357
0.28 32 892.7349785876098
0.28 33 892.7349007047897
0.28 34 898.2940724044105
0.28 35 898.1956933503317
0.28 36 903.6585107976531
0.28 37 909.1217188951161
0.28 38 909.1219745595273
0.28 39 914.5856571165731
0.28 40 914.5857984774552
0.28 41 920.0487934355161
0.28 42 920.0491444477325
0.28 43 925.5117079288335
0.28 44 925.5118069904905
0.28 45 930.9737497986804
0.28 46 930.9738266776965
0.28 47 936.4345322613822
0.28 48 936.4345260631529
0.28 49 941.8945215724726
0.28 50 947.3537634669428
0.28 51 947.3536928557171
0.28 52 952.8123464603618
0.28 53 952.8121771582108
0.28 54 958.2704629187232
0.28 55 958.2705518516992
0.28 56 963.7285022088041
0.28 57 963.7285352603512
0.28 58 969.1866299401369
0.28 59 969.1866100284379
0.28 60 974.6448570456267
0.28 61 974.6448963673514
0.28 62 980.1034506712059
0.28 63 980.1034391485517
0.28 64 985.5624299649784
0.28 65 985.5624474062924
0.28 66 991.0218893298829
0.28 67 991.0219348029697
0.28 68 996.4819114225714
0.28 69 1001.9424957630099
0.28 70 1001.9424741841841
0.28 71 1001.9424417167036
0.28 72 1007.403557536314
0.28 73 1012.8651048697601
0.28 74 1012.8651548757161
0.28 75 1018.3273055334904
0.28 76 1018.3273104330835
0.28 77 1023.7900384141145
0.28 78 1023.7900171342773
0.28 79 1029.253282397773
0.28 80 1051.1127158990714
0.28 81 1034.717145319546
0.28 82 1029.2532977045435
0.28 83 1040.1816125314124
0.28 84 1051.1126963444556
0.28 85 1045.64680804091
0.28 86 1045.6468115410435
0.28 87 1051.1126955949737
0.28 88 1056.5794281029873
0.28 89 1056.579429377333
0.28 90 1056.5794070994325
0.28 91 1062.0470664486186
0.28 92 1065.376366056
0.28 93 1067.5157192980357
0.28 94 1072.9854379890087
0.28 95 1072.9854472989223
0.28 96 1078.4564052749115
0.28 97 1078.4563972691246
0.28 98 1078.4563992605622
0.28 99 1083.383224797471