0.15 0 1363.3191738862781
0.15 1 1363.319188139752
0.15 2 1470.4145132546578
0.15 3 1363.3191751959837
0.15 4 1363.319179483978
0.15 5 1416.718318266451
0.15 6 1383.4930914425906
0.15 7 1380.6515316367286
0.15 8 1384.903368832
0.15 9 1385.5764898569182
0.15 10 1388.933617041637
0.15 11 1391.6855983758505
0.15 12 1392.1808889532904
0.15 13 1398.264190952
0.15 14 1398.1541117449763
0.15 15 1403.0507980386044
0.15 16 1412.1593840649314
0.15 17 1410.957014622028
0.15 18 1410.925645278537
0.15 19 1412.159382083304
0.15 20 1416.712140442433
0.15 21 1418.8967892362218
0.15 22 1422.5444535158658
0.15 23 1422.5444528632713
0.15 24 1422.5444119535055
0.15 25 1398.8087396089222
0.15 26 1432.754668024893
0.15 27 1434.801751618246
0.15 28 1435.2807587767882
0.15 29 1447.7027241484755
0.15 30 1447.7029965653342
0.15 31 1449.5937552497937
0.15 32 1447.7031304166155
0.15 33 1449.593983662607
0.15 34 1453.0774259068783
0.15 35 1453.0774563665034
0.15 36 1449.5939630012585
0.15 37 1460.832964246
0.15 38 1462.834709838
0.15 39 1029.2495317952546
0.15 40 1470.4144958487327
0.15 41 1475.0110185866386
0.15 42 1474.105857824
0.15 43 1463.277111937816
0.15 44 1479.6766769970943
0.15 45 1481.147614894
0.15 46 1483.472050951306
0.15 47 1487.8359885907307
0.15 48 1490.689979102
0.15 49 1494.7320386778742
0.15 50 1496.5466190506743
0.15 51 1496.5466190554757
0.15 52 1568.5482115277282
0.15 53 1332.783855002776
0.15 54 1506.615707121366
0.15 55 1508.644740944
0.15 56 1476.0639519407468
0.15 57 1513.4328725418916
0.15 58 1562.0005974488604
0.15 59 1517.7154041064452
0.15 60 1518.0688643154235
0.15 61 1518.068867173805
0.15 62 1531.0698712494573
0.15 63 1540.8843834732936
0.15 64 1532.257058732416
0.15 65 1535.8179376477876
0.15 66 1537.60976911233
0.15 67 1539.386814506
0.15 68 1542.3635183942115
0.15 69 1553.2346231589775
0.15 70 1548.2753207666726
0.15 71 1550.095694194
0.15 72 1551.808250927005
0.15 73 1555.4544321274327
0.15 74 1558.314153898
0.15 75 1562.0005974475391
0.15 76 1565.2276888931865
0.15 77 1565.195887892
0.15 78 1568.5481958250964
0.15 79 1572.0122889390552
0.15 80 1572.0496141642914
0.15 81 1572.0497042063387
0.15 82 1577.7157934034667
0.15 83 1580.7827839032984
0.15 84 1555.4544321190413
0.15 85 1542.3635183953334
0.15 86 1651.1264059191883
0.15 87 1631.5251685556702
0.15 88 1631.5251793377067
0.15 89 1640.6130510596713
0.15 90 1631.5251908213615
0.15 91 1625.6538495975083
0.15 92 1625.5987546491024
0.15 93 1631.5251717476694
0.15 94 1627.6138416230158
0.15 95 1627.6107695673845
0.15 96 1631.5251671702426
0.15 97 1618.853325267723
0.15 98 1625.598908604709
0.15 99 1631.5219347109387
0.16 0 1363.3188211227282
0.16 1 1363.3188275545847
0.16 2 1467.3616212303318
0.16 3 1363.318833689736
0.16 4 1363.3188455500476
0.16 5 1416.7183941764956
0.16 6 1383.4919907408757
0.16 7 1380.6493180636783
0.16 8 1384.903368832
0.16 9 1385.576274976467
0.16 10 1388.9182135629467
0.16 11 1391.452671842
0.16 12 1392.1806543332375
0.16 13 1398.264190952
0.16 14 1398.1532108445526
0.16 15 1403.0526454596727
0.16 16 1412.1591150419774
0.16 17 1410.95691081393
0.16 18 1410.9257907706526
0.16 19 1412.1591170635509
0.16 20 1416.7184164143846
0.16 21 1418.8965269263824
0.16 22 1422.5443360168113
0.16 23 1422.5443403670588
0.16 24 1422.5443279962853
0.16 25 1398.8084871612655
0.16 26 1432.7525319981285
0.16 27 1434.802064211972
0.16 28 1435.2810390273835
0.16 29 1447.6995342691262
0.16 30 1447.7021909672821
0.16 31 1449.5942045068605
0.16 32 1447.7022584128931
0.16 33 1449.5944188662513
0.16 34 1453.0777692870163
0.16 35 1453.077770047137
0.16 36 1449.5943862958404
0.16 37 1460.832964246
0.16 38 1462.834709838
0.16 39 1198.6948059817819
0.16 40 1470.4144901124978
0.16 41 1475.049360258723
0.16 42 1474.105857824
0.16 43 1463.2773728508216
0.16 44 1479.6487716368777
0.16 45 1481.147614894
0.16 46 1483.4720441661125
0.16 47 1487.8363227620873
0.16 48 1490.689979102
0.16 49 1494.7324060878336
0.16 50 1496.546615419413
0.16 51 1496.5466154226262
0.16 52 1568.5476921587929
0.16 53 1338.4501470894675
0.16 54 1506.6157863889287
0.16 55 1508.644740944
0.16 56 1476.0650460763131
0.16 57 1513.4348080823959
0.16 58 1562.0005998635195
0.16 59 1517.7162242246327
0.16 60 1518.0693275964993
0.16 61 1518.0693304500908
0.16 62 1531.0704346249568
0.16 63 1540.8947635701938
0.16 64 1532.2576379998052
0.16 65 1535.817947678014
0.16 66 1537.6092700800234
0.16 67 1539.386814506
0.16 68 1542.3635275753118
0.16 69 1553.216910534599
0.16 70 1548.2752419850872
0.16 71 1550.095694194
0.16 72 1551.8104127931442
0.16 73 1555.4544372406856
0.16 74 1558.314153898
0.16 75 1562.000599861782
0.16 76 1565.22937697489
0.16 77 1565.195887892
0.16 78 1568.5481093494548
0.16 79 1572.0132382369038
0.16 80 1572.050447391575
0.16 81 1572.0504557913025
0.16 82 1577.715997703745
0.16 83 1580.7821382279453
0.16 84 1555.4544372439168
0.16 85 1542.3635275732659
0.16 86 1651.1263649076925
0.16 87 1631.5251861078802
0.16 88 1631.525174756149
0.16 89 1640.6158394715555
0.16 90 1631.5251894391552
0.16 91 1625.59713667761
0.16 92 1625.5975418301448
0.16 93 1631.5251540592574
0.16 94 1631.525148517301
0.16 95 1627.6107352806612
0.16 96 1631.5251721975333
0.16 97 1618.8534287607556
0.16 98 1625.5972138447146
0.16 99 1631.5219867483993
0.17 0 1363.318502336212
0.17 1 1363.3184903642941
0.17 2 1467.3449822464822
0.17 3 1363.3184923138517
0.17 4 1363.3185011672847
0.17 5 1416.7184720042642
0.17 6 1383.4914252224373
0.17 7 1380.647161186642
0.17 8 1384.903368832
0.17 9 1385.5760600572091
0.17 10 1388.9039067090387
0.17 11 1391.6997385793698
0.17 12 1392.1804196665325
0.17 13 1398.264190952
0.17 14 1398.1525622849103
0.17 15 1403.0522322757904
0.17 16 1412.1588469706855
0.17 17 1410.9569685121137
0.17 18 1410.9258752621026
0.17 19 1412.1588515609255
0.17 20 1416.7123235262725
0.17 21 1418.89626674594
0.17 22 1422.5442402617912
0.17 23 1422.5442244658984
0.17 24 1422.5442162193742
0.17 25 1398.8082346563742
0.17 26 1432.7504367104
0.17 27 1434.8023770519505
0.17 28 1435.2817930007732
0.17 29 1447.7006879902688
0.17 30 1447.701191111425
0.17 31 1449.59465361293
0.17 32 1447.7011741816402
0.17 33 1449.594853912037
0.17 34 1453.0780239844748
0.17 35 1453.078019769712
0.17 36 1449.594809475379
0.17 37 1460.832964246
0.17 38 1462.834709838
0.17 39 1198.7208853870786
0.17 40 1470.4144835153445
0.17 41 1475.1936433744643
0.17 42 1473.828991556197
0.17 43 1463.277407286381
0.17 44 1479.6241575655924
0.17 45 1481.147614894
0.17 46 1483.4720364906686
0.17 47 1487.8341369084399
0.17 48 1490.689979102
0.17 49 1494.7327766555334
0.17 50 1496.5466117833314
0.17 51 1496.5466117853628
0.17 52 1568.547767568028
0.17 53 1463.2773681771007
0.17 54 1506.6158695642625
0.17 55 1508.644740944
0.17 56 1476.0660284687235
0.17 57 1513.4358460788872
0.17 58 1562.0006022822076
0.17 59 1517.717000356743
0.17 60 1518.0697909171952
0.17 61 1518.0697937659963
0.17 62 1531.070998186055
0.17 63 1540.9040173705127
0.17 64 1532.25799839833
0.17 65 1535.817957702128
0.17 66 1537.6077164659741
0.17 67 1539.386814506
0.17 68 1542.3635367456056
0.17 69 1553.1995125313517
0.17 70 1548.2751633118164
0.17 71 1550.095694194
0.17 72 1551.8093725996055
0.17 73 1555.4544423533562
0.17 74 1558.314153898
0.17 75 1562.0006022782256
0.17 76 1565.2308863059357
0.17 77 1565.195887892
0.17 78 1568.5480909935868
0.17 79 1572.014053325921
0.17 80 1572.0513179425022
0.17 81 1572.0512976107395
0.17 82 1577.7163054795933
0.17 83 1580.7813982810696
0.17 84 1555.454442355748
0.17 85 1542.3635367480142
0.17 86 1651.1263239295872
0.17 87 1631.5251671743413
0.17 88 1631.5251659555045
0.17 89 1641.7903927433808
0.17 90 1631.5251875999431
0.17 91 1625.5961574586927
0.17 92 1625.5960124333214
0.17 93 1631.5251609208617
0.17 94 1631.525151768086
0.17 95 1627.6107029738453
0.17 96 1631.5252033764548
0.17 97 1618.8536073449623
0.17 98 1625.5958164399706
0.17 99 1631.522038101383
0.18 0 1363.3181382516134
0.18 1 1363.3181546522603
0.18 2 1467.330723273296
0.18 3 1363.3181510683958
0.18 4 1363.3181577740327
0.18 5 1416.7123893415962
0.18 6 1383.4904584529154
0.18 7 1380.6449831779569
0.18 8 1384.903368832
0.18 9 1385.5758451097374
0.18 10 1388.8885384203456
0.18 11 1388.888607979041
0.18 12 1392.1801849394603
0.18 13 1398.264190952
0.18 14 1398.1517082020596
0.18 15 1403.025260157826
0.18 16 1412.1585753412373
0.18 17 1410.957030726397
0.18 18 1410.9259507377749
0.18 19 1412.1585747255633
0.18 20 1416.712379484112
0.18 21 1418.8960045544236
0.18 22 1422.5441111803682
0.18 23 1422.5441687207824
0.18 24 1422.544106388045
0.18 25 1398.1530381540585
0.18 26 1432.748271414789
0.18 27 1434.8026901382948
0.18 28 1435.281843215295
0.18 29 1447.699417077964
0.18 30 1447.7004363392202
0.18 31 1449.5951025675495
0.18 32 1447.7001164857102
0.18 33 1449.5952887999
0.18 34 1453.0783279582001
0.18 35 1453.078332816558
0.18 36 1449.5952325581563
0.18 37 1460.9154845861565
0.18 38 1462.834709838
0.18 39 1549.9804944266305
0.18 40 1470.4144776040919
0.18 41 1475.2568003270248
0.18 42 1474.105857824
0.18 43 1463.2771031580135
0.18 44 1479.6029906748515
0.18 45 1481.147614894
0.18 46 1483.4720288140702
0.18 47 1487.8335119843382
0.18 48 1490.689979102
0.18 49 1494.7331416542684
0.18 50 1496.54660813328
0.18 51 1496.5466081374975
0.18 52 1572.01500167672
0.18 53 1338.4501376095511
0.18 54 1506.615952480732
0.18 55 1508.644740944
0.18 56 1476.0668991466544
0.18 57 1513.53649688
0.18 58 1562.0006046901162
0.18 59 1517.7178118160764
0.18 60 1518.0702542772683
0.18 61 1518.0702571212787
0.18 62 1531.0715619328307
0.18 63 1544.1235411695723
0.18 64 1532.2579230843894
0.18 65 1535.8179677309515
0.18 66 1537.6068387563464
0.18 67 1539.386814506
0.18 68 1542.3635459282652
0.18 69 1553.1809086533863
0.18 70 1548.2795379736333
0.18 71 1550.095694194
0.18 72 1551.811995452252
0.18 73 1555.4544474703998
0.18 74 1558.314153898
0.18 75 1562.0006046969665
0.18 76 1565.2326047909758
0.18 77 1565.195887892
0.18 78 1568.5480756084983
0.18 79 1572.014987185246
0.18 80 1572.0520996459206
0.18 81 1572.0521089376073
0.18 82 1577.715860217492
0.18 83 1580.780753675323
0.18 84 1555.4544474714285
0.18 85 1542.3635459294876
0.18 86 1651.1262829458863
0.18 87 1631.5251843385233
0.18 88 1631.5252216203605
0.18 89 1641.7816113461802
0.18 90 1631.525184916181
0.18 91 1625.5952418668276
0.18 92 1625.5949331554089
0.18 93 1631.5251932161543
0.18 94 1631.5251696314656
0.18 95 1627.610610481357
0.18 96 1631.5251730522698
0.18 97 1618.853733053884
0.18 98 1625.5944526477174
0.18 99 1631.5220888642789
0.19 0 1363.3178084424835
0.19 1 1363.3178141549083
0.19 2 1467.3164289063898
0.19 3 1363.317809953437
0.19 4 1363.3178091142136
0.19 5 1416.7186552257483
0.19 6 1383.4896752029804
0.19 7 1380.6428263954367
0.19 8 1384.903368832
0.19 9 1385.5756301094493
0.19 10 1388.8743415577296
0.19 11 1391.7177079916653
0.19 12 1392.1799501823896
0.19 13 1398.264190952
0.19 14 1398.1514425427476
0.19 15 1403.043916758129
0.19 16 1412.1583013828101
0.19 17 1410.9570279664806
0.19 18 1410.9260450246866
0.19 19 1412.1583025438938
0.19 20 1416.712424465836
0.19 21 1418.8957449917245
0.19 22 1422.543993745521
0.19 23 1422.4793093831115
0.19 24 1422.5440890677896
0.19 25 1388.8752074608378
0.19 26 1432.7461042760485
0.19 27 1434.8030034711187
0.19 28 1435.2822544590895
0.19 29 1447.6995040840206
0.19 30 1447.6991944300974
0.19 31 1449.5955513703377
0.19 32 1447.6990362349352
0.19 33 1449.5957235301346
0.19 34 1453.078650410863
0.19 35 1453.0786455960108
0.19 36 1449.5956555344294
0.19 37 1460.9108133372358
0.19 38 1462.834709838
0.19 39 1177.272031323069
0.19 40 1470.4144711864824
0.19 41 1475.3079070836984
0.19 42 1473.8090215162395
0.19 43 1463.2772496980363
0.19 44 1479.5894212885157
0.19 45 1481.990978941335
0.19 46 1483.4720215765378
0.19 47 1487.835895074493
0.19 48 1490.689979102
0.19 49 1494.73351083298
0.19 50 1496.5466044777572
0.19 51 1496.5466044754605
0.19 52 1572.0159056229404
0.19 53 1339.709019082721
0.19 54 1506.6160344570683
0.19 55 1508.644740944
0.19 56 1476.0678650983618
0.19 57 1513.53649688
0.19 58 1562.000607100027
0.19 59 1517.718596779071
0.19 60 1518.0707176764759
0.19 61 1518.0707205156948
0.19 62 1531.0721258653618
0.19 63 1540.9202486226363
0.19 64 1532.258390813096
0.19 65 1535.8179777669966
0.19 66 1537.6062820738723
0.19 67 1539.386814506
0.19 68 1542.363555112359
0.19 69 1553.1627510465778
0.19 70 1548.2794506326582
0.19 71 1550.095694194
0.19 72 1551.8127771375466
0.19 73 1555.454452585402
0.19 74 1558.314153898
0.19 75 1562.0006071097441
0.19 76 1566.3119565824263
0.19 77 1565.195887892
0.19 78 1568.548016606284
0.19 79 1572.0158658401965
0.19 80 1572.0529948294402
0.19 81 1572.052964234445
0.19 82 1577.7156829599867
0.19 83 1580.779981031234
0.19 84 1555.454452579053
0.19 85 1542.3635551060243
0.19 86 1651.12624196046
0.19 87 1631.5251618434277
0.19 88 1631.5252085852962
0.19 89 1641.7728275589668
0.19 90 1631.525182037976
0.19 91 1625.5931265794857
0.19 92 1625.5931523041813
0.19 93 1631.525171610203
0.19 94 1631.5251944199695
0.19 95 1627.6105505363669
0.19 96 1631.5252001250092
0.19 97 1618.8539188467876
0.19 98 1625.5933870224728
0.19 99 1631.5221389180062
0.2 0 1363.3174563653172
0.2 1 1363.3174738749644
0.2 2 1467.3032728124078
0.2 3 1363.3174689690475
0.2 4 1363.3174680855916
0.2 5 1416.7186997485342
0.2 6 1383.4886288257348
0.2 7 1380.6406351227427
0.2 8 1384.903368832
0.2 9 1385.5754150757853
0.2 10 1388.8603137050302
0.2 11 1391.7166752565927
0.2 12 1392.1797153772118
0.2 13 1398.264190952
0.2 14 1398.1520699289365
0.2 15 1403.0533349758327
0.2 16 1412.158028936677
0.2 17 1410.9570885884905
0.2 18 1410.9260905786398
0.2 19 1412.1580303958608
0.2 20 1416.718747440207
0.2 21 1418.8954841661673
0.2 22 1422.5439447019444
0.2 23 1422.4778208654802
0.2 24 1422.543876637944
0.2 25 1416.7125720736758
0.2 26 1432.7439704183932
0.2 27 1434.803317050535
0.2 28 1435.2827031989364
0.2 29 1447.6984619773639
0.2 30 1447.5952551849625
0.2 31 1449.5960000209643
0.2 32 1447.6985224908055
0.2 33 1449.5961581026843
0.2 34 1453.0789406359206
0.2 35 1453.0789261208254
0.2 36 1449.5960784073736
0.2 37 1460.9149953308663
0.2 38 1462.834709838
0.2 39 1205.7040641396973
0.2 40 1470.4144645950553
0.2 41 1475.3500842477422
0.2 42 1474.105857824
0.2 43 1463.2771706663614
0.2 44 1479.5605893058014
0.2 45 1481.147614894
0.2 46 1483.4720129627412
0.2 47 1487.8364224537345
0.2 48 1490.689979102
0.2 49 1494.7338794796221
0.2 50 1496.5466008170936
0.2 51 1496.5466008154856
0.2 52 1572.0537907501237
0.2 53 1338.450127158863
0.2 54 1506.6161145269832
0.2 55 1508.644740944
0.2 56 1475.3029164641912
0.2 57 1513.53649688
0.2 58 1562.0006095211763
0.2 59 1517.7193723695777
0.2 60 1518.071181114574
0.2 61 1518.0711839490014
0.2 62 1531.0726899837277
0.2 63 1540.9296772812868
0.2 64 1532.2587761108484
0.2 65 1535.817987791695
0.2 66 1537.6048272861487
0.2 67 1539.386814506
0.2 68 1542.3635642860872
0.2 69 1553.146155946156
0.2 70 1548.2793634119237
0.2 71 1550.095694194
0.2 72 1551.8135483816136
0.2 73 1555.4544576900253
0.2 74 1558.314153898
0.2 75 1562.0006095166493
0.2 76 1566.2770401450516
0.2 77 1565.195887892
0.2 78 1568.5480673057498
0.2 79 1572.0167528763511
0.2 80 1572.0537529974513
0.2 81 1572.0537685725942
0.2 82 1577.715630672718
0.2 83 1580.7793360397961
0.2 84 1555.4544576977642
0.2 85 1542.3635642933857
0.2 86 1651.1262009818652
0.2 87 1631.5251786222523
0.2 88 1631.5251941233741
0.2 89 1641.7640410287802
0.2 90 1631.5251774624153
0.2 91 1625.591815074251
0.2 92 1625.5923363004692
0.2 93 1631.5251753758218
0.2 94 1631.5252075502806
0.2 95 1627.6105230722383
0.2 96 1631.52517966871
0.2 97 1618.8540610342784
0.2 98 1625.5919147442112
0.2 99 1631.5221884391262
0.21 0 1363.317126534839
0.21 1 1363.3171338231364
0.21 2 1467.2895310636102
0.21 3 1363.3171281153038
0.21 4 1363.3171271824333
0.21 5 1416.7188212361223
0.21 6 1383.4881825690218
0.21 7 1380.63852394507
0.21 8 1384.903368832
0.21 9 1385.5751999935717
0.21 10 1388.8466620689708
0.21 11 1391.460066033387
0.21 12 1392.1794805113198
0.21 13 1398.264190952
0.21 14 1398.1517999624828
0.21 15 1403.0510318844385
0.21 16 1412.1577598045592
0.21 17 1410.9571549063085
0.21 18 1410.9261800851916
0.21 19 1412.1577597415694
0.21 20 1416.718832230251
0.21 21 1418.8952195031172
0.21 22 1422.5437696979527
0.21 23 1422.5437697461014
0.21 24 1422.5438060024806
0.21 25 1403.0535238773366
0.21 26 1432.7418705761634
0.21 27 1434.8036308766582
0.21 28 1435.2834523556653
0.21 29 1447.6971145781076
0.21 30 1447.6976938384207
0.21 31 1449.5964485187594
0.21 32 1447.6976995315363
0.21 33 1449.5965925174637
0.21 34 1453.079224419601
0.21 35 1453.0792383201613
0.21 36 1449.596501178261
0.21 37 1460.9212484556647
0.21 38 1462.834709838
0.21 39 1500.6599978158401
0.21 40 1470.4144592321584
0.21 41 1475.3675488124684
0.21 42 1474.105857824
0.21 43 1463.2770921597992
0.21 44 1479.548890485271
0.21 45 1481.147614894
0.21 46 1483.4720050830642
0.21 47 1487.8334720260934
0.21 48 1490.689979102
0.21 49 1494.7342427212068
0.21 50 1496.5465971489896
0.21 51 1496.546597144751
0.21 52 1572.0545807183348
0.21 53 1338.4501209694356
0.21 54 1506.6161932317375
0.21 55 1508.644740944
0.21 56 1475.2485527376539
0.21 57 1513.53649688
0.21 58 1562.0006119297377
0.21 59 1517.7202042511378
0.21 60 1518.0716445913201
0.21 61 1518.071647420955
0.21 62 1531.0732542880062
0.21 63 1544.1027381587455
0.21 64 1532.259865250073
0.21 65 1535.8179978205355
0.21 66 1537.6041927468311
0.21 67 1539.386814506
0.21 68 1542.3635734661264
0.21 69 1553.1446949871133
0.21 70 1548.282717736734
0.21 71 1550.095694194
0.21 72 1551.8140884620514
0.21 73 1555.4544628030708
0.21 74 1558.314153898
0.21 75 1562.0006119231264
0.21 76 1566.248436167342
0.21 77 1565.195887892
0.21 78 1568.5479775857489
0.21 79 1572.017656730588
0.21 80 1572.0176256147276
0.21 81 1572.054609669409
0.21 82 1577.71525026409
0.21 83 1580.7784995008012
0.21 84 1555.4544628012184
0.21 85 1542.3635734668474
0.21 86 1651.1261599959146
0.21 87 1631.5252327957846
0.21 88 1631.5251753337448
0.21 89 1641.7552522253204
0.21 90 1631.5251726598356
0.21 91 1631.5252872399037
0.21 92 1625.5904638449633
0.21 93 1631.5252053672789
0.21 94 1631.5252424010039
0.21 95 1627.6104357396748
0.21 96 1631.5251748683127
0.21 97 1618.8541960896582
0.21 98 1625.5904767184652
0.21 99 1631.5222372318137
0.22 0 1363.3167857741241
0.22 1 1363.3168004224078
0.22 2 1467.276506144156
0.22 3 1363.3167873922866
0.22 4 1363.3167864052057
0.22 5 1416.7188946579574
0.22 6 1383.4870752932466
0.22 7 1380.0250788373241
0.22 8 1384.903368832
0.22 9 1385.5749848837643
0.22 10 1388.833337358206
0.22 11 1391.7412835106163
0.22 12 1392.1792455938498
0.22 13 1398.264190952
0.22 14 1398.1513072435203
0.22 15 1403.0218040976506
0.22 16 1412.1574906321864
0.22 17 1410.9571815307088
0.22 18 1410.9226529055218
0.22 19 1412.1574850110162
0.22 20 1416.7127119313507
0.22 21 1418.8949614367564
0.22 22 1422.54372875272
0.22 23 1422.5436873427584
0.22 24 1422.543671968481
0.22 25 1428.5458557462048
0.22 26 1432.7396986049298
0.22 27 1434.8039449496016
0.22 28 1435.2840009188683
0.22 29 1447.6967815657506
0.22 30 1447.696817688449
0.22 31 1449.5968968634857
0.22 32 1447.6967586140831
0.22 33 1449.597026774951
0.22 34 1453.079524128176
0.22 35 1453.0794860903104
0.22 36 1449.5969238464138
0.22 37 1460.922737629289
0.22 38 1462.834709838
0.22 39 1205.7333118395773
0.22 40 1470.4144532083571
0.22 41 1475.4118302510988
0.22 42 1474.105857824
0.22 43 1463.277125928914
0.22 44 1479.5379527018433
0.22 45 1481.147614894
0.22 46 1483.471998566452
0.22 47 1487.8352701856425
0.22 48 1490.689979102
0.22 49 1494.734611685175
0.22 50 1496.546593475125
0.22 51 1496.546593474953
0.22 52 1572.059045316885
0.22 53 1344.1169161304858
0.22 54 1506.6162806981345
0.22 55 1508.644740944
0.22 56 1475.4134944887403
0.22 57 1513.53649688
0.22 58 1562.0006143216826
0.22 59 1517.7209586152005
0.22 60 1518.07210810647
0.22 61 1518.072110931313
0.22 62 1531.0738187782758
0.22 63 1540.9486115842833
0.22 64 1532.260004391733
0.22 65 1535.818007865043
0.22 66 1537.6028113286118
0.22 67 1539.386814506
0.22 68 1542.3635826457905
0.22 69 1553.1446760281285
0.22 70 1548.28352764169
0.22 71 1550.095694194
0.22 72 1551.8148301644303
0.22 73 1555.454467918064
0.22 74 1558.314153898
0.22 75 1562.0006143265696
0.22 76 1565.9367506894107
0.22 77 1565.195887892
0.22 78 1568.5480058041699
0.22 79 1572.0185480940024
0.22 80 1572.0554958430612
0.22 81 1572.0554091984643
0.22 82 1577.7151984514112
0.22 83 1580.7778545715576
0.22 84 1555.4544679119592
0.22 85 1542.3635826435184
0.22 86 1651.126119014826
0.22 87 1631.5252086184628
0.22 88 1631.5251839400935
0.22 89 1641.7464606186206
0.22 90 1631.5252126042817
0.22 91 1627.5526884160513
0.22 92 1625.5890761807977
0.22 93 1631.5251797478236
0.22 94 1631.5252001228791
0.22 95 1627.6104118532755
0.22 96 1631.5251954301796
0.22 97 1618.854323416165
0.22 98 1625.589073649474
0.22 99 1631.522285415211
0.23 0 1363.3164451421035
0.23 1 1363.3164477918706
0.23 2 1467.2628773850256
0.23 3 1363.3164468000812
0.23 4 1363.3164457546022
0.23 5 1416.7189533459143
0.23 6 1383.486019236587
0.23 7 1380.0248153200944
0.23 8 1384.903368832
0.23 9 1385.5747697313634
0.23 10 1388.820200904143
0.23 11 1391.452671842
0.23 12 1392.1790106289372
0.23 13 1398.264190952
0.23 14 1398.1512419573576
0.23 15 1403.0489639675577
0.23 16 1412.157217973799
0.23 17 1410.9571894566836
0.23 18 1410.926390414344
0.23 19 1412.1572135905944
0.23 20 1416.7127733761677
0.23 21 1418.8946990963673
0.23 22 1422.5435809622309
0.23 23 1422.5436278904951
0.23 24 1422.4801639981654
0.23 25 1428.5465630772303
0.23 26 1432.7375247571988
0.23 27 1434.8042592694785
0.23 28 1435.2842181256499
0.23 29 1447.6958582462091
0.23 30 1447.6958933910569
0.23 31 1449.5973450546492
0.23 32 1447.695898561869
0.23 33 1449.597460874864
0.23 34 1453.0798141430766
0.23 35 1453.079797666265
0.23 36 1449.5973464136916
0.23 37 1460.9245650833152
0.23 38 1462.834709838
0.23 39 1260.4142908286194
0.23 40 1470.4144471273592
0.23 41 1475.438310889789
0.23 42 1474.105857824
0.23 43 1463.2770468502206
0.23 44 1479.5101943496682
0.23 45 1481.147614894
0.23 46 1483.4719910366653
0.23 47 1487.8350419761055
0.23 48 1490.689979102
0.23 49 1494.734979731923
0.23 50 1496.5465897904253
0.23 51 1496.546589788878
0.23 52 1572.0562943530463
0.23 53 1344.1168437224894
0.23 54 1506.6163623781429
0.23 55 1508.644740944
0.23 56 1475.4188636944252
0.23 57 1513.53649688
0.23 58 1562.0006167350275
0.23 59 1517.7217502393719
0.23 60 1518.072571659781
0.23 61 1518.0725744798308
0.23 62 1531.0743834546154
0.23 63 1540.9575478784145
0.23 64 1532.2607924188092
0.23 65 1535.818017891729
0.23 66 1537.6018070412222
0.23 67 1539.386814506
0.23 68 1542.3635918318919
0.23 69 1553.1444593107328
0.23 70 1548.2841537184224
0.23 71 1550.095694194
0.23 72 1551.8159122339894
0.23 73 1555.4544730185294
0.23 74 1558.314153898
0.23 75 1562.0006167254846
0.23 76 1565.9382042089364
0.23 77 1565.195887892
0.23 78 1568.5479807838235
0.23 79 1572.0194589791988
0.23 80 1572.0562630745935
0.23 81 1572.0562529047484
0.23 82 1577.7149411355867
0.23 83 1580.7772100044208
0.23 84 1555.454473017598
0.23 85 1542.363591836761
0.23 86 1651.1260780258158
0.23 87 1631.5252212466223
0.23 88 1631.525223788767
0.23 89 1641.7376667423919
0.23 90 1631.5252070442643
0.23 91 1627.5527419689674
0.23 92 1625.5878232729754
0.23 93 1631.525180293155
0.23 94 1631.52523481221
0.23 95 1627.6103590016264
0.23 96 1631.5252166913233
0.23 97 1618.8545049621453
0.23 98 1625.5876612883342
0.23 99 1631.5223329852397
0.24 0 1363.316094186945
0.24 1 1363.3161151612924
0.24 2 1467.2503084339826
0.24 3 1363.3161063387765
0.24 4 1363.3161052313908
0.24 5 1416.712850232454
0.24 6 1383.48526373252
0.24 7 1380.0249489613668
0.24 8 1384.903368832
0.24 9 1385.5745545410423
0.24 10 1388.807316563661
0.24 11 1391.7440785577814
0.24 12 1392.1787756212018
0.24 13 1398.264190952
0.24 14 1398.1487469748813
0.24 15 1403.0538293831037
0.24 16 1412.156944574695
0.24 17 1410.9572076184415
0.24 18 1410.926463664807
0.24 19 1412.156941516955
0.24 20 1416.7129069984258
0.24 21 1418.8944379905358
0.24 22 1422.543572405736
0.24 23 1422.8666557299825
0.24 24 1422.5434789589222
0.24 25 1428.2979297850425
0.24 26 1432.7353851069263
0.24 27 1434.804573836403
0.24 28 1435.2846067951482
0.24 29 1447.6945747277064
0.24 30 1447.6949208924987
0.24 31 1449.5977930917184
0.24 32 1447.6947135409732
0.24 33 1449.5972948309052
0.24 34 1453.080056529546
0.24 35 1453.0801092224142
0.24 36 1449.5977688823457
0.24 37 1460.9260238544714
0.24 38 1462.834709838
0.24 39 1294.1580404331385
0.24 40 1470.4144405978668
0.24 41 1475.4516166254718
0.24 42 1474.105857824
0.24 43 1463.276967238586
0.24 44 1479.4870982840948
0.24 45 1481.147614894
0.24 46 1483.4719822139098
0.24 47 1487.8336356974423
0.24 48 1490.689979102
0.24 49 1494.7353458532073
0.24 50 1496.5465861044804
0.24 51 1496.5465860996774
0.24 52 1572.0570691695236
0.24 53 1344.1167748389028
0.24 54 1506.6164439129377
0.24 55 1508.644740944
0.24 56 1475.4670391937086
0.24 57 1513.53649688
0.24 58 1562.0006191269015
0.24 59 1517.7225775809416
0.24 60 1518.0730352510082
0.24 61 1518.0730380662649
0.24 62 1531.0749483171028
0.24 63 1540.9661724071634
0.24 64 1532.2624437909915
0.24 65 1535.8180279293717
0.24 66 1537.6007417990459
0.24 67 1539.386814506
0.24 68 1542.3636010198902
0.24 69 1553.1454639344704
0.24 70 1548.2840569748826
0.24 71 1550.095694194
0.24 72 1551.8153383336328
0.24 73 1555.4544781238462
0.24 74 1558.314153898
0.24 75 1562.0006191323628
0.24 76 1565.9525742591181
0.24 77 1565.195887892
0.24 78 1568.547989426845
0.24 79 1572.0203405904363
0.24 80 1572.0571031170414
0.24 81 1572.0203255180807
0.24 82 1577.7150278720483
0.24 83 1580.7765011640968
0.24 84 1555.4544781224567
0.24 85 1542.3636010168013
0.24 86 1651.1260370505854
0.24 87 1631.5251913850223
0.24 88 1631.5252029760668
0.24 89 1641.7288703328295
0.24 90 1631.5251983865369
0.24 91 1627.552799542762
0.24 92 1625.5866363541543
0.24 93 1631.5252075504768
0.24 94 1631.5252306964219
0.24 95 1627.6103387249664
0.24 96 1631.5252365616739
0.24 97 1618.854606658781
0.24 98 1625.586549507882
0.24 99 1631.5223799967455
0.25 0 1363.3157642640062
0.25 1 1363.3157761536345
0.25 2 1466.836961354346
0.25 3 1363.315766008467
0.25 4 1363.3157516529855
0.25 5 1416.7191422880614
0.25 6 1383.4846419729793
0.25 7 1380.02663898724
0.25 8 1384.903368832
0.25 9 1385.5743393088362
0.25 10 1388.7949841986092
0.25 11 1391.7659194905966
0.25 12 1392.1785405654575
0.25 13 1398.264190952
0.25 14 1398.1497570871543
0.25 15 1403.0520010255386
0.25 16 1412.1566725753578
0.25 17 1410.9572444772934
0.25 18 1410.9265461779178
0.25 19 1412.156674883312
0.25 20 1416.7129683050136
0.25 21 1418.8941750791378
0.25 22 1422.5433831760856
0.25 23 1422.5433647599718
0.25 24 1422.5433428919082
0.25 25 1428.3037145530664
0.25 26 1432.7332803191193
0.25 27 1434.804888650489
0.25 28 1435.28503924922
0.25 29 1447.6939573812308
0.25 30 1447.6939246441036
0.25 31 1449.5982409743356
0.25 32 1447.694072701213
0.25 33 1449.5977275281944
0.25 34 1453.0804070518293
0.25 35 1453.0802911388682
0.25 36 1449.5981912519258
0.25 37 1460.9274370115966
0.25 38 1462.834709838
0.25 39 952.8109730877467
0.25 40 1470.4144349872972
0.25 41 1475.4782098728524
0.25 42 1474.105857824
0.25 43 1463.2768867005325
0.25 44 1479.4680717029098
0.25 45 1481.147614894
0.25 46 1483.471976017945
0.25 47 1487.836154248563
0.25 48 1490.689979102
0.25 49 1494.735711915138
0.25 50 1496.5465824049625
0.25 51 1496.546582393363
0.25 52 1572.0579365686667
0.25 53 1344.116700607282
0.25 54 1506.6165244064384
0.25 55 1508.644740944
0.25 56 1475.4895913276498
0.25 57 1513.53649688
0.25 58 1562.0006215294254
0.25 59 1517.7233888956353
0.25 60 1518.0734988799081
0.25 61 1518.0735016903716
0.25 62 1531.0755133658176
0.25 63 1540.974477105245
0.25 64 1532.2608512131949
0.25 65 1535.818037969577
0.25 66 1537.5998078104146
0.25 67 1539.386814506
0.25 68 1542.3636102026426
0.25 69 1553.1457104799981
0.25 70 1548.2861163711495
0.25 71 1550.095694194
0.25 72 1551.817162028716
0.25 73 1555.4544832306594
0.25 74 1558.314153898
0.25 75 1562.0006215266417
0.25 76 1565.9408805399867
0.25 77 1565.195887892
0.25 78 1568.5479793867016
0.25 79 1572.021178674551
0.25 80 1572.0579469092165
0.25 81 1572.0212112225188
0.25 82 1577.7148350217512
0.25 83 1580.7758246701926
0.25 84 1555.4544832333038
0.25 85 1542.3636101989118
0.25 86 1651.1259960698676
0.25 87 1631.5252008990674
0.25 88 1631.525207563585
0.25 89 1641.7200712711156
0.25 90 1631.5251871217913
0.25 91 1627.6806332005053
0.25 92 1625.5850005498778
0.25 93 1631.5252340582188
0.25 94 1631.5251979871157
0.25 95 1627.6102588025642
0.25 96 1631.5251927845627
0.25 97 1618.854791463714
0.25 98 1625.5848990492675
0.25 99 1631.52242633147
0.26 0 1363.315413893057
0.26 1 1363.3154374471253
0.26 2 1466.8383036122596
0.26 3 1363.3154258092525
0.26 4 1363.3154179449023
0.26 5 1418.8939150160531
0.26 6 1383.483575154136
0.26 7 1380.0236942732377
0.26 8 1384.903368832
0.26 9 1385.574124040811
0.26 10 1388.7824396621106
0.26 11 1391.452671842
0.26 12 1392.1783054537955
0.26 13 1398.264190952
0.26 14 1398.1497645832228
0.26 15 1403.0372662799396
0.26 16 1412.1564006171884
0.26 17 1410.9573037819066
0.26 18 1410.9266463878841
0.26 19 1412.1563974836065
0.26 20 1416.7130178091752
0.26 21 1418.893912427761
0.26 22 1422.5432589011864
0.26 23 1422.5433055106516
0.26 24 1422.5432808621788
0.26 25 1428.548677373253
0.26 26 1432.7311014708732
0.26 27 1434.8052037118496
0.26 28 1435.285929352385
0.26 29 1447.6930350941748
0.26 30 1447.6931478277147
0.26 31 1449.5986887019048
0.26 32 1447.69164209
0.26 33 1449.59816006773
0.26 34 1453.0806696475286
0.26 35 1453.08066628037
0.26 36 1449.5986135235203
0.26 37 1460.9192319110778
0.26 38 1462.834709838
0.26 39 1338.450099863165
0.26 40 1470.414428861016
0.26 41 1475.5138259489956
0.26 42 1473.662610683314
0.26 43 1463.276131267368
0.26 44 1479.4599031096552
0.26 45 1481.147614894
0.26 46 1483.4719672941155
0.26 47 1487.8362941226915
0.26 48 1490.689979102
0.26 49 1494.7360789033285
0.26 50 1496.546578699069
0.26 51 1496.5465786958657
0.26 52 1572.0587839248515
0.26 53 1346.23740276162
0.26 54 1506.6166072207056
0.26 55 1508.644740944
0.26 56 1475.510755284807
0.26 57 1513.53649688
0.26 58 1562.0006239187974
0.26 59 1518.0739620845648
0.26 60 1518.073962546237
0.26 61 1518.073965351907
0.26 62 1531.0760786008375
0.26 63 1540.9828153845683
0.26 64 1532.26271494932
0.26 65 1535.8180480060175
0.26 66 1537.5986588906917
0.26 67 1539.386814506
0.26 68 1542.3636193907766
0.26 69 1553.1462635166783
0.26 70 1548.2877104049983
0.26 71 1550.095694194
0.26 72 1551.8182650973527
0.26 73 1555.4544883364724
0.26 74 1558.314153898
0.26 75 1562.0006239245906
0.26 76 1565.9423714400466
0.26 77 1565.195887892
0.26 78 1568.548014385091
0.26 79 1572.0220953861751
0.26 80 1572.0587718717038
0.26 81 1572.058830981964
0.26 82 1577.714175864107
0.26 83 1580.775115774745
0.26 84 1555.4544883339083
0.26 85 1542.3636193879843
0.26 86 1651.1259550868015
0.26 87 1619.3538726717027
0.26 88 1631.5251860845808
0.26 89 1631.5252220321818
0.26 90 1631.5252016937757
0.26 91 1627.610242969012
0.26 92 1625.5835622970592
0.26 93 1631.5252029586786
0.26 94 1631.525236886616
0.26 95 1627.6102114268758
0.26 96 1631.5252079174518
0.26 97 1618.8549306881068
0.26 98 1625.583550023139
0.26 99 1631.522472040803
0.27 0 1363.3150839002637
0.27 1 1363.3150990611657
0.27 2 1466.8384968300122
0.27 3 1363.315085741237
0.27 4 1363.3150811610965
0.27 5 1416.7131536433562
0.27 6 1383.4827080300156
0.27 7 1380.0215404252087
0.27 8 1384.903368832
0.27 9 1385.5739087287952
0.27 10 1388.770477549177
0.27 11 1391.788078530055
0.27 12 1391.7791093856993
0.27 13 1398.264190952
0.27 14 1398.1488723098
0.27 15 1403.052098983343
0.27 16 1412.156131252922
0.27 17 1410.9266140527102
0.27 18 1410.9242178277266
0.27 19 1412.1561286021504
0.27 20 1416.7131068637345
0.27 21 1418.893652606655
0.27 22 1422.543128521697
0.27 23 1422.5432459916237
0.27 24 1422.5431285171642
0.27 25 1428.549383898911
0.27 26 1432.7289207139854
0.27 27 1434.8055190205994
0.27 28 1435.2861412308241
0.27 29 1447.6922372470658
0.27 30 1447.692274345855
0.27 31 1449.5991362741427
0.27 32 1447.69164209
0.27 33 1449.5985924494112
0.27 34 1453.0809569406902
0.27 35 1453.0809767157302
0.27 36 1449.5990357000521
0.27 37 1460.9294056569859
0.27 38 1462.834709838
0.27 39 1332.7845545868893
0.27 40 1470.414422668174
0.27 41 1475.505085218078
0.27 42 1473.6897580937248
0.27 43 1463.276615024751
0.27 44 1479.4354351796972
0.27 45 1481.147614894
0.27 46 1483.4719588112657
0.27 47 1487.8364353597615
0.27 48 1490.689979102
0.27 49 1494.736444663102
0.27 50 1496.5465749886241
0.27 51 1496.5465749822536
0.27 52 1572.022860143998
0.27 53 1344.1165633249132
0.27 54 1506.6166909358885
0.27 55 1508.644740944
0.27 56 1475.5347643168311
0.27 57 1513.53649688
0.27 58 1562.000626311104
0.27 59 1518.0744257886356
0.27 60 1518.0744262497506
0.27 61 1518.0744290506266
0.27 62 1531.0766440222415
0.27 63 1540.9913062003375
0.27 64 1532.2626341993002
0.27 65 1535.8180580421276
0.27 66 1537.5992329475387
0.27 67 1539.386814506
0.27 68 1542.3636285760488
0.27 69 1553.1464743605625
0.27 70 1548.28868006354
0.27 71 1550.095694194
0.27 72 1551.818968858631
0.27 73 1555.4544934386379
0.27 74 1558.314153898
0.27 75 1562.0006263144166
0.27 76 1565.9437907154831
0.27 77 1565.195887892
0.27 78 1568.5479774995308
0.27 79 1572.0230043421611
0.27 80 1572.0595715000916
0.27 81 1572.0230121528775
0.27 82 1577.7142429693458
0.27 83 1580.7744450467019
0.27 84 1555.4544934364487
0.27 85 1542.3636285731045
0.27 86 1651.1259141026596
0.27 87 1619.3539449805637
0.27 88 1631.5252136407373
0.27 89 1631.525190383365
0.27 90 1631.525244258
0.27 91 1627.610148946139
0.27 92 1625.58219282049
0.27 93 1631.5251988057241
0.27 94 1631.525247482086
0.27 95 1627.6101352898759
0.27 96 1631.5251902717237
0.27 97 1618.8550452752008
0.27 98 1625.5821489731748
0.27 99 1631.52251718974
0.28 0 1363.3147439111838
0.28 1 1363.314745874546
0.28 2 1466.8387513979724
0.28 3 1363.31474580453
0.28 4 1363.314744387192
0.28 5 1418.1933027539417
0.28 6 1383.4818927036442
0.28 7 1380.0209430153468
0.28 8 1384.903368832
0.28 9 1385.5736933744702
0.28 10 1388.7583378988768
0.28 11 1410.9573866694773
0.28 12 1392.1778350944705
0.28 13 1398.264190952
0.28 14 1398.1491253340612
0.28 15 1403.0457310869735
0.28 16 1412.155859288912
0.28 17 1410.9573469656602
0.28 18 1410.9249656184604
0.28 19 1412.1558569624442
0.28 20 1416.7193444000661
0.28 21 1418.8933867349665
0.28 22 1422.5430262145044
0.28 23 1422.5430338771089
0.28 24 1422.4803275002207
0.28 25 1428.3231776512748
0.28 26 1432.7267749803386
0.28 27 1434.805834576852
0.28 28 1435.286604748301
0.28 29 1447.5951068586292
0.28 30 1447.6913764901865
0.28 31 1449.5995836904171
0.28 32 1449.5995470626372
0.28 33 1449.599024673611
0.28 34 1453.0812626759052
0.28 35 1453.0812868914359
0.28 36 1449.599457779455
0.28 37 1460.9317576748329
0.28 38 1462.834709838
0.28 39 1333.1833189454055
0.28 40 1470.4144156297737
0.28 41 1475.5503256905558
0.28 42 1474.105857824
0.28 43 1463.2766473763672
0.28 44 1479.4205618036483
0.28 45 1383.4818020553269
0.28 46 1483.4719523915185
0.28 47 1487.8367502888643
0.28 48 1490.689979102
0.28 49 1494.736811502301
0.28 50 1496.546571272948
0.28 51 1496.5465712660998
0.28 52 1572.0603804163343
0.28 53 1346.237205602458
0.28 54 1506.6167715395425
0.28 55 1508.644740944
0.28 56 1475.5236669862231
0.28 57 1513.53649688
0.28 58 1562.000628709913
0.28 59 1518.0748895296501
0.28 60 1518.0748899902044
0.28 61 1518.0748927862865
0.28 62 1531.0772096301077
0.28 63 1544.0514803574952
0.28 64 1532.262984296515
0.28 65 1535.8180680893413
0.28 66 1537.5966510885523
0.28 67 1539.386814506
0.28 68 1542.3636377625403
0.28 69 1553.146840292464
0.28 70 1548.2897349041393
0.28 71 1550.095694194
0.28 72 1551.8197634649157
0.28 73 1555.454498536915
0.28 74 1558.314153898
0.28 75 1562.0006287070369
0.28 76 1565.927848094373
0.28 77 1565.195887892
0.28 78 1568.5479826342937
0.28 79 1572.0238719526396
0.28 80 1572.0604204786384
0.28 81 1572.0603819932483
0.28 82 1577.714038295843
0.28 83 1580.7735339027904
0.28 84 1555.454498535084
0.28 85 1542.3636377667435
0.28 86 1642.8994404825705
0.28 87 1619.3552255290629
0.28 88 1631.5252137700706
0.28 89 1631.525201115644
0.28 90 1631.525225959121
0.28 91 1627.5530098142008
0.28 92 1625.580892635941
0.28 93 1631.5252221656758
0.28 94 1631.5252185895692
0.28 95 1627.610091837608
0.28 96 1631.5252015138044
0.28 97 1618.855226595404
0.28 98 1625.5808733166664
0.28 99 1631.522561798273
0.29 0 1363.3144040505806
0.29 1 1363.3144045087904
0.29 2 1466.8389995045573
0.29 3 1363.3144059992474
0.29 4 1363.3143987702274
0.29 5 1418.2025923707413
0.29 6 1383.4810377633828
0.29 7 1380.0199001935582
0.29 8 1384.903368832
0.29 9 1383.4808995121052
0.29 10 1388.7464316266066
0.29 11 1391.7947983781617
0.29 12 1391.797483440623
0.29 13 1398.264190952
0.29 14 1398.148987418598
0.29 15 1403.0481446186636
0.29 16 1412.1555847854854
0.29 17 1410.9574725543587
0.29 18 1410.9268814282668
0.29 19 1412.1555853020293
0.29 20 1416.713284338852
0.29 21 1418.8931254577853
0.29 22 1422.4803977264517
0.29 23 1422.5429762470867
0.29 24 1422.4803481155295
0.29 25 1428.3287713696939
0.29 26 1432.7246648676116
0.29 27 1434.8061503807212
0.29 28 1435.2868951099879
0.29 29 1447.6904550361235
0.29 30 1447.6904547698264
0.29 31 1449.59988287691
0.29 32 1449.5999750471597
0.29 33 1449.5994567404139
0.29 34 1453.0814339729461
0.29 35 1453.081564400165
0.29 36 1449.5998797656591
0.29 37 1460.9269599932024
0.29 38 1462.834709838
0.29 39 1572.0247554033665
0.29 40 1470.4144102502996
0.29 41 1475.5575672543955
0.29 42 1473.659553119983
0.29 43 1463.2765669174767
0.29 44 1479.411467629196
0.29 45 1304.774955750063
0.29 46 1483.4719433415194
0.29 47 1487.835388993813
0.29 48 1490.689979102
0.29 49 1494.7371778338686
0.29 50 1496.5465675451874
0.29 51 1496.5465675451326
0.29 52 1572.0612406503785
0.29 53 1344.1164147425172
0.29 54 1506.616849208932
0.29 55 1508.644740944
0.29 56 1475.5761646908443
0.29 57 1513.53649688
0.29 58 1562.0006310948434
0.29 59 1518.075353307364
0.29 60 1518.075353767354
0.29 61 1518.0753565586422
0.29 62 1531.077775424515
0.29 63 1540.942026188296
0.29 64 1532.2629030377032
0.29 65 1535.8180781336741
0.29 66 1537.5958163321566
0.29 67 1539.386814506
0.29 68 1542.36364694073
0.29 69 1553.1447943078085
0.29 70 1548.2906070352738
0.29 71 1550.095694194
0.29 72 1551.8205885030145
0.29 73 1555.4545036344855
0.29 74 1558.314153898
0.29 75 1562.000631093155
0.29 76 1565.9467224284906
0.29 77 1565.195887892
0.29 78 1568.5479632537085
0.29 79 1572.0247325099492
0.29 80 1572.0612136030588
0.29 81 1572.0247428104406
0.29 82 1577.7137738574022
0.29 83 1580.772889942039
0.29 84 1555.4545036377442
0.29 85 1542.363646958108
0.29 86 1646.7246949013982
0.29 87 1619.3546788260253
0.29 88 1631.5252373286157
0.29 89 1631.5252039339305
0.29 90 1631.5251987873041
0.29 91 1627.5530289514836
0.29 92 1625.579531887475
0.29 93 1631.525244603804
0.29 94 1631.5252650214711
0.29 95 1627.610080988676
0.29 96 1631.5252120355087
0.29 97 1618.8553873899098
0.29 98 1684.5004983291633
0.29 99 1631.5226057122989
0.3 0 1363.3140643184163
0.3 1 1363.3140647568623
0.3 2 1466.8392365775608
0.3 3 1363.314066325509
0.3 4 1363.3140650580083
0.3 5 1418.211720346229
0.3 6 1383.4808451470067
0.3 7 1380.019780764805
0.3 8 1384.903368832
0.3 9 1383.480499209096
0.3 10 1388.7349829227078
0.3 11 1391.452671842
0.3 12 1391.8056298542067
0.3 13 1410.9574468245744
0.3 14 1398.2846151525596
0.3 15 1403.03388377019
0.3 16 1412.155312910428
0.3 17 1410.9269713361664
0.3 18 1410.9269376230145
0.3 19 1412.155310205153
0.3 20 1416.7133553969331
0.3 21 1418.892863297004
0.3 22 1422.5428329109302
0.3 23 1422.5428107539735
0.3 24 1422.480439643881
0.3 25 1428.3347710200783
0.3 26 1432.7224789475322
0.3 27 1434.8064664323213
0.3 28 1435.2875557821822
0.3 29 1447.689559785182
0.3 30 1447.6895335700856
0.3 31 1449.6003293283786
0.3 32 1449.6004028732184
0.3 33 1449.5998886497289
0.3 34 1453.081604672836
0.3 35 1453.0818415586064
0.3 36 1449.600301658427
0.3 37 1460.9246602733979
0.3 38 1462.834709838
0.3 39 1155.2278454728007
0.3 40 1470.414403764348
0.3 41 1475.5838507740216
0.3 42 1474.105857824
0.3 43 1463.276147944491
0.3 44 1479.3937758026302
0.3 45 1398.2845651222103
0.3 46 1483.4719355840853
0.3 47 1487.8346039487897
0.3 48 1483.471935483232
0.3 49 1494.7375442788648
0.3 50 1496.5465638212545
0.3 51 1496.546563815125
0.3 52 1572.0620325172097
0.3 53 1349.7708231177771
0.3 54 1506.6169363481772
0.3 55 1508.644740944
0.3 56 1475.5954142240994
0.3 57 1513.53649688
0.3 58 1562.0006334799018
0.3 59 1518.075817121533
0.3 60 1518.0758175809556
0.3 61 1518.0758203674493
0.3 62 1531.0783414055418
0.3 63 1541.0159165084315
0.3 64 1532.2632518288
0.3 65 1535.818088175887
0.3 66 1537.594635742248
0.3 67 1539.386814506
0.3 68 1542.3636561399842
0.3 69 1553.1448760459823
0.3 70 1548.2913864754069
0.3 71 1550.095694194
0.3 72 1551.8206653154946
0.3 73 1555.4545087333847
0.3 74 1558.314153898
0.3 75 1562.0006334819752
0.3 76 1565.948367660378
0.3 77 1565.195887892
0.3 78 1568.5479403453835
0.3 79 1572.0256754436407
0.3 80 1572.0620593534054
0.3 81 1572.025660239433
0.3 82 1577.7137916475572
0.3 83 1580.7722463424143
0.3 84 1555.4545087353129
0.3 85 1542.3636561375397
0.3 86 1646.7300819773923
0.3 87 1619.3550764173222
0.3 88 1631.5252126700416
0.3 89 1631.5252111210866
0.3 90 1631.525269807986
0.3 91 1618.2061205818418
0.3 92 1625.5781104065095
0.3 93 1631.525207759163
0.3 94 1631.52523272384
0.3 95 1627.6099799370672
0.3 96 1631.5252175699031
0.3 97 1618.855508677836
0.3 98 1684.542067314122
0.3 99 1631.522649138689
0.31 0 1363.313724714651
0.31 1 1363.3137251319736
0.31 2 1466.8394878409288
0.31 3 1363.3137267834431
0.31 4 1363.3137252251613
0.31 5 1418.220868763558
0.31 6 1383.4794263670772
0.31 7 1380.018450434887
0.31 8 1384.903368832
0.31 9 1383.4803983586685
0.31 10 1388.7235091584107
0.31 11 1391.8084628178544
0.31 12 1391.8137205512185
0.31 13 1398.293167587508
0.31 14 1398.2931703149327
0.31 15 1403.0491370798075
0.31 16 1412.1550400754757
0.31 17 1410.9574860775958
0.31 18 1410.9270467942404
0.31 19 1412.1550418489082
0.31 20 1416.7134341776984
0.31 21 1418.8925996727965
0.31 22 1422.5427416614962
0.31 23 1422.5427307487798
0.31 24 1422.5427452125082
0.31 25 1428.340815972289
0.31 26 1432.7202910877184
0.31 27 1434.8067827317661
0.31 28 1435.287932349047
0.31 29 1447.688381329822
0.31 30 1447.6885399034813
0.31 31 1449.600775622219
0.31 32 1449.6008305408968
0.31 33 1449.600320401663
0.31 34 1453.081774779408
0.31 35 1453.0821513656476
0.31 36 1449.6007234588492
0.31 37 1460.935757603338
0.31 38 1462.834709838
0.31 39 1392.1771291724538
0.31 40 1470.4143974261522
0.31 41 1475.585081213954
0.31 42 1474.105857824
0.31 43 1463.2762378563316
0.31 44 1479.3809687875232
0.31 45 1326.0690968121598
0.31 46 1483.4719281235093
0.31 47 1487.8370539192365
0.31 48 1483.471925538627
0.31 49 1494.7379105568762
0.31 50 1494.737905827764
0.31 51 1496.5465600729708
0.31 52 1572.0265249290871
0.31 53 1349.7706863885776
0.31 54 1506.6170130858027
0.31 55 1508.644740944
0.31 56 1475.6138161306224
0.31 57 1513.53649688
0.31 58 1562.0006358579474
0.31 59 1518.0762809719124
0.31 60 1518.0762814307634
0.31 61 1518.0762842124632
0.31 62 1531.0789075732666
0.31 63 1541.0238110507821
0.31 64 1532.2638146198408
0.31 65 1535.818098223533
0.31 66 1537.5937303847115
0.31 67 1539.386814506
0.31 68 1542.3636653304843
0.31 69 1553.1485886782702
0.31 70 1548.2919849938733
0.31 71 1550.095694194
0.31 72 1551.820559560383
0.31 73 1555.4545138377077
0.31 74 1558.314153898
0.31 75 1562.0006358632809
0.31 76 1565.9497031214523
0.31 77 1565.195887892
0.31 78 1568.5479540646847
0.31 79 1572.0265588987613
0.31 80 1572.0628824310172
0.31 81 1572.062910192771
0.31 82 1577.7136124865972
0.31 83 1580.7716031043217
0.31 84 1555.454513836384
0.31 85 1542.363665329352
0.31 86 1646.7356480249032
0.31 87 1619.3560576401205
0.31 88 1631.5252735147467
0.31 89 1631.525218488668
0.31 90 1631.5252315450673
0.31 91 1619.1128682133997
0.31 92 1625.5771511374205
0.31 93 1631.5252278962244
0.31 94 1631.525217892323
0.31 95 1627.6099733010594
0.31 96 1631.5252228706343
0.31 97 1618.8556693124233
0.31 98 1684.5838124543052
0.31 99 1631.5226919471802
0.32 0 1363.3133852392452
0.32 1 1363.3133856338652
0.32 2 1466.8397528123287
0.32 3 1363.3133873731833
0.32 4 1363.3133759830441
0.32 5 1418.2298499467067
0.32 6 1383.481143333716
0.32 7 1380.0201901916325
0.32 8 1384.903368832
0.32 9 1383.4805218476893
0.32 10 1388.712204329359
0.32 11 1410.9271275004212
0.32 12 1391.8211616198835
0.32 13 1410.9271327396445
0.32 14 1398.3021788049887
0.32 15 1403.0407645739836
0.32 16 1412.1547674761487
0.32 17 1410.927036711106
0.32 18 1410.927146581892
0.32 19 1412.1547700068782
0.32 20 1416.7134992435692
0.32 21 1418.892339573202
0.32 22 1422.5425977894333
0.32 23 1422.542624838078
0.32 24 1425.49876694
0.32 25 1428.3465505326521
0.32 26 1432.7181389889124
0.32 27 1434.8070992791697
0.32 28 1435.2882999398516
0.32 29 1447.6856023207317
0.32 30 1447.6877410355166
0.32 31 1449.6012217583545
0.32 32 1449.6012580503861
0.32 33 1449.600751996326
0.32 34 1453.082454824643
0.32 35 1453.0821995590782
0.32 36 1449.6011451684965
0.32 37 1460.9375466499744
0.32 38 1462.834709838
0.32 39 1383.4783100179718
0.32 40 1470.4143914991348
0.32 41 1475.6314227508076
0.32 42 1474.105857824
0.32 43 1463.2763254157203
0.32 44 1479.3158000511605
0.32 45 1481.147614894
0.32 46 1483.4719202054214
0.32 47 1487.8344105338176
0.32 48 1483.471917443865
0.32 49 1494.7382730748952
0.32 50 1494.738274462029
0.32 51 1496.5465563181988
0.32 52 1574.033892523785
0.32 53 1349.7705499522629
0.32 54 1506.6170952217515
0.32 55 1508.644740944
0.32 56 1473.648804859094
0.32 57 1513.53649688
0.32 58 1562.000638243798
0.32 59 1518.0767448582571
0.32 60 1518.0767453165338
0.32 61 1518.076748093439
0.32 62 1531.0794739277683
0.32 63 1541.029219631612
0.32 64 1532.2652347724438
0.32 65 1535.8181082667436
0.32 66 1537.5926505945245
0.32 67 1539.386814506
0.32 68 1542.3636745183833
0.32 69 1553.1451142771198
0.32 70 1548.2918721065678
0.32 71 1550.095694194
0.32 72 1551.822917193549
0.32 73 1555.454518927539
0.32 74 1558.314153898
0.32 75 1562.0006382413776
0.32 76 1565.9512274743795
0.32 77 1565.195887892
0.32 78 1568.5479356409753
0.32 79 1572.0274376879483
0.32 80 1572.0637315464533
0.32 81 1572.0636825486206
0.32 82 1577.7132104260204
0.32 83 1580.7705616327569
0.32 84 1555.4545189320572
0.32 85 1542.3636745242948
0.32 86 1649.482230141774
0.32 87 1619.3583942385576
0.32 88 1631.5252473439532
0.32 89 1631.5252198927878
0.32 90 1631.5252184051153
0.32 91 1619.112847355602
0.32 92 1627.6099078089844
0.32 93 1631.525217561645
0.32 94 1631.5252259827575
0.32 95 1627.6098760165858
0.32 96 1631.525226378935
0.32 97 1618.8557874971023
0.32 98 1684.625731289849
0.32 99 1631.5227342142057
0.33 0 1363.3130458921587
0.33 1 1363.3130462622346
0.33 2 1466.83996749237
0.33 3 1363.3130480948687
0.33 4 1363.3130427922574
0.33 5 1418.238704292979
0.33 6 1383.477551858832
0.33 7 1380.017356487837
0.33 8 1384.903368832
0.33 9 1383.4806164600175
0.33 10 1388.7010192028417
0.33 11 1391.8198146016898
0.33 12 1391.8302338437632
0.33 13 1410.9575645649288
0.33 14 1398.311134180867
0.33 15 1416.7135270421152
0.33 16 1412.154497167455
0.33 17 1410.9271657195388
0.33 18 1410.927190396584
0.33 19 1412.1544931555084
0.33 20 1416.713605094569
0.33 21 1418.8920774126416
0.33 22 1422.5424869511346
0.33 23 1422.480501190155
0.33 24 1422.5425188578035
0.33 25 1428.3524110227868
0.33 26 1432.7159474177786
0.33 27 1434.8074160746464
0.33 28 1435.288884284893
0.33 29 1447.5944989735024
0.33 30 1447.6868453520026
0.33 31 1449.6016677357463
0.33 32 1449.6016854017964
0.33 33 1449.601183425059
0.33 34 1453.0827196455539
0.33 35 1453.0825079924423
0.33 36 1449.601566787597
0.33 37 1460.9290504335577
0.33 38 1462.834709838
0.33 39 1236.8742293729579
0.33 40 1470.4143856893727
0.33 41 1475.6482235336887
0.33 42 1474.105857824
0.33 43 1463.2756807638398
0.33 44 1479.2331902133697
0.33 45 1481.147614894
0.33 46 1483.4719126536897
0.33 47 1487.835859512865
0.33 48 1483.471909592729
0.33 49 1494.7386400670014
0.33 50 1494.738641348153
0.33 51 1496.5465525686338
0.33 52 1562.0006406243313
0.33 53 1352.7706149756602
0.33 54 1506.6171763613702
0.33 55 1508.644740944
0.33 56 1482.2525377147224
0.33 57 1513.53649688
0.33 58 1562.0006406196703
0.33 59 1518.0772087803234
0.33 60 1518.0772092380207
0.33 61 1518.0772120101315
0.33 62 1531.0800404691254
0.33 63 1541.0287678359998
0.33 64 1532.2651508944036
0.33 65 1535.818118325507
0.33 66 1537.5918019385338
0.33 67 1539.386814506
0.33 68 1542.363683711189
0.33 69 1553.1488553659333
0.33 70 1548.2938813498715
0.33 71 1550.095694194
0.33 72 1551.8236362515984
0.33 73 1555.4545240293967
0.33 74 1558.314153898
0.33 75 1562.00064062273
0.33 76 1565.954399173607
0.33 77 1565.195887892
0.33 78 1568.5479419508645
0.33 79 1572.0282921541718
0.33 80 1572.0645232369334
0.33 81 1572.0283066323811
0.33 82 1577.7133036277337
0.33 83 1580.7699177574798
0.33 84 1555.4545240249195
0.33 85 1542.3636837114516
0.33 86 1646.7460610963542
0.33 87 1619.3600022851303
0.33 88 1631.5252235403739
0.33 89 1631.5252241899882
0.33 90 1631.5252365249391
0.33 91 1619.1133419255361
0.33 92 1625.5745222787616
0.33 93 1631.5252354412403
0.33 94 1631.5252267168605
0.33 95 1627.609873374315
0.33 96 1631.525227008758
0.33 97 1618.855976867516
0.33 98 1684.6678254873946
0.33 99 1631.5227759356665
0.34 0 1363.3127153535443
0.34 1 1363.3127070167288
0.34 2 1466.8401902447047
0.34 3 1363.3127089486459
0.34 4 1363.3127058131167
0.34 5 1418.2475570862907
0.34 6 1383.4769716790724
0.34 7 1380.0191093363185
0.34 8 1384.903368832
0.34 9 1383.476709445554
0.34 10 1388.6900742694447
0.34 11 1391.8305901601593
0.34 12 1391.8382970097118
0.34 13 1410.9575828858917
0.34 14 1398.317716168415
0.34 15 1403.0524346626726
0.34 16 1412.1542242707903
0.34 17 1410.9576337367118
0.34 18 1410.9273138731742
0.34 19 1412.1542258907543
0.34 20 1416.713670307412
0.34 21 1418.891813697691
0.34 22 1422.542417875328
0.34 23 1422.542398394878
0.34 24 1422.5424295484065
0.34 25 1428.3580288802978
0.34 26 1432.71383000245
0.34 27 1434.8077331183104
0.34 28 1435.2896528037184
0.34 29 1447.6857188204235
0.34 30 1447.6849777979926
0.34 31 1449.6021135545095
0.34 32 1449.6021125951695
0.34 33 1449.6016147055302
0.34 34 1453.0829850966322
0.34 35 1453.0828161718136
0.34 36 1449.6019883190788
0.34 37 1460.9309620992833
0.34 38 1462.834709838
0.34 39 1222.1587470764257
0.34 40 1470.4143790078572
0.34 41 1475.6648436730184
0.34 42 1461.9689089843343
0.34 43 1463.2760509658426
0.34 44 1479.1719534334943
0.34 45 1410.927270363903
0.34 46 1483.4719038256262
0.34 47 1487.8373479437848
0.34 48 1483.471901892666
0.34 49 1494.7390063442
0.34 50 1494.7390098036342
0.34 51 1496.5465488141938
0.34 52 1572.0653476819818
0.34 53 1352.7704981461088
0.34 54 1506.617257142179
0.34 55 1508.644740944
0.34 56 1473.6495412710713
0.34 57 1513.53649688
0.34 58 1565.954483504622
0.34 59 1518.077672737865
0.34 60 1518.07767319498
0.34 61 1518.0776759622963
0.34 62 1531.080607197416
0.34 63 1541.0294902226653
0.34 64 1532.2659239756465
0.34 65 1535.8181283676677
0.34 66 1537.590766896739
0.34 67 1539.386814506
0.34 68 1542.3636928978399
0.34 69 1553.1492580258382
0.34 70 1548.2955175274697
0.34 71 1550.095694194
0.34 72 1551.8244945683407
0.34 73 1555.4545291135216
0.34 74 1558.314153898
0.34 75 1562.0006429957787
0.34 76 1565.9544775785357
0.34 77 1565.195887892
0.34 78 1568.547956205955
0.34 79 1572.0292131067058
0.34 80 1572.065405766393
0.34 81 1572.0653535257798
0.34 82 1577.7128064868893
0.34 83 1580.7692742417844
0.34 84 1555.454529120304
0.34 85 1542.3636929078475
0.34 86 1649.4717295847952
0.34 87 1619.3573395929461
0.34 88 1631.525238285942
0.34 89 1631.5252275280375
0.34 90 1631.525287616823
0.34 91 1619.1145473962404
0.34 92 1627.6098263000624
0.34 93 1631.5252521781222
0.34 94 1631.5252454754423
0.34 95 1627.6097806091243
0.34 96 1631.525226448683
0.34 97 1618.856127379727
0.34 98 1684.7100967666013
0.34 99 1631.5228170525556
0.35000000000000003 0 1363.3123590964217
0.35000000000000003 1 1363.3123678969355
0.35000000000000003 2 1466.8404589100792
0.35000000000000003 3 1363.3123699346686
0.35000000000000003 4 1363.3123675256252
0.35000000000000003 5 1416.7199104438523
0.35000000000000003 6 1383.4779910010782
0.35000000000000003 7 1380.0155466576355
0.35000000000000003 8 1384.903368832
0.35000000000000003 9 1383.4757898624136
0.35000000000000003 10 1388.6793978914368
0.35000000000000003 11 1391.8459595744137
0.35000000000000003 12 1391.8472855401596
0.35000000000000003 13 1398.3292674084444
0.35000000000000003 14 1398.3294101262081
0.35000000000000003 15 1403.0561602365267
0.35000000000000003 16 1412.1539506749298
0.35000000000000003 17 1410.927394509258
0.35000000000000003 18 1410.9273986792812
0.35000000000000003 19 1412.1539524900177
0.35000000000000003 20 1416.7137865136378
0.35000000000000003 21 1418.8915517694832
0.35000000000000003 22 1422.5423078098956
0.35000000000000003 23 1422.5422866714644
0.35000000000000003 24 1422.5423205709785
0.35000000000000003 25 1416.7137849910303
0.35000000000000003 26 1432.7113290651805
0.35000000000000003 27 1434.8080504102757
0.35000000000000003 28 1435.2897444035063
0.35000000000000003 29 1447.6849935838968
0.35000000000000003 30 1447.6842775195257
0.35000000000000003 31 1449.6025592137944
0.35000000000000003 32 1449.6025396306468
0.35000000000000003 33 1449.602045828904
0.35000000000000003 34 1453.0832182919469
0.35000000000000003 35 1453.0831240980237
0.35000000000000003 36 1449.602409762003
0.35000000000000003 37 1460.9415005017406
0.35000000000000003 38 1462.834709838
0.35000000000000003 39 1223.437551994382
0.35000000000000003 40 1470.4143733017954
0.35000000000000003 41 1475.681502467586
0.35000000000000003 42 1473.6642175662175
0.35000000000000003 43 1463.2755177980898
0.35000000000000003 44 1479.1298865205674
0.35000000000000003 45 1383.475934518409
0.35000000000000003 46 1483.4718967431852
0.35000000000000003 47 1487.833550370725
0.35000000000000003 48 1483.4718942503405
0.35000000000000003 49 1494.7393704856804
0.35000000000000003 50 1494.7393687227998
0.35000000000000003 51 1496.5465450395425
0.35000000000000003 52 1558.5418687586237
0.35000000000000003 53 1349.7701460139087
0.35000000000000003 54 1506.61733706194
0.35000000000000003 55 1508.644740944
0.35000000000000003 56 1475.6810797016826
0.35000000000000003 57 1513.53649688
0.35000000000000003 58 1565.9558729401604
0.35000000000000003 59 1518.0781367306377
0.35000000000000003 60 1518.0781371871665
0.35000000000000003 61 1518.0781399496882
0.35000000000000003 62 1531.0811741127193
0.35000000000000003 63 1540.9960555063803
0.35000000000000003 64 1532.2656251285086
0.35000000000000003 65 1535.8181384194531
0.35000000000000003 66 1537.5896006942148
0.35000000000000003 67 1539.386814506
0.35000000000000003 68 1542.3637021052984
0.35000000000000003 69 1553.1496519641796
0.35000000000000003 70 1548.2961898803671
0.35000000000000003 71 1550.095694194
0.35000000000000003 72 1551.8252437420012
0.35000000000000003 73 1555.4545342152273
0.35000000000000003 74 1558.314153898
0.35000000000000003 75 1562.0006453633919
0.35000000000000003 76 1565.9558969831915
0.35000000000000003 77 1565.195887892
0.35000000000000003 78 1568.5479353936196
0.35000000000000003 79 1572.0300709741516
0.35000000000000003 80 1572.0662117226448
0.35000000000000003 81 1572.0661991980492
0.35000000000000003 82 1577.711756114842
0.35000000000000003 83 1580.7686310860454
0.35000000000000003 84 1555.45453421476
0.35000000000000003 85 1542.3637021031334
0.35000000000000003 86 1646.7548068545725
0.35000000000000003 87 1619.3567714581266
0.35000000000000003 88 1631.5252897678206
0.35000000000000003 89 1631.5252289657406
0.35000000000000003 90 1627.6097753867873
0.35000000000000003 91 1618.207827040535
0.35000000000000003 92 1627.6097477331487
0.35000000000000003 93 1631.5252678118409
0.35000000000000003 94 1631.5252940848502
0.35000000000000003 95 1627.6097818599656
0.35000000000000003 96 1631.5252231870188
0.35000000000000003 97 1618.8562276049993
0.35000000000000003 98 1684.7525430800931
0.35000000000000003 99 1631.5228576272648
0.36 0 1363.312029064961
0.36 1 1363.312028902373
0.36 2 1466.840731103023
0.36 3 1363.312031053099
0.36 4 1363.3120288431603
0.36 5 1416.7199743180713
0.36 6 1383.4751990745053
0.36 7 1380.0150395133135
0.36 8 1384.903368832
0.36 9 1383.4775480863898
0.36 10 1388.6686484057689
0.36 11 1391.452671842
0.36 12 1391.8530662827468
0.36 13 1422.542227916657
0.36 14 1398.3379203368506
0.36 15 1403.0524572271765
0.36 16 1412.1536763063114
0.36 17 1410.9274664353115
0.36 18 1410.9271841063805
0.36 19 1412.1536801748814
0.36 20 1416.7138646289422
0.36 21 1418.8912873431705
0.36 22 1422.5421834973167
0.36 23 1422.5421862677554
0.36 24 1422.542225670277
0.36 25 1410.9274731827738
0.36 26 1432.7087083999436
0.36 27 1434.8083679506562
0.36 28 1435.2901858869718
0.36 29 1447.6841379314897
0.36 30 1447.6837725132052
0.36 31 1449.6030047014724
0.36 32 1449.6029665082067
0.36 33 1449.6024767954152
0.36 34 1453.0836116508408
0.36 35 1453.08343177152
0.36 36 1449.6028311183368
0.36 37 1460.942885764764
0.36 38 1462.834709838
0.36 39 1224.7032492680014
0.36 40 1470.41436668287
0.36 41 1475.697044040456
0.36 42 1473.6640778362082
0.36 43 1463.2760560649997
0.36 44 1479.1074867023565
0.36 45 1482.2937447675831
0.36 46 1483.4718883692183
0.36 47 1487.8367353142905
0.36 48 1483.4718866654555
0.36 49 1494.7397375820076
0.36 50 1494.73973693156
0.36 51 1496.5465412653084
0.36 52 1572.0263523650656
0.36 53 1349.7700135436185
0.36 54 1506.6174133974757
0.36 55 1508.644740944
0.36 56 1473.6420394098218
0.36 57 1513.53649688
0.36 58 1565.9574413121236
0.36 59 1518.0786007583956
0.36 60 1518.0786012143344
0.36 61 1518.0786039720617
0.36 62 1531.0817412151134
0.36 63 1543.9606085007624
0.36 64 1532.2659681857058
0.36 65 1535.818148475507
0.36 66 1537.5885953917225
0.36 67 1539.386814506
0.36 68 1542.363711287641
0.36 69 1553.1499641663522
0.36 70 1548.2971229041234
0.36 71 1550.095694194
0.36 72 1551.8259559492951
0.36 73 1555.4545393061303
0.36 74 1558.314153898
0.36 75 1562.0006477386482
0.36 76 1565.9576976207204
0.36 77 1565.195887892
0.36 78 1568.5479584743553
0.36 79 1572.0309545409038
0.36 80 1572.0670043324228
0.36 81 1572.0675128240516
0.36 82 1577.710735851221
0.36 83 1580.7679882906216
0.36 84 1555.4545393015098
0.36 85 1542.3637112958559
0.36 86 1646.760738983813
0.36 87 1619.3570620262578
0.36 88 1619.4226682517642
0.36 89 1631.5252313920312
0.36 90 1627.6096827823208
0.36 91 1631.5252982122536
0.36 92 1627.5534183939005
0.36 93 1618.208185061629
0.36 94 1627.6097223868583
0.36 95 1627.609693198366
0.36 96 1631.5252481455168
0.36 97 1618.856415560704
0.36 98 1684.7951698671732
0.36 99 1631.5228976737262
0.37 0 1363.3116902110855
0.37 1 1363.3116900324792
0.37 2 1333.1827470502674
0.37 3 1363.3116923041048
0.37 4 1363.3116900997159
0.37 5 1416.7200646651838
0.37 6 1383.4761974068458
0.37 7 1380.0149217426303
0.37 8 1384.903368832
0.37 9 1383.4802180065694
0.37 10 1388.6582434932495
0.37 11 1391.8341632164063
0.37 12 1391.8620057787045
0.37 13 1410.9577495552776
0.37 14 1398.347170740227
0.37 15 1403.0499609392964
0.37 16 1412.1534488116197
0.37 17 1410.9578122087405
0.37 18 1410.9274260313641
0.37 19 1412.1534063127956
0.37 20 1416.7139219675578
0.37 21 1418.89102430057
0.37 22 1422.4806233268398
0.37 23 1422.5421310792333
0.37 24 1422.5421033786515
0.37 25 1410.9577405059727
0.37 26 1432.7058510887143
0.37 27 1434.8086857395674
0.37 28 1435.2909273973173
0.37 29 1447.6832231719177
0.37 30 1447.6831721607596
0.37 31 1449.6033989433265
0.37 32 1449.6033932281002
0.37 33 1449.602907605042
0.37 34 1453.0838766378995
0.37 35 1453.0837391931584
0.37 36 1449.6032523905437
0.37 37 1460.944634527032
0.37 38 1462.834709838
0.37 39 1226.7354062027068
0.37 40 1470.4143602484237
0.37 41 1475.7121439791179
0.37 42 1473.6376914282248
0.37 43 1461.9701180118532
0.37 44 1479.075302324621
0.37 45 1388.6581647510159
0.37 46 1483.4718800456872
0.37 47 1487.8359053648678
0.37 48 1483.4718790489922
0.37 49 1494.7401046633306
0.37 50 1494.7401012108717
0.37 51 1496.5465374899113
0.37 52 1555.4545443977574
0.37 53 1344.1158458406383
0.37 54 1506.6174998342601
0.37 55 1508.644740944
0.37 56 1473.6448672070671
0.37 57 1513.53649688
0.37 58 1565.9590812560689
0.37 59 1518.0790648208938
0.37 60 1518.0790652762382
0.37 61 1518.0790680291716
0.37 62 1531.082308504678
0.37 63 1541.0288918250724
0.37 64 1532.2682332682648
0.37 65 1535.8181585305774
0.37 66 1537.5876131862597
0.37 67 1539.386814506
0.37 68 1542.363720485081
0.37 69 1553.1505482657608
0.37 70 1548.298227830922
0.37 71 1550.095694194
0.37 72 1551.8268256443484
0.37 73 1555.4545443981822
0.37 74 1558.314153898
0.37 75 1560.697850008
0.37 76 1565.9589865608964
0.37 77 1565.195887892
0.37 78 1568.547970384817
0.37 79 1572.0318007571088
0.37 80 1572.0678321110875
0.37 81 1572.067829950197
0.37 82 1577.7115184264608
0.37 83 1580.7673458558577
0.37 84 1555.4545443983598
0.37 85 1542.3637204905951
0.37 86 1646.768202030458
0.37 87 1619.357417017743
0.37 88 1619.4133875137438
0.37 89 1631.5252318492999
0.37 90 1627.6096682789546
0.37 91 1631.5252481020932
0.37 92 1627.5534678383253
0.37 93 1627.6096540433293
0.37 94 1631.52417376608
0.37 95 1627.6096373125126
0.37 96 1631.5252410443927
0.37 97 1618.8565689648417
0.37 98 1684.8379741427523
0.37 99 1631.5229371940563
0.38 0 1363.3113514856957
0.38 1 1363.3113512865996
0.38 2 1333.1826834812903
0.38 3 1363.3113536878636
0.38 4 1363.3113673839762
0.38 5 1416.7201314387312
0.38 6 1383.4735971466946
0.38 7 1380.0133030036552
0.38 8 1384.903368832
0.38 9 1383.4763979581996
0.38 10 1388.6478407469042
0.38 11 1410.9577661252802
0.38 12 1391.8721135601072
0.38 13 1398.3595189998573
0.38 14 1398.3594687121827
0.38 15 1395.1395507175464
0.38 16 1412.1531338094717
0.38 17 1410.9577710630972
0.38 18 1410.9276226837505
0.38 19 1412.1531326535678
0.38 20 1416.7201293021908
0.38 21 1418.8907614737714
0.38 22 1422.5420447412587
0.38 23 1422.480528173161
0.38 24 1422.541992676256
0.38 25 1410.9577356058633
0.38 26 1432.7025829293295
0.38 27 1434.8090037771226
0.38 28 1435.2912173063332
0.38 29 1447.682228200609
0.38 30 1447.6821816741572
0.38 31 1449.6038440546931
0.38 32 1449.603819790264
0.38 33 1449.603338258021
0.38 34 1453.084141411388
0.38 35 1453.084046363543
0.38 36 1449.6036735768673
0.38 37 1460.94579826785
0.38 38 1462.834709838
0.38 39 1226.7372196577944
0.38 40 1470.414353739195
0.38 41 1475.7266545002728
0.38 42 1473.6394933468182
0.38 43 1461.9707191574014
0.38 44 1479.0319357290477
0.38 45 1481.147614894
0.38 46 1483.4718725629232
0.38 47 1487.8376651456176
0.38 48 1483.4718714700468
0.38 49 1494.740469135268
0.38 50 1494.7404674787324
0.38 51 1496.5465337026158
0.38 52 1555.454549487243
0.38 53 1418.8907624027283
0.38 54 1506.6175767187128
0.38 55 1508.644740944
0.38 56 1473.633902887043
0.38 57 1513.53649688
0.38 58 1565.9606639908814
0.38 59 1517.4219802680364
0.38 60 1518.079529372633
0.38 61 1518.0795321207722
0.38 62 1531.0828759814901
0.38 63 1541.077752208179
0.38 64 1532.2663315418456
0.38 65 1535.8181685851514
0.38 66 1537.586676105103
0.38 67 1539.386814506
0.38 68 1542.3637296951401
0.38 69 1553.150799590919
0.38 70 1548.298977356897
0.38 71 1550.095694194
0.38 72 1551.8274850630216
0.38 73 1555.4545494815845
0.38 74 1558.314153898
0.38 75 1560.697850008
0.38 76 1565.9606577474194
0.38 77 1565.195887892
0.38 78 1568.5479253673786
0.38 79 1572.0327477468318
0.38 80 1572.0687117011062
0.38 81 1572.0708838597088
0.38 82 1577.7121592448477
0.38 83 1580.766703782141
0.38 84 1555.4545494825554
0.38 85 1542.3637296907862
0.38 86 1646.7736250405878
0.38 87 1619.357920048575
0.38 88 1619.4040589599083
0.38 89 1631.5252339905282
0.38 90 1627.6096051728175
0.38 91 1631.5252472153502
0.38 92 1640.2035642639885
0.38 93 1627.6095898815051
0.38 94 1627.5534876157467
0.38 95 1627.609614414313
0.38 96 1631.525290211163
0.38 97 1618.8567274625932
0.38 98 1684.880961812071
0.38 99 1631.5229762481738
0.39 0 1363.311012888758
0.39 1 1363.3110126639708
0.39 2 1333.182619890706
0.39 3 1363.3110152045595
0.39 4 1363.3110211798169
0.39 5 1416.720204597659
0.39 6 1383.4723284707902
0.39 7 1380.0126459582407
0.39 8 1384.903368832
0.39 9 1383.474490087214
0.39 10 1388.637681120276
0.39 11 1391.876551933696
0.39 12 1391.8798513510314
0.39 13 1410.9577916231983
0.39 14 1398.3753257407018
0.39 15 1395.129236009162
0.39 16 1412.1528555897435
0.39 17 1410.9578461645667
0.39 18 1410.9263766289987
0.39 19 1412.1528599305957
0.39 20 1416.7140512599246
0.39 21 1418.8904983031198
0.39 22 1422.480694069993
0.39 23 1422.5418921729124
0.39 24 1422.5418586041274
0.39 25 1410.9277298789625
0.39 26 1432.6961403056941
0.39 27 1434.8093220634366
0.39 28 1435.291593815665
0.39 29 1447.6814143457052
0.39 30 1447.6810941036729
0.39 31 1449.6041856382012
0.39 32 1449.6042461949353
0.39 33 1449.6037687544117
0.39 34 1453.084470534619
0.39 35 1453.0843532832723
0.39 36 1449.6040946822543
0.39 37 1460.9460412350977
0.39 38 1462.834709838
0.39 39 1232.5296545526005
0.39 40 1470.4143478287394
0.39 41 1475.737218217134
0.39 42 1473.6322692479177
0.39 43 1461.971291509765
0.39 44 1479.0089758567221
0.39 45 1482.3358086970766
0.39 46 1483.4718654608891
0.39 47 1487.8377252570012
0.39 48 1483.4718638389343
0.39 49 1494.7408328798108
0.39 50 1494.7408319603371
0.39 51 1496.5465299022
0.39 52 1575.8939550873013
0.39 53 1416.720229198879
0.39 54 1506.6176607502566
0.39 55 1508.644740944
0.39 56 1467.0817931490194
0.39 57 1513.53649688
0.39 58 1565.9622559903212
0.39 59 1517.4250018128298
0.39 60 1518.0799935032733
0.39 61 1518.0799962466178
0.39 62 1531.0834436456298
0.39 63 1542.3637388856475
0.39 64 1532.2667256331486
0.39 65 1535.818178642218
0.39 66 1537.585583345398
0.39 67 1539.386814506
0.39 68 1542.3637388802078
0.39 69 1553.1514148702702
0.39 70 1548.2995488363515
0.39 71 1550.095694194
0.39 72 1551.828451380984
0.39 73 1555.454554572982
0.39 74 1558.314153898
0.39 75 1560.697850008
0.39 76 1565.962165497885
0.39 77 1565.195887892
0.39 78 1568.5479330550806
0.39 79 1572.0336625185944
0.39 80 1572.0695113623055
0.39 81 1572.0336350816988
0.39 82 1577.7119744420336
0.39 83 1580.766062069863
0.39 84 1555.4545545759038
0.39 85 1542.363738883914
0.39 86 1646.7788571374435
0.39 87 1619.358484592705
0.39 88 1619.394756232361
0.39 89 1631.5252649412753
0.39 90 1627.6095373532792
0.39 91 1631.5252534407143
0.39 92 1640.2088882783944
0.39 93 1627.609530124619
0.39 94 1619.1164272868032
0.39 95 1627.6095322803437
0.39 96 1631.5252809172393
0.39 97 1618.8568651964774
0.39 98 1684.924127930133
0.39 99 1631.5230146726105
0.4 0 1363.3106744202382
0.4 1 1363.3106741637052
0.4 2 1333.1825563134796
0.4 3 1363.3106768543873
0.4 4 1363.310676174827
0.4 5 1416.7203129291877
0.4 6 1383.4718937172215
0.4 7 1380.0118406090794
0.4 8 1384.903368832
0.4 9 1383.47167495168
0.4 10 1388.6276802244765
0.4 11 1410.9578167278235
0.4 12 1391.888898513299
0.4 13 1410.9277937993893
0.4 14 1398.3902940699043
0.4 15 1398.3902576731866
0.4 16 1412.152585787548
0.4 17 1410.9578478914264
0.4 18 1410.927783570332
0.4 19 1412.1525850756245
0.4 20 1416.7141589345222
0.4 21 1418.8902352013079
0.4 22 1422.5418582085845
0.4 23 1422.5417540826047
0.4 24 1422.5418492176445
0.4 25 1410.957917673922
0.4 26 1432.6922785706483
0.4 27 1434.809640598624
0.4 28 1435.2921507972737
0.4 29 1447.6802375048997
0.4 30 1447.6805009675272
0.4 31 1449.6046298404206
0.4 32 1449.6046724420846
0.4 33 1449.6041990940319
0.4 34 1453.084735004239
0.4 35 1453.0846599529584
0.4 36 1449.6045157028082
0.4 37 1460.9435983849185
0.4 38 1462.834709838
0.4 39 1230.431044671882
0.4 40 1470.4143415945612
0.4 41 1475.7483907986195
0.4 42 1473.6365120284986
0.4 43 1461.9718586464421
0.4 44 1478.98348637792
0.4 45 1338.4500331995594
0.4 46 1483.4718567050334
0.4 47 1487.8374188897626
0.4 48 1506.617745907946
0.4 49 1494.7411989066316
0.4 50 1494.7411974421104
0.4 51 1496.5465261010418
0.4 52 1576.1689760152444
0.4 53 1344.115638164578
0.4 54 1506.617741430511
0.4 55 1508.644740944
0.4 56 1473.6292638590523
0.4 57 1513.53649688
0.4 58 1565.963789795188
0.4 59 1517.4250665205695
0.4 60 1518.0804576679125
0.4 61 1518.0804604064633
0.4 62 1531.0840114971745
0.4 63 1542.363748079562
0.4 64 1532.2671187625917
0.4 65 1535.8181887022022
0.4 66 1537.5845536703443
0.4 67 1539.386814506
0.4 68 1542.3637480763887
0.4 69 1553.1523634618409
0.4 70 1548.2994201997683
0.4 71 1550.095694194
0.4 72 1551.8287878240103
0.4 73 1555.454559667403
0.4 74 1558.314153898
0.4 75 1560.697850008
0.4 76 1565.9637487475604
0.4 77 1565.195887892
0.4 78 1568.547927489414
0.4 79 1572.0345248931828
0.4 80 1572.0704519130177
0.4 81 1572.0345196700234
0.4 82 1577.7116304568194
0.4 83 1580.765284195823
0.4 84 1555.4545596566077
0.4 85 1542.3637480853633
0.4 86 1646.7839169101967
0.4 87 1619.3586654826129
0.4 88 1619.3854547748865
0.4 89 1631.525264469342
0.4 90 1627.6095064123751
0.4 91 1631.525255657929
0.4 92 1640.2110453833345
0.4 93 1627.6094749583672
0.4 94 1619.116962833919
0.4 95 1627.6094830244879
0.4 96 1631.525268463614
0.4 97 1618.856982640976
0.4 98 1684.9674759692466
0.4 99 1631.5230526355228
0.41000000000000003 0 1363.3103360801024
0.41000000000000003 1 1363.3103357847706
0.41000000000000003 2 1332.785360453805
0.41000000000000003 3 1363.310338637548
0.41000000000000003 4 1363.310336928309
0.41000000000000003 5 1416.7203975956054
0.41000000000000003 6 1383.470803425729
0.41000000000000003 7 1380.0113572368696
0.41000000000000003 8 1384.903368832
0.41000000000000003 9 1383.471659995485
0.41000000000000003 10 1388.6176082975903
0.41000000000000003 11 1391.8879577307107
0.41000000000000003 12 1391.8970994220933
0.41000000000000003 13 1398.4053117953656
0.41000000000000003 14 1398.4071495906308
0.41000000000000003 15 1398.406881829556
0.41000000000000003 16 1412.152311282514
0.41000000000000003 17 1410.9279023278998
0.41000000000000003 18 1410.9278937432873
0.41000000000000003 19 1412.1523147910216
0.41000000000000003 20 1416.7141923537501
0.41000000000000003 21 1418.8899708172999
0.41000000000000003 22 1422.5416594559154
0.41000000000000003 23 1422.5416603296712
0.41000000000000003 24 1422.5416790576828
0.41000000000000003 25 1410.9278529705934
0.41000000000000003 26 1432.6912775542055
0.41000000000000003 27 1434.8099593827985
0.41000000000000003 28 1435.2926813728905
0.41000000000000003 29 1447.6795750340727
0.41000000000000003 30 1447.679584457217
0.41000000000000003 31 1449.6050738802955
0.41000000000000003 32 1449.6050985319253
0.41000000000000003 33 1449.6046292772355
0.41000000000000003 34 1453.085031663757
0.41000000000000003 35 1453.084966373355
0.41000000000000003 36 1449.6049366446853
0.41000000000000003 37 1460.9499486777033
0.41000000000000003 38 1462.834709838
0.41000000000000003 39 1230.4310454015053
0.41000000000000003 40 1470.4143352218487
0.41000000000000003 41 1475.758416732269
0.41000000000000003 42 1473.635286761911
0.41000000000000003 43 1461.9724047828965
0.41000000000000003 44 1478.956763579047
0.41000000000000003 45 1482.361433652308
0.41000000000000003 46 1483.4718496440962
0.41000000000000003 47 1487.8374991312949
0.41000000000000003 48 1506.617819669352
0.41000000000000003 49 1494.7415620093516
0.41000000000000003 50 1494.7415600527345
0.41000000000000003 51 1496.5465222824218
0.41000000000000003 52 1575.7057983638929
0.41000000000000003 53 1572.0404488103907
0.41000000000000003 54 1506.6178217159647
0.41000000000000003 55 1508.644740944
0.41000000000000003 56 1473.6350404689886
0.41000000000000003 57 1513.53649688
0.41000000000000003 58 1565.9654062974737
0.41000000000000003 59 1517.433258944508
0.41000000000000003 60 1518.080921866305
0.41000000000000003 61 1518.080924600062
0.41000000000000003 62 1531.0845795362038
0.41000000000000003 63 1542.3637572816274
0.41000000000000003 64 1532.2687348248323
0.41000000000000003 65 1535.8181987580565
0.41000000000000003 66 1537.583583468044
0.41000000000000003 67 1539.386814506
0.41000000000000003 68 1542.3637572844277
0.41000000000000003 69 1553.1524504124438
0.41000000000000003 70 1548.3013800591375
0.41000000000000003 71 1550.095694194
0.41000000000000003 72 1551.829777731676
0.41000000000000003 73 1555.45456475444
0.41000000000000003 74 1558.314153898
0.41000000000000003 75 1560.697850008
0.41000000000000003 76 1565.9653724433592
0.41000000000000003 77 1565.195887892
0.41000000000000003 78 1568.5479240418686
0.41000000000000003 79 1572.035395654216
0.41000000000000003 80 1572.0711640993331
0.41000000000000003 81 1572.0711563117447
0.41000000000000003 82 1577.7118047141073
0.41000000000000003 83 1580.764642745636
0.41000000000000003 84 1555.4545647505247
0.41000000000000003 85 1542.3637572761947
0.41000000000000003 86 1646.7885895540169
0.41000000000000003 87 1619.3589954388895
0.41000000000000003 88 1619.376129767527
0.41000000000000003 89 1631.5252634635037
0.41000000000000003 90 1627.6095555527695
0.41000000000000003 91 1631.5242127668137
0.41000000000000003 92 1640.2077278355455
0.41000000000000003 93 1627.6094241386156
0.41000000000000003 94 1619.11734433412
0.41000000000000003 95 1627.609466792028
0.41000000000000003 96 1631.5252696336363
0.41000000000000003 97 1618.857160952769
0.41000000000000003 98 1684.4613428169457
0.41000000000000003 99 1631.5230900419713
0.42 0 1363.3099978683163
0.42 1 1363.3099975259681
0.42 2 1332.7854134462757
0.42 3 1363.3100005542553
0.42 4 1363.3099982691062
0.42 5 1416.7204729142056
0.42 6 1383.470300898365
0.42 7 1380.0107216634399
0.42 8 1384.903368832
0.42 9 1383.4708401551375
0.42 10 1388.6077704474644
0.42 11 1391.452671842
0.42 12 1391.9052873511969
0.42 13 1398.4193119920592
0.42 14 1398.425165992265
0.42 15 1395.1007666997275
0.42 16 1412.1520384881985
0.42 17 1410.9279241951756
0.42 18 1410.92796870736
0.42 19 1412.1520411779443
0.42 20 1416.7204673642877
0.42 21 1418.8897064635069
0.42 22 1422.5416009518851
0.42 23 1422.5415949648277
0.42 24 1422.4807793999016
0.42 25 1410.9279718407797
0.42 26 1432.6910246648567
0.42 27 1434.8102784160758
0.42 28 1435.2933029244791
0.42 29 1447.6785267227178
0.42 30 1447.6787170760037
0.42 31 1449.6055177573348
0.42 32 1449.605524464409
0.42 33 1449.6050593042276
0.42 34 1453.0853606920161
0.42 35 1453.0852725452082
0.42 36 1449.6053575066396
0.42 37 1460.9478282040313
0.42 38 1462.834709838
0.42 39 1232.529945025876
0.42 40 1470.4143292846575
0.42 41 1475.778385704918
0.42 42 1473.6355393456315
0.42 43 1461.97312086587
0.42 44 1478.9342388465955
0.42 45 1481.147614894
0.42 46 1483.4718415014127
0.42 47 1487.8378448443113
0.42 48 1506.6179049910595
0.42 49 1494.7419239008102
0.42 50 1494.7419243835948
0.42 51 1496.546518467165
0.42 52 1575.6934064072361
0.42 53 1266.005638800341
0.42 54 1506.617900807667
0.42 55 1508.644740944
0.42 56 1473.6242317958124
0.42 57 1513.53649688
0.42 58 1565.966986759323
0.42 59 1517.4362775353763
0.42 60 1518.0813860982053
0.42 61 1518.0813888271687
0.42 62 1531.085147762796
0.42 63 1542.3637664853086
0.42 64 1532.2686464085261
0.42 65 1535.8182088217434
0.42 66 1537.583460247501
0.42 67 1539.386814506
0.42 68 1542.363766480484
0.42 69 1553.1523849594062
0.42 70 1548.3027112417637
0.42 71 1550.095694194
0.42 72 1551.8303101851886
0.42 73 1555.4545698357254
0.42 74 1558.314153898
0.42 75 1560.697850008
0.42 76 1565.9670183262097
0.42 77 1565.195887892
0.42 78 1568.5479466653846
0.42 79 1572.0363130261815
0.42 80 1572.0720422997708
0.42 81 1572.0362885461363
0.42 82 1577.7117061084512
0.42 83 1580.7639329327935
0.42 84 1555.4545698352047
0.42 85 1542.3637664828145
0.42 86 1649.4307235136673
0.42 87 1619.3790764522316
0.42 88 1619.3668221259973
0.42 89 1631.5252614671117
0.42 90 1627.6094031130185
0.42 91 1631.5241834011442
0.42 92 1640.2234234014754
0.42 93 1627.6093779046707
0.42 94 1619.1178448759872
0.42 95 1627.6093913981613
0.42 96 1631.5252533101338
0.42 97 1618.8572980160718
0.42 98 1684.4593242329402
0.42 99 1631.5231270280851
0.43 0 1363.3096597848464
0.43 1 1363.3096535052782
0.43 2 1332.78547481548
0.43 3 1363.3096626047302
0.43 4 1363.3096599667385
0.43 5 1416.7143734703593
0.43 6 1383.470243109831
0.43 7 1380.0109340215697
0.43 8 1384.903368832
0.43 9 1383.468980816821
0.43 10 1388.598041296102
0.43 11 1410.9280179162079
0.43 12 1391.9139545174185
0.43 13 1398.4404692799199
0.43 14 1398.438363421703
0.43 15 1395.0911069045642
0.43 16 1412.1517651328
0.43 17 1410.9579919016173
0.43 18 1410.9280613826556
0.43 19 1412.1517634484069
0.43 20 1416.7205559814026
0.43 21 1418.8894417997617
0.43 22 1422.541447605587
0.43 23 1422.5415270541628
0.43 24 1422.5414433650326
0.43 25 1410.928066668727
0.43 26 1432.6890833378573
0.43 27 1434.8105976985696
0.43 28 1435.29424330782
0.43 29 1447.67777815214
0.43 30 1447.6777284949474
0.43 31 1449.60596147098
0.43 32 1449.6059502235346
0.43 33 1449.6054891747926
0.43 34 1453.085624710919
0.43 35 1453.0855784688536
0.43 36 1449.6057782890778
0.43 37 1460.9528930663669
0.43 38 1462.834709838
0.43 39 1232.530038000702
0.43 40 1470.414322819763
0.43 41 1475.7922541863086
0.43 42 1473.6227357310431
0.43 43 1461.974005123203
0.43 44 1478.912984018504
0.43 45 1482.3856357996494
0.43 46 1483.471833430429
0.43 47 1487.8375533951473
0.43 48 1506.6179826252044
0.43 49 1494.7422917544714
0.43 50 1494.7422893115533
0.43 51 1496.5465146406543
0.43 52 1577.7115021905984
0.43 53 1339.7070774649735
0.43 54 1506.6179828594006
0.43 55 1508.644740944
0.43 56 1473.167932783648
0.43 57 1513.53649688
0.43 58 1565.9685820065674
0.43 59 1517.440587831784
0.43 60 1518.0818503633666
0.43 61 1518.0818530875367
0.43 62 1531.0857161770298
0.43 63 1542.3637756806363
0.43 64 1532.2685579315196
0.43 65 1535.8182188859585
0.43 66 1537.5815134525396
0.43 67 1539.386814506
0.43 68 1542.3637756832652
0.43 69 1553.1527450713775
0.43 70 1548.3025759568113
0.43 71 1550.095694194
0.43 72 1551.8315994154184
0.43 73 1555.4545749199715
0.43 74 1558.314153898
0.43 75 1560.697850008
0.43 76 1565.9685841399507
0.43 77 1565.195887892
0.43 78 1568.5479331679073
0.43 79 1572.042230344548
0.43 80 1572.0728135717345
0.43 81 1572.0728572119053
0.43 82 1577.7111143133131
0.43 83 1580.763188539866
0.43 84 1555.45457491595
0.43 85 1542.3637756869825
0.43 86 1642.8226563915846
0.43 87 1619.3761526501974
0.43 88 1619.118297819401
0.43 89 1631.5252608627632
0.43 90 1627.6093629283655
0.43 91 1618.2102878709018
0.43 92 1640.2301904711119
0.43 93 1627.6093360889652
0.43 94 1618.2103519287007
0.43 95 1627.609348944166
0.43 96 1631.5252936448426
0.43 97 1618.8574760270415
0.43 98 1684.4605260219384
0.43 99 1631.5231634259644