0.44668017023706746
0.44502655534475644
0.3042748526669575
1.3778139406356335e-07
5.1020013390245705e-70
0.15 0 1363.3191738862781
0.15 1 1363.319188139752
0.15 2 1470.4145132546578
0.15 3 1363.3191751959837
0.15 4 1363.319179483978
0.15 5 1416.718318266451
0.15 6 1383.4930914425906
0.15 7 1380.6515316367286
0.15 8 1384.903368832
0.15 9 1385.5764898569182
0.15 10 1388.933617041637
0.15 11 1391.6855983758505
0.15 12 1392.1808889532904
0.15 13 1398.264190952
0.15 14 1398.1541117449763
0.15 15 1403.0507980386044
0.15 16 1412.1593840649314
0.15 17 1410.957014622028
0.15 18 1410.925645278537
0.15 19 1412.159382083304
0.15 20 1416.712140442433
0.15 21 1418.8967892362218
0.15 22 1422.5444535158658
0.15 23 1422.5444528632713
0.15 24 1422.5444119535055
0.15 25 1398.8087396089222
0.15 26 1432.754668024893
0.15 27 1434.801751618246
0.15 28 1435.2807587767882
0.15 29 1447.7027241484755
0.15 30 1447.7029965653342
0.15 31 1449.5937552497937
0.15 32 1447.7031304166155
0.15 33 1449.593983662607
0.15 34 1453.0774259068783
0.15 35 1453.0774563665034
0.15 36 1449.5939630012585
0.15 37 1460.832964246
0.15 38 1462.834709838
0.15 39 1029.2495317952546
0.15 40 1470.4144958487327
0.15 41 1475.0110185866386
0.15 42 1474.105857824
0.15 43 1463.277111937816
0.15 44 1479.6766769970943
0.15 45 1481.147614894
0.15 46 1483.472050951306
0.15 47 1487.8359885907307
0.15 48 1490.689979102
0.15 49 1494.7320386778742
0.15 50 1496.5466190506743
0.15 51 1496.5466190554757
0.15 52 1568.5482115277282
0.15 53 1332.783855002776
0.15 54 1506.615707121366
0.15 55 1508.644740944
0.15 56 1476.0639519407468
0.15 57 1513.4328725418916
0.15 58 1562.0005974488604
0.15 59 1517.7154041064452
0.15 60 1518.0688643154235
0.15 61 1518.068867173805
0.15 62 1531.0698712494573
0.15 63 1540.8843834732936
0.15 64 1532.257058732416
0.15 65 1535.8179376477876
0.15 66 1537.60976911233
0.15 67 1539.386814506
0.15 68 1542.3635183942115
0.15 69 1553.2346231589775
0.15 70 1548.2753207666726
0.15 71 1550.095694194
0.15 72 1551.808250927005
0.15 73 1555.4544321274327
0.15 74 1558.314153898
0.15 75 1562.0005974475391
0.15 76 1565.2276888931865
0.15 77 1565.195887892
0.15 78 1568.5481958250964
0.15 79 1572.0122889390552
0.15 80 1572.0496141642914
0.15 81 1572.0497042063387
0.15 82 1577.7157934034667
0.15 83 1580.7827839032984
0.15 84 1555.4544321190413
0.15 85 1542.3635183953334
0.15 86 1651.1264059191883
0.15 87 1631.5251685556702
0.15 88 1631.5251793377067
0.15 89 1640.6130510596713
0.15 90 1631.5251908213615
0.15 91 1625.6538495975083
0.15 92 1625.5987546491024
0.15 93 1631.5251717476694
0.15 94 1627.6138416230158
0.15 95 1627.6107695673845
0.15 96 1631.5251671702426
0.15 97 1618.853325267723
0.15 98 1625.598908604709
0.15 99 1631.5219347109387
0.16 0 1363.3188211227282
0.16 1 1363.3188275545847
0.16 2 1467.3616212303318
0.16 3 1363.318833689736
0.16 4 1363.3188455500476
0.16 5 1416.7183941764956
0.16 6 1383.4919907408757
0.16 7 1380.6493180636783
0.16 8 1384.903368832
0.16 9 1385.576274976467
0.16 10 1388.9182135629467
0.16 11 1391.452671842
0.16 12 1392.1806543332375
0.16 13 1398.264190952
0.16 14 1398.1532108445526
0.16 15 1403.0526454596727
0.16 16 1412.1591150419774
0.16 17 1410.95691081393
0.16 18 1410.9257907706526
0.16 19 1412.1591170635509
0.16 20 1416.7184164143846
0.16 21 1418.8965269263824
0.16 22 1422.5443360168113
0.16 23 1422.5443403670588
0.16 24 1422.5443279962853
0.16 25 1398.8084871612655
0.16 26 1432.7525319981285
0.16 27 1434.802064211972
0.16 28 1435.2810390273835
0.16 29 1447.6995342691262
0.16 30 1447.7021909672821
0.16 31 1449.5942045068605
0.16 32 1447.7022584128931
0.16 33 1449.5944188662513
0.16 34 1453.0777692870163
0.16 35 1453.077770047137
0.16 36 1449.5943862958404
0.16 37 1460.832964246
0.16 38 1462.834709838
0.16 39 1198.6948059817819
0.16 40 1470.4144901124978
0.16 41 1475.049360258723
0.16 42 1474.105857824
0.16 43 1463.2773728508216
0.16 44 1479.6487716368777
0.16 45 1481.147614894
0.16 46 1483.4720441661125
0.16 47 1487.8363227620873
0.16 48 1490.689979102
0.16 49 1494.7324060878336
0.16 50 1496.546615419413
0.16 51 1496.5466154226262
0.16 52 1568.5476921587929
0.16 53 1338.4501470894675
0.16 54 1506.6157863889287
0.16 55 1508.644740944
0.16 56 1476.0650460763131
0.16 57 1513.4348080823959
0.16 58 1562.0005998635195
0.16 59 1517.7162242246327
0.16 60 1518.0693275964993
0.16 61 1518.0693304500908
0.16 62 1531.0704346249568
0.16 63 1540.8947635701938
0.16 64 1532.2576379998052
0.16 65 1535.817947678014
0.16 66 1537.6092700800234
0.16 67 1539.386814506
0.16 68 1542.3635275753118
0.16 69 1553.216910534599
0.16 70 1548.2752419850872
0.16 71 1550.095694194
0.16 72 1551.8104127931442
0.16 73 1555.4544372406856
0.16 74 1558.314153898
0.16 75 1562.000599861782
0.16 76 1565.22937697489
0.16 77 1565.195887892
0.16 78 1568.5481093494548
0.16 79 1572.0132382369038
0.16 80 1572.050447391575
0.16 81 1572.0504557913025
0.16 82 1577.715997703745
0.16 83 1580.7821382279453
0.16 84 1555.4544372439168
0.16 85 1542.3635275732659
0.16 86 1651.1263649076925
0.16 87 1631.5251861078802
0.16 88 1631.525174756149
0.16 89 1640.6158394715555
0.16 90 1631.5251894391552
0.16 91 1625.59713667761
0.16 92 1625.5975418301448
0.16 93 1631.5251540592574
0.16 94 1631.525148517301
0.16 95 1627.6107352806612
0.16 96 1631.5251721975333
0.16 97 1618.8534287607556
0.16 98 1625.5972138447146
0.16 99 1631.5219867483993
0.17 0 1363.318502336212
0.17 1 1363.3184903642941
0.17 2 1467.3449822464822
0.17 3 1363.3184923138517
0.17 4 1363.3185011672847
0.17 5 1416.7184720042642
0.17 6 1383.4914252224373
0.17 7 1380.647161186642
0.17 8 1384.903368832
0.17 9 1385.5760600572091
0.17 10 1388.9039067090387
0.17 11 1391.6997385793698
0.17 12 1392.1804196665325
0.17 13 1398.264190952
0.17 14 1398.1525622849103
0.17 15 1403.0522322757904
0.17 16 1412.1588469706855
0.17 17 1410.9569685121137
0.17 18 1410.9258752621026
0.17 19 1412.1588515609255
0.17 20 1416.7123235262725
0.17 21 1418.89626674594
0.17 22 1422.5442402617912
0.17 23 1422.5442244658984
0.17 24 1422.5442162193742
0.17 25 1398.8082346563742
0.17 26 1432.7504367104
0.17 27 1434.8023770519505
0.17 28 1435.2817930007732
0.17 29 1447.7006879902688
0.17 30 1447.701191111425
0.17 31 1449.59465361293
0.17 32 1447.7011741816402
0.17 33 1449.594853912037
0.17 34 1453.0780239844748
0.17 35 1453.078019769712
0.17 36 1449.594809475379
0.17 37 1460.832964246
0.17 38 1462.834709838
0.17 39 1198.7208853870786
0.17 40 1470.4144835153445
0.17 41 1475.1936433744643
0.17 42 1473.828991556197
0.17 43 1463.277407286381
0.17 44 1479.6241575655924
0.17 45 1481.147614894
0.17 46 1483.4720364906686
0.17 47 1487.8341369084399
0.17 48 1490.689979102
0.17 49 1494.7327766555334
0.17 50 1496.5466117833314
0.17 51 1496.5466117853628
0.17 52 1568.547767568028
0.17 53 1463.2773681771007
0.17 54 1506.6158695642625
0.17 55 1508.644740944
0.17 56 1476.0660284687235
0.17 57 1513.4358460788872
0.17 58 1562.0006022822076
0.17 59 1517.717000356743
0.17 60 1518.0697909171952
0.17 61 1518.0697937659963
0.17 62 1531.070998186055
0.17 63 1540.9040173705127
0.17 64 1532.25799839833
0.17 65 1535.817957702128
0.17 66 1537.6077164659741
0.17 67 1539.386814506
0.17 68 1542.3635367456056
0.17 69 1553.1995125313517
0.17 70 1548.2751633118164
0.17 71 1550.095694194
0.17 72 1551.8093725996055
0.17 73 1555.4544423533562
0.17 74 1558.314153898
0.17 75 1562.0006022782256
0.17 76 1565.2308863059357
0.17 77 1565.195887892
0.17 78 1568.5480909935868
0.17 79 1572.014053325921
0.17 80 1572.0513179425022
0.17 81 1572.0512976107395
0.17 82 1577.7163054795933
0.17 83 1580.7813982810696
0.17 84 1555.454442355748
0.17 85 1542.3635367480142
0.17 86 1651.1263239295872
0.17 87 1631.5251671743413
0.17 88 1631.5251659555045
0.17 89 1641.7903927433808
0.17 90 1631.5251875999431
0.17 91 1625.5961574586927
0.17 92 1625.5960124333214
0.17 93 1631.5251609208617
0.17 94 1631.525151768086
0.17 95 1627.6107029738453
0.17 96 1631.5252033764548
0.17 97 1618.8536073449623
0.17 98 1625.5958164399706
0.17 99 1631.522038101383
0.18 0 1363.3181382516134
0.18 1 1363.3181546522603
0.18 2 1467.330723273296
0.18 3 1363.3181510683958
0.18 4 1363.3181577740327
0.18 5 1416.7123893415962
0.18 6 1383.4904584529154
0.18 7 1380.6449831779569
0.18 8 1384.903368832
0.18 9 1385.5758451097374
0.18 10 1388.8885384203456
0.18 11 1388.888607979041
0.18 12 1392.1801849394603
0.18 13 1398.264190952
0.18 14 1398.1517082020596
0.18 15 1403.025260157826
0.18 16 1412.1585753412373
0.18 17 1410.957030726397
0.18 18 1410.9259507377749
0.18 19 1412.1585747255633
0.18 20 1416.712379484112
0.18 21 1418.8960045544236
0.18 22 1422.5441111803682
0.18 23 1422.5441687207824
0.18 24 1422.544106388045
0.18 25 1398.1530381540585
0.18 26 1432.748271414789
0.18 27 1434.8026901382948
0.18 28 1435.281843215295
0.18 29 1447.699417077964
0.18 30 1447.7004363392202
0.18 31 1449.5951025675495
0.18 32 1447.7001164857102
0.18 33 1449.5952887999
0.18 34 1453.0783279582001
0.18 35 1453.078332816558
0.18 36 1449.5952325581563
0.18 37 1460.9154845861565
0.18 38 1462.834709838
0.18 39 1549.9804944266305
0.18 40 1470.4144776040919
0.18 41 1475.2568003270248
0.18 42 1474.105857824
0.18 43 1463.2771031580135
0.18 44 1479.6029906748515
0.18 45 1481.147614894
0.18 46 1483.4720288140702
0.18 47 1487.8335119843382
0.18 48 1490.689979102
0.18 49 1494.7331416542684
0.18 50 1496.54660813328
0.18 51 1496.5466081374975
0.18 52 1572.01500167672
0.18 53 1338.4501376095511
0.18 54 1506.615952480732
0.18 55 1508.644740944
0.18 56 1476.0668991466544
0.18 57 1513.53649688
0.18 58 1562.0006046901162
0.18 59 1517.7178118160764
0.18 60 1518.0702542772683
0.18 61 1518.0702571212787
0.18 62 1531.0715619328307
0.18 63 1544.1235411695723
0.18 64 1532.2579230843894
0.18 65 1535.8179677309515
0.18 66 1537.6068387563464
0.18 67 1539.386814506
0.18 68 1542.3635459282652
0.18 69 1553.1809086533863
0.18 70 1548.2795379736333
0.18 71 1550.095694194
0.18 72 1551.811995452252
0.18 73 1555.4544474703998
0.18 74 1558.314153898
0.18 75 1562.0006046969665
0.18 76 1565.2326047909758
0.18 77 1565.195887892
0.18 78 1568.5480756084983
0.18 79 1572.014987185246
0.18 80 1572.0520996459206
0.18 81 1572.0521089376073
0.18 82 1577.715860217492
0.18 83 1580.780753675323
0.18 84 1555.4544474714285
0.18 85 1542.3635459294876
0.18 86 1651.1262829458863
0.18 87 1631.5251843385233
0.18 88 1631.5252216203605
0.18 89 1641.7816113461802
0.18 90 1631.525184916181
0.18 91 1625.5952418668276
0.18 92 1625.5949331554089
0.18 93 1631.5251932161543
0.18 94 1631.5251696314656
0.18 95 1627.610610481357
0.18 96 1631.5251730522698
0.18 97 1618.853733053884
0.18 98 1625.5944526477174
0.18 99 1631.5220888642789
0.19 0 1363.3178084424835
0.19 1 1363.3178141549083
0.19 2 1467.3164289063898
0.19 3 1363.317809953437
0.19 4 1363.3178091142136
0.19 5 1416.7186552257483
0.19 6 1383.4896752029804
0.19 7 1380.6428263954367
0.19 8 1384.903368832
0.19 9 1385.5756301094493
0.19 10 1388.8743415577296
0.19 11 1391.7177079916653
0.19 12 1392.1799501823896
0.19 13 1398.264190952
0.19 14 1398.1514425427476
0.19 15 1403.043916758129
0.19 16 1412.1583013828101
0.19 17 1410.9570279664806
0.19 18 1410.9260450246866
0.19 19 1412.1583025438938
0.19 20 1416.712424465836
0.19 21 1418.8957449917245
0.19 22 1422.543993745521
0.19 23 1422.4793093831115
0.19 24 1422.5440890677896
0.19 25 1388.8752074608378
0.19 26 1432.7461042760485
0.19 27 1434.8030034711187
0.19 28 1435.2822544590895
0.19 29 1447.6995040840206
0.19 30 1447.6991944300974
0.19 31 1449.5955513703377
0.19 32 1447.6990362349352
0.19 33 1449.5957235301346
0.19 34 1453.078650410863
0.19 35 1453.0786455960108
0.19 36 1449.5956555344294
0.19 37 1460.9108133372358
0.19 38 1462.834709838
0.19 39 1177.272031323069
0.19 40 1470.4144711864824
0.19 41 1475.3079070836984
0.19 42 1473.8090215162395
0.19 43 1463.2772496980363
0.19 44 1479.5894212885157
0.19 45 1481.990978941335
0.19 46 1483.4720215765378
0.19 47 1487.835895074493
0.19 48 1490.689979102
0.19 49 1494.73351083298
0.19 50 1496.5466044777572
0.19 51 1496.5466044754605
0.19 52 1572.0159056229404
0.19 53 1339.709019082721
0.19 54 1506.6160344570683
0.19 55 1508.644740944
0.19 56 1476.0678650983618
0.19 57 1513.53649688
0.19 58 1562.000607100027
0.19 59 1517.718596779071
0.19 60 1518.0707176764759
0.19 61 1518.0707205156948
0.19 62 1531.0721258653618
0.19 63 1540.9202486226363
0.19 64 1532.258390813096
0.19 65 1535.8179777669966
0.19 66 1537.6062820738723
0.19 67 1539.386814506
0.19 68 1542.363555112359
0.19 69 1553.1627510465778
0.19 70 1548.2794506326582
0.19 71 1550.095694194
0.19 72 1551.8127771375466
0.19 73 1555.454452585402
0.19 74 1558.314153898
0.19 75 1562.0006071097441
0.19 76 1566.3119565824263
0.19 77 1565.195887892
0.19 78 1568.548016606284
0.19 79 1572.0158658401965
0.19 80 1572.0529948294402
0.19 81 1572.052964234445
0.19 82 1577.7156829599867
0.19 83 1580.779981031234
0.19 84 1555.454452579053
0.19 85 1542.3635551060243
0.19 86 1651.12624196046
0.19 87 1631.5251618434277
0.19 88 1631.5252085852962
0.19 89 1641.7728275589668
0.19 90 1631.525182037976
0.19 91 1625.5931265794857
0.19 92 1625.5931523041813
0.19 93 1631.525171610203
0.19 94 1631.5251944199695
0.19 95 1627.6105505363669
0.19 96 1631.5252001250092
0.19 97 1618.8539188467876
0.19 98 1625.5933870224728
0.19 99 1631.5221389180062
0.2 0 1363.3174563653172
0.2 1 1363.3174738749644
0.2 2 1467.3032728124078
0.2 3 1363.3174689690475
0.2 4 1363.3174680855916
0.2 5 1416.7186997485342
0.2 6 1383.4886288257348
0.2 7 1380.6406351227427
0.2 8 1384.903368832
0.2 9 1385.5754150757853
0.2 10 1388.8603137050302
0.2 11 1391.7166752565927
0.2 12 1392.1797153772118
0.2 13 1398.264190952
0.2 14 1398.1520699289365
0.2 15 1403.0533349758327
0.2 16 1412.158028936677
0.2 17 1410.9570885884905
0.2 18 1410.9260905786398
0.2 19 1412.1580303958608
0.2 20 1416.718747440207
0.2 21 1418.8954841661673
0.2 22 1422.5439447019444
0.2 23 1422.4778208654802
0.2 24 1422.543876637944
0.2 25 1416.7125720736758
0.2 26 1432.7439704183932
0.2 27 1434.803317050535
0.2 28 1435.2827031989364
0.2 29 1447.6984619773639
0.2 30 1447.5952551849625
0.2 31 1449.5960000209643
0.2 32 1447.6985224908055
0.2 33 1449.5961581026843
0.2 34 1453.0789406359206
0.2 35 1453.0789261208254
0.2 36 1449.5960784073736
0.2 37 1460.9149953308663
0.2 38 1462.834709838
0.2 39 1205.7040641396973
0.2 40 1470.4144645950553
0.2 41 1475.3500842477422
0.2 42 1474.105857824
0.2 43 1463.2771706663614
0.2 44 1479.5605893058014
0.2 45 1481.147614894
0.2 46 1483.4720129627412
0.2 47 1487.8364224537345
0.2 48 1490.689979102
0.2 49 1494.7338794796221
0.2 50 1496.5466008170936
0.2 51 1496.5466008154856
0.2 52 1572.0537907501237
0.2 53 1338.450127158863
0.2 54 1506.6161145269832
0.2 55 1508.644740944
0.2 56 1475.3029164641912
0.2 57 1513.53649688
0.2 58 1562.0006095211763
0.2 59 1517.7193723695777
0.2 60 1518.071181114574
0.2 61 1518.0711839490014
0.2 62 1531.0726899837277
0.2 63 1540.9296772812868
0.2 64 1532.2587761108484
0.2 65 1535.817987791695
0.2 66 1537.6048272861487
0.2 67 1539.386814506
0.2 68 1542.3635642860872
0.2 69 1553.146155946156
0.2 70 1548.2793634119237
0.2 71 1550.095694194
0.2 72 1551.8135483816136
0.2 73 1555.4544576900253
0.2 74 1558.314153898
0.2 75 1562.0006095166493
0.2 76 1566.2770401450516
0.2 77 1565.195887892
0.2 78 1568.5480673057498
0.2 79 1572.0167528763511
0.2 80 1572.0537529974513
0.2 81 1572.0537685725942
0.2 82 1577.715630672718
0.2 83 1580.7793360397961
0.2 84 1555.4544576977642
0.2 85 1542.3635642933857
0.2 86 1651.1262009818652
0.2 87 1631.5251786222523
0.2 88 1631.5251941233741
0.2 89 1641.7640410287802
0.2 90 1631.5251774624153
0.2 91 1625.591815074251
0.2 92 1625.5923363004692
0.2 93 1631.5251753758218
0.2 94 1631.5252075502806
0.2 95 1627.6105230722383
0.2 96 1631.52517966871
0.2 97 1618.8540610342784
0.2 98 1625.5919147442112
0.2 99 1631.5221884391262
0.21 0 1363.317126534839
0.21 1 1363.3171338231364
0.21 2 1467.2895310636102
0.21 3 1363.3171281153038
0.21 4 1363.3171271824333
0.21 5 1416.7188212361223
0.21 6 1383.4881825690218
0.21 7 1380.63852394507
0.21 8 1384.903368832
0.21 9 1385.5751999935717
0.21 10 1388.8466620689708
0.21 11 1391.460066033387
0.21 12 1392.1794805113198
0.21 13 1398.264190952
0.21 14 1398.1517999624828
0.21 15 1403.0510318844385
0.21 16 1412.1577598045592
0.21 17 1410.9571549063085
0.21 18 1410.9261800851916
0.21 19 1412.1577597415694
0.21 20 1416.718832230251
0.21 21 1418.8952195031172
0.21 22 1422.5437696979527
0.21 23 1422.5437697461014
0.21 24 1422.5438060024806
0.21 25 1403.0535238773366
0.21 26 1432.7418705761634
0.21 27 1434.8036308766582
0.21 28 1435.2834523556653
0.21 29 1447.6971145781076
0.21 30 1447.6976938384207
0.21 31 1449.5964485187594
0.21 32 1447.6976995315363
0.21 33 1449.5965925174637
0.21 34 1453.079224419601
0.21 35 1453.0792383201613
0.21 36 1449.596501178261
0.21 37 1460.9212484556647
0.21 38 1462.834709838
0.21 39 1500.6599978158401
0.21 40 1470.4144592321584
0.21 41 1475.3675488124684
0.21 42 1474.105857824
0.21 43 1463.2770921597992
0.21 44 1479.548890485271
0.21 45 1481.147614894
0.21 46 1483.4720050830642
0.21 47 1487.8334720260934
0.21 48 1490.689979102
0.21 49 1494.7342427212068
0.21 50 1496.5465971489896
0.21 51 1496.546597144751
0.21 52 1572.0545807183348
0.21 53 1338.4501209694356
0.21 54 1506.6161932317375
0.21 55 1508.644740944
0.21 56 1475.2485527376539
0.21 57 1513.53649688
0.21 58 1562.0006119297377
0.21 59 1517.7202042511378
0.21 60 1518.0716445913201
0.21 61 1518.071647420955
0.21 62 1531.0732542880062
0.21 63 1544.1027381587455
0.21 64 1532.259865250073
0.21 65 1535.8179978205355
0.21 66 1537.6041927468311
0.21 67 1539.386814506
0.21 68 1542.3635734661264
0.21 69 1553.1446949871133
0.21 70 1548.282717736734
0.21 71 1550.095694194
0.21 72 1551.8140884620514
0.21 73 1555.4544628030708
0.21 74 1558.314153898
0.21 75 1562.0006119231264
0.21 76 1566.248436167342
0.21 77 1565.195887892
0.21 78 1568.5479775857489
0.21 79 1572.017656730588
0.21 80 1572.0176256147276
0.21 81 1572.054609669409
0.21 82 1577.71525026409
0.21 83 1580.7784995008012
0.21 84 1555.4544628012184
0.21 85 1542.3635734668474
0.21 86 1651.1261599959146
0.21 87 1631.5252327957846
0.21 88 1631.5251753337448
0.21 89 1641.7552522253204
0.21 90 1631.5251726598356
0.21 91 1631.5252872399037
0.21 92 1625.5904638449633
0.21 93 1631.5252053672789
0.21 94 1631.5252424010039
0.21 95 1627.6104357396748
0.21 96 1631.5251748683127
0.21 97 1618.8541960896582
0.21 98 1625.5904767184652
0.21 99 1631.5222372318137
0.22 0 1363.3167857741241
0.22 1 1363.3168004224078
0.22 2 1467.276506144156
0.22 3 1363.3167873922866
0.22 4 1363.3167864052057
0.22 5 1416.7188946579574
0.22 6 1383.4870752932466
0.22 7 1380.0250788373241
0.22 8 1384.903368832
0.22 9 1385.5749848837643
0.22 10 1388.833337358206
0.22 11 1391.7412835106163
0.22 12 1392.1792455938498
0.22 13 1398.264190952
0.22 14 1398.1513072435203
0.22 15 1403.0218040976506
0.22 16 1412.1574906321864
0.22 17 1410.9571815307088
0.22 18 1410.9226529055218
0.22 19 1412.1574850110162
0.22 20 1416.7127119313507
0.22 21 1418.8949614367564
0.22 22 1422.54372875272
0.22 23 1422.5436873427584
0.22 24 1422.543671968481
0.22 25 1428.5458557462048
0.22 26 1432.7396986049298
0.22 27 1434.8039449496016
0.22 28 1435.2840009188683
0.22 29 1447.6967815657506
0.22 30 1447.696817688449
0.22 31 1449.5968968634857
0.22 32 1447.6967586140831
0.22 33 1449.597026774951
0.22 34 1453.079524128176
0.22 35 1453.0794860903104
0.22 36 1449.5969238464138
0.22 37 1460.922737629289
0.22 38 1462.834709838
0.22 39 1205.7333118395773
0.22 40 1470.4144532083571
0.22 41 1475.4118302510988
0.22 42 1474.105857824
0.22 43 1463.277125928914
0.22 44 1479.5379527018433
0.22 45 1481.147614894
0.22 46 1483.471998566452
0.22 47 1487.8352701856425
0.22 48 1490.689979102
0.22 49 1494.734611685175
0.22 50 1496.546593475125
0.22 51 1496.546593474953
0.22 52 1572.059045316885
0.22 53 1344.1169161304858
0.22 54 1506.6162806981345
0.22 55 1508.644740944
0.22 56 1475.4134944887403
0.22 57 1513.53649688
0.22 58 1562.0006143216826
0.22 59 1517.7209586152005
0.22 60 1518.07210810647
0.22 61 1518.072110931313
0.22 62 1531.0738187782758
0.22 63 1540.9486115842833
0.22 64 1532.260004391733
0.22 65 1535.818007865043
0.22 66 1537.6028113286118
0.22 67 1539.386814506
0.22 68 1542.3635826457905
0.22 69 1553.1446760281285
0.22 70 1548.28352764169
0.22 71 1550.095694194
0.22 72 1551.8148301644303
0.22 73 1555.454467918064
0.22 74 1558.314153898
0.22 75 1562.0006143265696
0.22 76 1565.9367506894107
0.22 77 1565.195887892
0.22 78 1568.5480058041699
0.22 79 1572.0185480940024
0.22 80 1572.0554958430612
0.22 81 1572.0554091984643
0.22 82 1577.7151984514112
0.22 83 1580.7778545715576
0.22 84 1555.4544679119592
0.22 85 1542.3635826435184
0.22 86 1651.126119014826
0.22 87 1631.5252086184628
0.22 88 1631.5251839400935
0.22 89 1641.7464606186206
0.22 90 1631.5252126042817
0.22 91 1627.5526884160513
0.22 92 1625.5890761807977
0.22 93 1631.5251797478236
0.22 94 1631.5252001228791
0.22 95 1627.6104118532755
0.22 96 1631.5251954301796
0.22 97 1618.854323416165
0.22 98 1625.589073649474
0.22 99 1631.522285415211
0.23 0 1363.3164451421035
0.23 1 1363.3164477918706
0.23 2 1467.2628773850256
0.23 3 1363.3164468000812
0.23 4 1363.3164457546022
0.23 5 1416.7189533459143
0.23 6 1383.486019236587
0.23 7 1380.0248153200944
0.23 8 1384.903368832
0.23 9 1385.5747697313634
0.23 10 1388.820200904143
0.23 11 1391.452671842
0.23 12 1392.1790106289372
0.23 13 1398.264190952
0.23 14 1398.1512419573576
0.23 15 1403.0489639675577
0.23 16 1412.157217973799
0.23 17 1410.9571894566836
0.23 18 1410.926390414344
0.23 19 1412.1572135905944
0.23 20 1416.7127733761677
0.23 21 1418.8946990963673
0.23 22 1422.5435809622309
0.23 23 1422.5436278904951
0.23 24 1422.4801639981654
0.23 25 1428.5465630772303
0.23 26 1432.7375247571988
0.23 27 1434.8042592694785
0.23 28 1435.2842181256499
0.23 29 1447.6958582462091
0.23 30 1447.6958933910569
0.23 31 1449.5973450546492
0.23 32 1447.695898561869
0.23 33 1449.597460874864
0.23 34 1453.0798141430766
0.23 35 1453.079797666265
0.23 36 1449.5973464136916
0.23 37 1460.9245650833152
0.23 38 1462.834709838
0.23 39 1260.4142908286194
0.23 40 1470.4144471273592
0.23 41 1475.438310889789
0.23 42 1474.105857824
0.23 43 1463.2770468502206
0.23 44 1479.5101943496682
0.23 45 1481.147614894
0.23 46 1483.4719910366653
0.23 47 1487.8350419761055
0.23 48 1490.689979102
0.23 49 1494.734979731923
0.23 50 1496.5465897904253
0.23 51 1496.546589788878
0.23 52 1572.0562943530463
0.23 53 1344.1168437224894
0.23 54 1506.6163623781429
0.23 55 1508.644740944
0.23 56 1475.4188636944252
0.23 57 1513.53649688
0.23 58 1562.0006167350275
0.23 59 1517.7217502393719
0.23 60 1518.072571659781
0.23 61 1518.0725744798308
0.23 62 1531.0743834546154
0.23 63 1540.9575478784145
0.23 64 1532.2607924188092
0.23 65 1535.818017891729
0.23 66 1537.6018070412222
0.23 67 1539.386814506
0.23 68 1542.3635918318919
0.23 69 1553.1444593107328
0.23 70 1548.2841537184224
0.23 71 1550.095694194
0.23 72 1551.8159122339894
0.23 73 1555.4544730185294
0.23 74 1558.314153898
0.23 75 1562.0006167254846
0.23 76 1565.9382042089364
0.23 77 1565.195887892
0.23 78 1568.5479807838235
0.23 79 1572.0194589791988
0.23 80 1572.0562630745935
0.23 81 1572.0562529047484
0.23 82 1577.7149411355867
0.23 83 1580.7772100044208
0.23 84 1555.454473017598
0.23 85 1542.363591836761
0.23 86 1651.1260780258158
0.23 87 1631.5252212466223
0.23 88 1631.525223788767
0.23 89 1641.7376667423919
0.23 90 1631.5252070442643
0.23 91 1627.5527419689674
0.23 92 1625.5878232729754
0.23 93 1631.525180293155
0.23 94 1631.52523481221
0.23 95 1627.6103590016264
0.23 96 1631.5252166913233
0.23 97 1618.8545049621453
0.23 98 1625.5876612883342
0.23 99 1631.5223329852397
0.24 0 1363.316094186945
0.24 1 1363.3161151612924
0.24 2 1467.2503084339826
0.24 3 1363.3161063387765
0.24 4 1363.3161052313908
0.24 5 1416.712850232454
0.24 6 1383.48526373252
0.24 7 1380.0249489613668
0.24 8 1384.903368832
0.24 9 1385.5745545410423
0.24 10 1388.807316563661
0.24 11 1391.7440785577814
0.24 12 1392.1787756212018
0.24 13 1398.264190952
0.24 14 1398.1487469748813
0.24 15 1403.0538293831037
0.24 16 1412.156944574695
0.24 17 1410.9572076184415
0.24 18 1410.926463664807
0.24 19 1412.156941516955
0.24 20 1416.7129069984258
0.24 21 1418.8944379905358
0.24 22 1422.543572405736
0.24 23 1422.8666557299825
0.24 24 1422.5434789589222
0.24 25 1428.2979297850425
0.24 26 1432.7353851069263
0.24 27 1434.804573836403
0.24 28 1435.2846067951482
0.24 29 1447.6945747277064
0.24 30 1447.6949208924987
0.24 31 1449.5977930917184
0.24 32 1447.6947135409732
0.24 33 1449.5972948309052
0.24 34 1453.080056529546
0.24 35 1453.0801092224142
0.24 36 1449.5977688823457
0.24 37 1460.9260238544714
0.24 38 1462.834709838
0.24 39 1294.1580404331385
0.24 40 1470.4144405978668
0.24 41 1475.4516166254718
0.24 42 1474.105857824
0.24 43 1463.276967238586
0.24 44 1479.4870982840948
0.24 45 1481.147614894
0.24 46 1483.4719822139098
0.24 47 1487.8336356974423
0.24 48 1490.689979102
0.24 49 1494.7353458532073
0.24 50 1496.5465861044804
0.24 51 1496.5465860996774
0.24 52 1572.0570691695236
0.24 53 1344.1167748389028
0.24 54 1506.6164439129377
0.24 55 1508.644740944
0.24 56 1475.4670391937086
0.24 57 1513.53649688
0.24 58 1562.0006191269015
0.24 59 1517.7225775809416
0.24 60 1518.0730352510082
0.24 61 1518.0730380662649
0.24 62 1531.0749483171028
0.24 63 1540.9661724071634
0.24 64 1532.2624437909915
0.24 65 1535.8180279293717
0.24 66 1537.6007417990459
0.24 67 1539.386814506
0.24 68 1542.3636010198902
0.24 69 1553.1454639344704
0.24 70 1548.2840569748826
0.24 71 1550.095694194
0.24 72 1551.8153383336328
0.24 73 1555.4544781238462
0.24 74 1558.314153898
0.24 75 1562.0006191323628
0.24 76 1565.9525742591181
0.24 77 1565.195887892
0.24 78 1568.547989426845
0.24 79 1572.0203405904363
0.24 80 1572.0571031170414
0.24 81 1572.0203255180807
0.24 82 1577.7150278720483
0.24 83 1580.7765011640968
0.24 84 1555.4544781224567
0.24 85 1542.3636010168013
0.24 86 1651.1260370505854
0.24 87 1631.5251913850223
0.24 88 1631.5252029760668
0.24 89 1641.7288703328295
0.24 90 1631.5251983865369
0.24 91 1627.552799542762
0.24 92 1625.5866363541543
0.24 93 1631.5252075504768
0.24 94 1631.5252306964219
0.24 95 1627.6103387249664
0.24 96 1631.5252365616739
0.24 97 1618.854606658781
0.24 98 1625.586549507882
0.24 99 1631.5223799967455
0.25 0 1363.3157642640062
0.25 1 1363.3157761536345
0.25 2 1466.836961354346
0.25 3 1363.315766008467
0.25 4 1363.3157516529855
0.25 5 1416.7191422880614
0.25 6 1383.4846419729793
0.25 7 1380.02663898724
0.25 8 1384.903368832
0.25 9 1385.5743393088362
0.25 10 1388.7949841986092
0.25 11 1391.7659194905966
0.25 12 1392.1785405654575
0.25 13 1398.264190952
0.25 14 1398.1497570871543
0.25 15 1403.0520010255386
0.25 16 1412.1566725753578
0.25 17 1410.9572444772934
0.25 18 1410.9265461779178
0.25 19 1412.156674883312
0.25 20 1416.7129683050136
0.25 21 1418.8941750791378
0.25 22 1422.5433831760856
0.25 23 1422.5433647599718
0.25 24 1422.5433428919082
0.25 25 1428.3037145530664
0.25 26 1432.7332803191193
0.25 27 1434.804888650489
0.25 28 1435.28503924922
0.25 29 1447.6939573812308
0.25 30 1447.6939246441036
0.25 31 1449.5982409743356
0.25 32 1447.694072701213
0.25 33 1449.5977275281944
0.25 34 1453.0804070518293
0.25 35 1453.0802911388682
0.25 36 1449.5981912519258
0.25 37 1460.9274370115966
0.25 38 1462.834709838
0.25 39 952.8109730877467
0.25 40 1470.4144349872972
0.25 41 1475.4782098728524
0.25 42 1474.105857824
0.25 43 1463.2768867005325
0.25 44 1479.4680717029098
0.25 45 1481.147614894
0.25 46 1483.471976017945
0.25 47 1487.836154248563
0.25 48 1490.689979102
0.25 49 1494.735711915138
0.25 50 1496.5465824049625
0.25 51 1496.546582393363
0.25 52 1572.0579365686667
0.25 53 1344.116700607282
0.25 54 1506.6165244064384
0.25 55 1508.644740944
0.25 56 1475.4895913276498
0.25 57 1513.53649688
0.25 58 1562.0006215294254
0.25 59 1517.7233888956353
0.25 60 1518.0734988799081
0.25 61 1518.0735016903716
0.25 62 1531.0755133658176
0.25 63 1540.974477105245
0.25 64 1532.2608512131949
0.25 65 1535.818037969577
0.25 66 1537.5998078104146
0.25 67 1539.386814506
0.25 68 1542.3636102026426
0.25 69 1553.1457104799981
0.25 70 1548.2861163711495
0.25 71 1550.095694194
0.25 72 1551.817162028716
0.25 73 1555.4544832306594
0.25 74 1558.314153898
0.25 75 1562.0006215266417
0.25 76 1565.9408805399867
0.25 77 1565.195887892
0.25 78 1568.5479793867016
0.25 79 1572.021178674551
0.25 80 1572.0579469092165
0.25 81 1572.0212112225188
0.25 82 1577.7148350217512
0.25 83 1580.7758246701926
0.25 84 1555.4544832333038
0.25 85 1542.3636101989118
0.25 86 1651.1259960698676
0.25 87 1631.5252008990674
0.25 88 1631.525207563585
0.25 89 1641.7200712711156
0.25 90 1631.5251871217913
0.25 91 1627.6806332005053
0.25 92 1625.5850005498778
0.25 93 1631.5252340582188
0.25 94 1631.5251979871157
0.25 95 1627.6102588025642
0.25 96 1631.5251927845627
0.25 97 1618.854791463714
0.25 98 1625.5848990492675
0.25 99 1631.52242633147
0.26 0 1363.315413893057
0.26 1 1363.3154374471253
0.26 2 1466.8383036122596
0.26 3 1363.3154258092525
0.26 4 1363.3154179449023
0.26 5 1418.8939150160531
0.26 6 1383.483575154136
0.26 7 1380.0236942732377
0.26 8 1384.903368832
0.26 9 1385.574124040811
0.26 10 1388.7824396621106
0.26 11 1391.452671842
0.26 12 1392.1783054537955
0.26 13 1398.264190952
0.26 14 1398.1497645832228
0.26 15 1403.0372662799396
0.26 16 1412.1564006171884
0.26 17 1410.9573037819066
0.26 18 1410.9266463878841
0.26 19 1412.1563974836065
0.26 20 1416.7130178091752
0.26 21 1418.893912427761
0.26 22 1422.5432589011864
0.26 23 1422.5433055106516
0.26 24 1422.5432808621788
0.26 25 1428.548677373253
0.26 26 1432.7311014708732
0.26 27 1434.8052037118496
0.26 28 1435.285929352385
0.26 29 1447.6930350941748
0.26 30 1447.6931478277147
0.26 31 1449.5986887019048
0.26 32 1447.69164209
0.26 33 1449.59816006773
0.26 34 1453.0806696475286
0.26 35 1453.08066628037
0.26 36 1449.5986135235203
0.26 37 1460.9192319110778
0.26 38 1462.834709838
0.26 39 1338.450099863165
0.26 40 1470.414428861016
0.26 41 1475.5138259489956
0.26 42 1473.662610683314
0.26 43 1463.276131267368
0.26 44 1479.4599031096552
0.26 45 1481.147614894
0.26 46 1483.4719672941155
0.26 47 1487.8362941226915
0.26 48 1490.689979102
0.26 49 1494.7360789033285
0.26 50 1496.546578699069
0.26 51 1496.5465786958657
0.26 52 1572.0587839248515
0.26 53 1346.23740276162
0.26 54 1506.6166072207056
0.26 55 1508.644740944
0.26 56 1475.510755284807
0.26 57 1513.53649688
0.26 58 1562.0006239187974
0.26 59 1518.0739620845648
0.26 60 1518.073962546237
0.26 61 1518.073965351907
0.26 62 1531.0760786008375
0.26 63 1540.9828153845683
0.26 64 1532.26271494932
0.26 65 1535.8180480060175
0.26 66 1537.5986588906917
0.26 67 1539.386814506
0.26 68 1542.3636193907766
0.26 69 1553.1462635166783
0.26 70 1548.2877104049983
0.26 71 1550.095694194
0.26 72 1551.8182650973527
0.26 73 1555.4544883364724
0.26 74 1558.314153898
0.26 75 1562.0006239245906
0.26 76 1565.9423714400466
0.26 77 1565.195887892
0.26 78 1568.548014385091
0.26 79 1572.0220953861751
0.26 80 1572.0587718717038
0.26 81 1572.058830981964
0.26 82 1577.714175864107
0.26 83 1580.775115774745
0.26 84 1555.4544883339083
0.26 85 1542.3636193879843
0.26 86 1651.1259550868015
0.26 87 1619.3538726717027
0.26 88 1631.5251860845808
0.26 89 1631.5252220321818
0.26 90 1631.5252016937757
0.26 91 1627.610242969012
0.26 92 1625.5835622970592
0.26 93 1631.5252029586786
0.26 94 1631.525236886616
0.26 95 1627.6102114268758
0.26 96 1631.5252079174518
0.26 97 1618.8549306881068
0.26 98 1625.583550023139
0.26 99 1631.522472040803
0.27 0 1363.3150839002637
0.27 1 1363.3150990611657
0.27 2 1466.8384968300122
0.27 3 1363.315085741237
0.27 4 1363.3150811610965