0.05 0 1089.3978435436816
0.05 1 1089.3978663287355
0.05 2 1094.8732844809756
0.05 3 1098.995135126
0.05 4 1103.0414886394215
0.05 5 1103.2977055931117
0.05 6 1107.529944238
0.05 7 1103.9267381559503
0.05 8 1089.3978740645148
0.05 9 1116.7533313816177
0.05 10 1105.8291537078876
0.05 11 1100.4439472065324
0.05 12 1125.118415232
0.05 13 1177.2709243954228
0.05 14 1156.0118815091748
0.05 15 1133.2534029684266
0.05 16 1153.853105892759
0.05 17 1149.643394034794
0.05 18 1089.397866309747
0.05 19 1150.2305084328798
0.05 20 1150.8470161184891
0.05 21 1166.4794635455987
0.05 22 1154.078897232367
0.05 23 1155.2221453316872
0.05 24 1159.7038714392143
0.05 25 1160.1286493405998
0.05 26 1166.22967321388
0.05 27 1166.4794635507767
0.05 28 1168.4456551679405
0.05 29 1171.747221312725
0.05 30 1171.7472194340385
0.05 31 1177.2709290278613
0.05 32 1177.27092349304
0.05 33 1177.2709232328145
0.05 34 1185.1427166
0.05 35 1171.7472180875877
0.05 36 1198.3985753986985
0.05 37 1192.0641054416249
0.05 38 1198.3960130526677
0.05 39 1198.3985568967382
0.05 40 1205.0714819877578
0.05 41 1205.158335772
0.05 42 1205.0715794243624
0.05 43 1205.0715199580152
0.05 44 2435.962056522621
0.05 45 1216.9288447413153
0.05 46 1223.7823234731284
0.05 47 1224.1562392519845
0.05 48 1223.548419242
0.05 49 903.6471146707025
0.05 50 1230.4310069774183
0.05 51 1230.431006980562
0.05 52 1236.874057126443
0.05 53 1236.8740571245487
0.05 54 1240.545787344
0.05 55 1254.3898122901978
0.05 56 1256.237849927309
0.05 57 1254.3899063375993
0.05 58 1252.0385090862085
0.05 59 1254.7931671283623
0.05 60 1256.2378523991422
0.05 61 1260.4140136499848
0.05 62 1261.3618885283026
0.05 63 1273.3878091110146
0.05 64 1267.093716504
0.05 65 1273.387618471411
0.05 66 1266.0060740697397
0.05 67 1273.3876863067867
0.05 68 1273.387678891232
0.05 69 1254.7931671254878
0.05 70 1304.771429525261
0.05 71 1294.162622481857
0.05 72 1294.1625946060901
0.05 73 1294.1626618238513
0.05 74 1294.162637264565
0.05 75 1294.1626597809375
0.05 76 1297.7535905944642
0.05 77 1301.5076422307297
0.05 78 1307.102688000364
0.05 79 1304.7716109916719
0.05 80 1323.4635649893878
0.05 81 1339.7101494613278
0.05 82 1346.239470304918
0.05 83 1307.1026880092413
0.05 84 1321.3757725521639
0.05 85 1326.26162176306
0.05 86 1304.7717474212166
0.05 87 1332.7832752819158
0.05 88 1333.1847781613853
0.05 89 1333.1847781622116
0.05 90 1338.4502046263865
0.05 91 1339.7101494514259
0.05 92 1344.1181371747289
0.05 93 1346.2394703061814
0.05 94 1344.1181388155296
0.05 95 1352.279348728
0.05 96 1349.7742330724745
0.05 97 1349.7742351713155
0.05 98 1363.3225967206033
0.05 99 1363.322596662002
0.05 100 1363.3225971878194
0.05 101 1470.4145653154403
0.05 102 1363.3225974165541
0.05 103 1363.322598892075
0.05 104 1416.7114052800496
0.05 105 1383.5013184876211
0.05 106 1380.6733430318925
0.05 107 1384.903368832
0.05 108 1385.578636463907
0.05 109 1435.2758167106688
0.05 110 1391.598110366103
0.05 111 1392.1832324359852
0.05 112 1398.264190952
0.05 113 1398.0599842144538
0.05 114 1403.0471805376735
0.05 115 1412.16209465663
0.05 116 1410.8926638941189
0.05 117 1410.892694743382
0.05 118 1412.1620976940535
0.05 119 1416.7114001283605
0.05 120 1418.8993914056405
0.05 121 1422.5455257010328
0.05 122 1422.5455728289246
0.05 123 1422.8815109969764
0.05 124 1428.165543642
0.05 125 1432.7758806229615
0.05 126 1434.7986391999486
0.05 127 1435.2759406405096
0.05 128 1443.4918663780786
0.05 129 1447.7112451957985
0.05 130 1449.58960790054
0.05 131 1447.7121322406745
0.05 132 1449.589622919772
0.05 133 1453.074469846289
0.05 134 1453.0745238014085
0.05 135 1449.5897239548424
0.05 136 1460.832964246
0.05 137 1462.834709838
0.05 138 1177.2709239355954
0.05 139 1470.414555552781
0.05 140 1470.4145652079421
0.05 141 1474.105857824
0.05 142 1463.2781094804777
0.05 143 1481.0292398907982
0.05 144 1494.5188772516697
0.05 145 1483.4721279642538
0.05 146 1490.0074701944338
0.05 147 1490.689979102
0.05 148 1494.5189567968437
0.06 0 1089.3980609314592
0.06 1 1089.3980625675015
0.06 2 1094.8734634375576
0.06 3 1098.995135126
0.06 4 1103.0415287318556
0.06 5 1103.301199117136
0.06 6 1107.529944238
0.06 7 1103.9254583657491
0.06 8 1084.0659432107777
0.06 9 1116.5140961469792
0.06 10 1105.829327043677
0.06 11 1100.3574270976483
0.06 12 1125.118415232
0.06 13 1159.7127050659535
0.06 14 1156.0113968738422
0.06 15 1133.2535291677161
0.06 16 1153.8535228586886
0.06 17 1149.6417817224772
0.06 18 1089.3980640858329
0.06 19 1150.2305728047527
0.06 20 1150.8467845523446
0.06 21 1166.4795046567253
0.06 22 1154.0793326911555
0.06 23 1155.2223229768767
0.06 24 1158.5025509131067
0.06 25 1160.1287000828402
0.06 26 1166.2297796607666
0.06 27 1166.4795046603629
0.06 28 1168.4455439674318
0.06 29 1171.7473133632373
0.06 30 1171.7473065565662
0.06 31 1177.2710028025167
0.06 32 1177.271002163141
0.06 33 1177.2710054616127
0.06 34 1185.1427166
0.06 35 1171.7473087434894
0.06 36 1192.0638647390406
0.06 37 1192.079784509596
0.06 38 1198.4275379826558
0.06 39 1198.4276451774954
0.06 40 1205.0711044006478
0.06 41 1205.158335772
0.06 42 1205.0712078176084
0.06 43 1205.0710812659931
0.06 44 -136.30900581466477
0.06 45 1216.9270221345519
0.06 46 1223.7828223429292
0.06 47 1224.153752581193
0.06 48 1223.548419242
0.06 49 903.6476034068301
0.06 50 1230.4310083764726
0.06 51 1230.4310083768526
0.06 52 1236.8740634946198
0.06 53 1236.874063490178
0.06 54 1240.545787344
0.06 55 1254.3957261677142
0.06 56 1256.2377872596046
0.06 57 1254.3956908439177
0.06 58 1232.5264227347511
0.06 59 1254.793290643843
0.06 60 1256.237801092226
0.06 61 1260.414063209502
0.06 62 1261.362001437166
0.06 63 1273.3877065142808
0.06 64 1267.093716504
0.06 65 1273.3876651217106
0.06 66 1266.0059707019154
0.06 67 1273.387702692292
0.06 68 1273.3877235419814
0.06 69 1254.7932906417452
0.06 70 1304.7718851140394
0.06 71 1294.162394665445
0.06 72 1294.1624028443714
0.06 73 1294.1624084074797
0.06 74 1294.16240420994
0.06 75 1294.162404409522
0.06 76 1297.7532301299618
0.06 77 1301.5070235759872
0.06 78 1307.1026921233663
0.06 79 1304.7717594252445
0.06 80 1323.461068700936
0.06 81 1339.7100687727745
0.06 82 1346.2393719593315
0.06 83 1307.1026921504704
0.06 84 1321.375164860493
0.06 85 1326.2531595032185
0.06 86 1304.7719252302443
0.06 87 1332.783335935842
0.06 88 1333.184714786219
0.06 89 1333.1847147845376
0.06 90 1338.450193737764
0.06 91 1339.7100687688383
0.06 92 1344.118057747416
0.06 93 1346.239371967791
0.06 94 1344.118066002724
0.06 95 1326.2541318253611
0.06 96 1349.7740967139648
0.06 97 1349.7740944552506
0.06 98 1363.322253922948
0.06 99 1363.322261468454
0.06 100 1363.3222544007758
0.06 101 1470.4145365000202
0.06 102 1363.3222546095224
0.06 103 1363.322269880551
0.06 104 1416.7175773834997
0.06 105 1383.5004881081459
0.06 106 1380.6711979137049
0.06 107 1384.903368832
0.06 108 1385.578421986586
0.06 109 1435.5569224451394
0.06 110 1391.6058661408638
0.06 111 1392.1829983022221
0.06 112 1398.264190952
0.06 113 1398.0701931329797
0.06 114 1403.0454407537509
0.06 115 1412.1618232773533
0.06 116 1410.9061018693867
0.06 117 1410.9060939100727
0.06 118 1412.1618223182684
0.06 119 1416.7114869793638
0.06 120 1418.899129404583
0.06 121 1422.5454068274364
0.06 122 1422.8808949418299
0.06 123 1422.5454433346836
0.06 124 1428.165543642
0.06 125 1432.7737494697517
0.06 126 1434.7989493373789
0.06 127 1435.2766351194766
0.06 128 1443.4887838984444
0.06 129 1447.7113818585372
0.06 130 1449.5900603557864
0.06 131 1447.7112889086711
0.06 132 1449.5900597075083
0.06 133 1453.0747955510487
0.06 134 1453.0747775038233
0.06 135 1449.590148372769
0.06 136 1460.832964246
0.06 137 1462.834709838
0.06 138 1177.2710000274035
0.06 139 1470.4145495661871
0.06 140 1470.4145691634187
0.06 141 1474.105857824
0.06 142 1463.2782588602372
0.06 143 1481.0404719725814
0.06 144 1494.7287243559615
0.06 145 1483.4721200005952
0.06 146 1490.0074640523976
0.06 147 1490.689979102
0.06 148 1494.7287233860961
0.07 0 1089.3982653958399
0.07 1 1089.3982580798015
0.07 2 1094.8736615240482
0.07 3 1098.995135126
0.07 4 1103.0415688446205
0.07 5 1103.3049091210105
0.07 6 1105.8294909127162
0.07 7 1103.9245404343196
0.07 8 1084.0559447743817
0.07 9 1116.7492462883902
0.07 10 1105.8294948155535
0.07 11 1100.357928365355
0.07 12 1125.118415232
0.07 13 1159.7193640592384
0.07 14 1154.0800200502242
0.07 15 1133.2536606417852
0.07 16 1155.222568439191
0.07 17 1149.6395691078778
0.07 18 1078.4519369520344
0.07 19 1150.230634887312
0.07 20 1150.8471263224212
0.07 21 1166.4795457457428
0.07 22 1153.8484657173478
0.07 23 1155.222540739738
0.07 24 1159.7235142649226
0.07 25 1160.1287508114808
0.07 26 1166.2298868201888
0.07 27 1166.479545744796
0.07 28 1168.445432730604
0.07 29 1171.7474022495066
0.07 30 1171.747403505594
0.07 31 1177.2710810735382
0.07 32 1177.2710847056585
0.07 33 1183.4517337647965
0.07 34 1185.1427166
0.07 35 1171.7474084005771
0.07 36 1198.4545281685664
0.07 37 1192.0980322191947
0.07 38 1198.4545554246106
0.07 39 1199.09145736092
0.07 40 1205.0707404670968
0.07 41 1205.158335772
0.07 42 1205.0708369150427
0.07 43 1205.0707020500856
0.07 44 2049.555270873501
0.07 45 1216.9266634514422
0.07 46 1223.7825083295427
0.07 47 1224.151306860606
0.07 48 1223.548419242
0.07 49 903.6477097436497
0.07 50 1230.4310097558057
0.07 51 1230.4310097602145
0.07 52 1236.8740698465779
0.07 53 1236.8740698474865
0.07 54 1240.545787344
0.07 55 1254.4013272523039
0.07 56 1256.2377694521697
0.07 57 1254.4013652363246
0.07 58 1226.6696712879648
0.07 59 1254.7934141867981
0.07 60 1256.2377690235603
0.07 61 1260.4140588489543
0.07 62 1261.3621143595212
0.07 63 1273.3878428090866
0.07 64 1267.093716504
0.07 65 1273.3877732642413
0.07 66 1266.005851994251
0.07 67 1273.3877955356772
0.07 68 1273.3877497330511
0.07 69 1254.7934141829703
0.07 70 1304.7718982149408
0.07 71 1294.1621936981712
0.07 72 1294.1622112643977
0.07 73 1294.1623233789426
0.07 74 1294.162197485149
0.07 75 1294.162186879139
0.07 76 1297.7530009576014
0.07 77 1301.5064525611695
0.07 78 1307.1026962481849
0.07 79 1304.7718669655028
0.07 80 1323.4517078132444
0.07 81 1339.7099880747905
0.07 82 1346.2392736012118
0.07 83 1307.1026962402636
0.07 84 1321.372394706099
0.07 85 1326.2455335952345
0.07 86 1304.7720324264594
0.07 87 1332.7833933023403
0.07 88 1333.1846514037563
0.07 89 1333.1846514057113
0.07 90 1338.0909102690275
0.07 91 1339.7099880799503
0.07 92 1344.1179934875797
0.07 93 1346.2392736035472
0.07 94 1344.1179902556642
0.07 95 1352.279348728
0.07 96 1349.7739597662544
0.07 97 1349.7739605784002
0.07 98 1363.3219112628894
0.07 99 1363.3219110895325
0.07 100 1363.321911750327
0.07 101 1470.414501351343
0.07 102 1363.3219272155095
0.07 103 1363.3219115154952
0.07 104 1416.717653687308
0.07 105 1383.499624398443
0.07 106 1380.6689719787598
0.07 107 1384.903368832
0.07 108 1385.5782074574615
0.07 109 1435.2767350581596
0.07 110 1391.6163641580592
0.07 111 1392.1827641308666
0.07 112 1398.264190952
0.07 113 1398.0778594846013
0.07 114 1403.0474615701598
0.07 115 1412.1615534883447
0.07 116 1410.9192278408595
0.07 117 1410.9123741000715
0.07 118 1412.1615527296408
0.07 119 1416.7115636216704
0.07 120 1418.8988739969623
0.07 121 1422.5452835206866
0.07 122 1422.5453639027496
0.07 123 1422.8799039525143
0.07 124 1428.165543642
0.07 125 1432.7716453248715
0.07 126 1434.7992597199295
0.07 127 1435.2773614870775
0.07 128 1443.4857064839555
0.07 129 1447.7100135501062
0.07 130 1449.5905126658508
0.07 131 1447.7102255647474
0.07 132 1449.5904963366659
0.07 133 1453.0751176702013
0.07 134 1453.0750625414423
0.07 135 1449.5905726742224
0.07 136 1460.832964246
0.07 137 1462.834709838
0.07 138 1177.271084592568
0.07 139 1470.4145435247303
0.07 140 1470.4145618612326
0.07 141 1474.105857824
0.07 142 1463.2782103906932
0.07 143 1481.0502634292695
0.07 144 1494.7290911888078
0.07 145 1483.4721134040867
0.07 146 1490.0074579087907
0.07 147 1490.689979102
0.07 148 1494.7290919582624
0.08 0 1089.3984574306858
0.08 1 1089.3984526033444
0.08 2 1094.8738549139005
0.08 3 1098.995135126
0.08 4 1103.0416089764417
0.08 5 1103.3085924715847
0.08 6 1107.529944238
0.08 7 1103.9253737423464
0.08 8 1084.0461428908168
0.08 9 1116.5165631033335
0.08 10 1105.8296768292898
0.08 11 1100.358463367648
0.08 12 1125.118415232
0.08 13 1159.732398471978
0.08 14 1155.2227960150667
0.08 15 1133.253794682912
0.08 16 1154.080468061686
0.08 17 1149.637339146555
0.08 18 1087.9774474103542
0.08 19 1150.2301959360866
0.08 20 1150.8469476671482
0.08 21 1166.479586823736
0.08 22 1153.8542731598343
0.08 23 1155.3432093517388
0.08 24 1159.7333664954601
0.08 25 1160.128801521503
0.08 26 1166.2299857468272
0.08 27 1166.4795868228098
0.08 28 1168.4453214455932
0.08 29 1171.747496252118
0.08 30 1171.747501999978
0.08 31 1177.2711591886755
0.08 32 1177.2711581848332
0.08 33 1175.5361294752483
0.08 34 1184.793325467191
0.08 35 1171.74751228109
0.08 36 1198.479606680934
0.08 37 1192.1132834135658
0.08 38 1198.479619161371
0.08 39 1199.0916766970058
0.08 40 1205.0704222404268
0.08 41 1205.158335772
0.08 42 1205.0703705487276
0.08 43 1205.0703230295242
0.08 44 3161.24114418842
0.08 45 1216.9253407499923
0.08 46 1223.8488169988698
0.08 47 1224.1488409613526
0.08 48 1223.548419242
0.08 49 903.6483609311464
0.08 50 1230.431011121053
0.08 51 1230.4310111144816
0.08 52 1236.8740761824458
0.08 53 1236.8740761831746
0.08 54 1240.545787344
0.08 55 1254.4071328317314
0.08 56 1256.2377294476112
0.08 57 1254.4073970526122
0.08 58 1251.8224454652075
0.08 59 1254.7935377625868
0.08 60 1256.2377000230097
0.08 61 1260.4140708402615
0.08 62 1261.362227319827
0.08 63 1273.387819478799
0.08 64 1267.093716504
0.08 65 1273.3878704749275
0.08 66 1266.005944733419
0.08 67 1273.3878080162524
0.08 68 1273.3877831955185
0.08 69 1254.7935377611846
0.08 70 1320.7668838071415
0.08 71 1294.1619657568324
0.08 72 1294.1619749807742
0.08 73 1294.1620697064773
0.08 74 1294.1619647495224
0.08 75 1294.1620072993232
0.08 76 1297.7525745601577
0.08 77 1301.506069297058
0.08 78 1307.1027012243965
0.08 79 1304.7720594602672
0.08 80 1323.447660735078
0.08 81 1339.7099073723302
0.08 82 1346.2391752301546
0.08 83 1307.102700364601
0.08 84 1321.37176427368
0.08 85 1326.237779494299
0.08 86 1304.772278552234
0.08 87 1332.7834565810504
0.08 88 1333.18458801684
0.08 89 1333.1845880157396
0.08 90 1338.450187702419
0.08 91 1339.7099073747947
0.08 92 1344.1179259357073
0.08 93 1346.2391752349515
0.08 94 1344.1179236672228
0.08 95 1352.279348728
0.08 96 1349.77382071801
0.08 97 1349.7738240023784
0.08 98 1363.3215687343466
0.08 99 1363.3215684944303
0.08 100 1363.3215692377512
0.08 101 1470.4145443375762
0.08 102 1363.3215693851603
0.08 103 1363.3215697617413
0.08 104 1416.7116358847798
0.08 105 1383.4995802763474
0.08 106 1380.6667981678243
0.08 107 1384.903368832
0.08 108 1385.5779928933232
0.08 109 1389.0549898765905
0.08 110 1391.6252776011224
0.08 111 1392.1825299116265
0.08 112 1398.264190952
0.08 113 1398.0898198090201
0.08 114 1403.0499505395646
0.08 115 1412.1612830229487
0.08 116 1410.9251201008208
0.08 117 1410.9235869541149
0.08 118 1412.1612828528075
0.08 119 1416.7177781438716
0.08 120 1418.8986145098766
0.08 121 1422.5452072917426
0.08 122 1422.5452018321469
0.08 123 1422.8792724375621
0.08 124 1428.165543642
0.08 125 1432.7695120825647
0.08 126 1434.799570347714
0.08 127 1435.277345383591
0.08 128 1443.4826341149978
0.08 129 1447.7093304945217
0.08 130 1449.5909648299778
0.08 131 1447.7089376394763
0.08 132 1449.5909328070816
0.08 133 1453.0752928784439
0.08 134 1453.0753472018152
0.08 135 1449.590996860833
0.08 136 1460.832964246
0.08 137 1462.834709838
0.08 138 1193.8593357358363
0.08 139 1470.4145378823875
0.08 140 1470.4145426954562
0.08 141 1474.105857824
0.08 142 1463.27813450057
0.08 143 1481.06034885335
0.08 144 1494.7294547911538
0.08 145 1483.472104671844
0.08 146 1490.0074517596488
0.08 147 1490.689979102
0.08 148 1494.7294589251521
0.09 0 1089.3986608202033
0.09 1 1089.3986478086294
0.09 2 1094.8740404107746
0.09 3 1098.995135126
0.09 4 1103.041649129169
0.09 5 1103.311931795371
0.09 6 1107.529944238
0.09 7 1103.9260555644798
0.09 8 1084.036344044114
0.09 9 1116.5186121334941
0.09 10 1105.8298380359154
0.09 11 1100.358999268823
0.09 12 1125.118415232
0.09 13 1166.230097883606
0.09 14 1154.0807133537007
0.09 15 1133.2539235412999
0.09 16 1153.855146347412
0.09 17 1149.6349224579762
0.09 18 1089.3986505291193
0.09 19 1150.2297551306149
0.09 20 1150.8459966639766
0.09 21 1166.4796278792198
0.09 22 1153.853889077458
0.09 23 1155.2230212985476
0.09 24 1159.7427875045892
0.09 25 1160.1288522186176
0.09 26 1166.2300929944151
0.09 27 1166.4796278808712
0.09 28 1168.4452101137588
0.09 29 1171.7475953862827
0.09 30 1171.7475900325778
0.09 31 1177.271238553236
0.09 32 1177.271235932336
0.09 33 1175.53651021166
0.09 34 1185.1427166
0.09 35 1171.7476058573493
0.09 36 1193.8549664798718
0.09 37 1192.116603874053
0.09 38 1198.5029853023925
0.09 39 1199.0920950022567
0.09 40 1205.0699188892313
0.09 41 1205.158335772
0.09 42 1205.0699528963023
0.09 43 1205.0699738818123
0.09 44 2926.087978073587
0.09 45 1216.9241160018614
0.09 46 1223.7842714260692
0.09 47 1224.1463752503296
0.09 48 1223.548419242
0.09 49 903.6486877427477
0.09 50 1230.4310124602796
0.09 51 1230.431012469332
0.09 52 1236.8740825046903
0.09 53 1236.8740825083398
0.09 54 1240.545787344
0.09 55 1254.411548226957
0.09 56 1256.237663676183
0.09 57 1254.4127795071638
0.09 58 1251.826116227083
0.09 59 1254.7936613756478
0.09 60 1256.2376589181108
0.09 61 1260.4140763342473
0.09 62 1261.36234030514
0.09 63 1273.3878761379751
0.09 64 1267.093716504
0.09 65 1273.38785252825
0.09 66 1266.0059488604581
0.09 67 1273.3878518631989
0.09 68 1273.3878512089532
0.09 69 1254.7936613765391
0.09 70 1304.7723080760845
0.09 71 1294.1617646518994
0.09 72 1294.1617612006598
0.09 73 1294.161815976599
0.09 74 1294.1617585848373
0.09 75 1294.161751868552
0.09 76 1297.7522201388424
0.09 77 1301.5053120705434
0.09 78 1307.1027051554488
0.09 79 1304.7721124328796
0.09 80 1323.4371523603236
0.09 81 1339.7098266650185
0.09 82 1346.2390768557239
0.09 83 1307.1027044862587
0.09 84 1321.3690147994805
0.09 85 1326.230228950645
0.09 86 1304.7721934304086
0.09 87 1332.7835090761942
0.09 88 1333.184524622782
0.09 89 1333.1845246206926
0.09 90 1338.4501829821684
0.09 91 1339.7098266619107
0.09 92 1344.1178491549574
0.09 93 1346.2390768549396
0.09 94 1344.1178480515143
0.09 95 1352.279348728
0.09 96 1349.7736825377972
0.09 97 1349.773681725153
0.09 98 1363.3212263319208
0.09 99 1363.321226026614
0.09 100 1363.3212268645202
0.09 101 1470.4144966626566
0.09 102 1363.3212269679025
0.09 103 1363.321226972184
0.09 104 1416.7178782685826
0.09 105 1383.49813666518
0.09 106 1380.6660408773998
0.09 107 1384.903368832
0.09 108 1385.5777782866126
0.09 109 1389.03615749497
0.09 110 1410.9252061183122
0.09 111 1392.182295629265
0.09 112 1398.264190952
0.09 113 1398.099353483495
0.09 114 1403.0453672612098
0.09 115 1412.161010147318
0.09 116 1410.9251737862207
0.09 117 1410.92511056588
0.09 118 1412.1610171027953
0.09 119 1416.7178297833357
0.09 120 1418.8983530460685
0.09 121 1422.5451331860247
0.09 122 1422.5450882436392
0.09 123 1422.5450734550932
0.09 124 1428.165543642
0.09 125 1432.767406553954
0.09 126 1434.7998812208452
0.09 127 1435.277746398633
0.09 128 1443.500934555495
0.09 129 1447.7086184963434
0.09 130 1449.5914168481297
0.09 131 1447.7078348778298
0.09 132 1449.5913691185829
0.09 133 1453.0756791600152
0.09 134 1453.0756943960334
0.09 135 1449.5914209315004
0.09 136 1460.832964246
0.09 137 1462.834709838
0.09 138 1183.7349606854732
0.09 139 1470.4145318255844
0.09 140 1470.41454817686
0.09 141 1474.105857824
0.09 142 1463.2778028741704
0.09 143 1481.0665754908005
0.09 144 1494.7298308184163
0.09 145 1483.472096050175
0.09 146 1487.790026284
0.09 147 1490.689979102
0.09 148 1494.7298253080448
