0.44668017023706746
0.44502655534475644
0.3042748526669575
1.3778139406356335e-07
5.1020013390245705e-70
0.1 0 1089.3988398295246
0.1 1 1089.3988559060956
0.1 2 1089.3988460345797
0.1 3 1094.8742329466486
0.1 4 1098.995135126
0.1 5 1103.041689295226
0.1 6 1103.3158785548428
0.1 7 1105.8300076114865
0.1 8 1103.926587504315
0.1 9 1084.0497335031139
0.1 10 1116.7433800923784
0.1 11 1105.8300022531032
0.1 12 1103.0416892982057
0.1 13 1125.118415232
0.1 14 1158.361893636387
0.1 15 1155.223244597391
0.1 16 1133.254055517571
0.1 17 1153.8484311013551
0.1 18 1149.6324927802152
0.1 19 1084.026326619301
0.1 20 1150.2298107737897
0.1 21 1150.8455821317561
0.1 22 1166.479668918295
0.1 23 1154.0811256446118
0.1 24 1155.2232891725657
0.1 25 1159.752260161363
0.1 26 1160.1289029028467
0.1 27 1166.2302013746796
0.1 28 1166.4796689199925
0.1 29 1168.445098744
0.1 30 1171.7476942241967
0.1 31 1171.7476804495157
0.1 32 1177.2713151431524
0.1 33 1177.2713136033126
0.1 34 1175.5367722760723
0.1 35 1185.1427166
0.1 36 1171.747676116702
0.1 37 1198.5254614507533
0.1 38 1192.1355460528282
0.1 39 1199.0913381124521
0.1 40 1199.0923776520067
0.1 41 1205.0696244232836
0.1 42 1205.158335772
0.1 43 1205.0695358972432
0.1 44 1205.069624947381
0.1 45 2761.6426570081117
0.1 46 1216.9228385171389
0.1 47 1223.7847096308021
0.1 48 1224.1439300874504
0.1 49 1223.548419242
0.1 50 903.6495223017563
0.1 51 1230.4310137819446
0.1 52 1230.4310137941404
0.1 53 1236.8740888125626
0.1 54 1236.874088810618
0.1 55 1240.545787344
0.1 56 1254.4183448956098
0.1 57 1256.2392714926032
0.1 58 1254.4188457848566
0.1 59 1254.418931442744
0.1 60 1254.7937850185992
0.1 61 1256.2376490810873
0.1 62 1260.4140955240425
0.1 63 1261.3624533107172
0.1 64 1273.387932914967
0.1 65 1267.093716504
0.1 66 1273.3879874191987
0.1 67 1266.0060491187369
0.1 68 1273.3879602915968
0.1 69 1273.3879189430108
0.1 70 1254.7937850196274
0.1 71 1307.102708641068
0.1 72 1294.1615096923665
0.1 73 1294.1615024762975
0.1 74 1294.1615621896724
0.1 75 1294.1614996402484
0.1 76 1294.1614963816467
0.1 77 1297.7518835581418
0.1 78 1301.5049289831516
0.1 79 1307.102708644918
0.1 80 1304.7723414247837
0.1 81 1323.431779035812
0.1 82 1339.7097459411993
0.1 83 1346.2389784600355
0.1 84 1307.1027086367267
0.1 85 1321.3678368028818
0.1 86 1326.2218372869283
0.1 87 1304.772458188785
0.1 88 1332.7835662381103
0.1 89 1333.1844612193804
0.1 90 1333.1844612228588
0.1 91 1338.4501726013723
0.1 92 1339.7097459435754
0.1 93 1344.11777162665
0.1 94 1346.2389784627592
0.1 95 1344.1177761165297
0.1 96 1352.279348728
0.1 97 1349.77355022488
0.1 98 1349.7735495740167
0.1 99 1363.3208840515074
0.11 0 1089.399042212544
0.11 1 1089.3990409336302
0.11 2 1089.3990401586802
0.11 3 1094.8744049844306
0.11 4 1098.995135126
0.11 5 1103.0417294863637
0.11 6 1103.3195098624917
0.11 7 1107.529944238
0.11 8 1103.9274082231295
0.11 9 1084.0165662544546
0.11 10 1116.7413429343333
0.11 11 1105.8301859391347
0.11 12 1103.0417294856352
0.11 13 1125.118415232
0.11 14 1155.2234761860664
0.11 15 1154.081521783895
0.11 16 1133.2541993524476
0.11 17 1151.9077893562333
0.11 18 1149.6303878826097
0.11 19 1089.3990442315658
0.11 20 1150.2293660363605
0.11 21 1150.8450960980103
0.11 22 1166.479709939716
0.11 23 1154.081288189002
0.11 24 1155.2234828575308
0.11 25 1159.76199118882
0.11 26 1160.1289535681524
0.11 27 1166.2303047038704
0.11 28 1166.4797099449827
0.11 29 1168.444987325885
0.11 30 1171.7477870478087
0.11 31 1171.7477751388576
0.11 32 1177.271390457845
0.11 33 1177.2713994944038
0.11 34 1175.5370947251345
0.11 35 1185.1427166
0.11 36 1171.7477803951056
0.11 37 1198.5452459436337
0.11 38 1192.1705568292405
0.11 39 1198.546655346083
0.11 40 1199.0926252081824
0.11 41 1205.069275101668
0.11 42 1205.158335772
0.11 43 1205.0691677122418
0.11 44 1205.0691574741204
0.11 45 2634.2481057607397
0.11 46 1216.9215387435415
0.11 47 1223.7852106760188
0.11 48 1224.1414850807778
0.11 49 1223.548419242
0.11 50 903.6498386078796
0.11 51 1230.4310150986544
0.11 52 1230.4310150975716
0.11 53 1236.8740950948618
0.11 54 1236.874095098237
0.11 55 1240.545787344
0.11 56 1254.4245475004284
0.11 57 1256.237598619849
0.11 58 1254.4245260052535
0.11 59 1254.4246423540928
0.11 60 1254.7939086969623
0.11 61 1256.2375811942575
0.11 62 1260.4141183101742
0.11 63 1261.3625663603189
0.11 64 1273.3880705588283
0.11 65 1267.093716504
0.11 66 1273.388046071475
0.11 67 1266.0059087237814
0.11 68 1273.387974451716
0.11 69 1273.3879864047192
0.11 70 1254.793908697081
0.11 71 1304.7726538216973
0.11 72 1294.1612546838423
0.11 73 1294.1612436926823
0.11 74 1294.161308345541
0.11 75 1294.1612405987707
0.11 76 1294.1612408386013
0.11 77 1297.751534900673
0.11 78 1301.5042201291737
0.11 79 1307.1027127891225
0.11 80 1304.7726211801316
0.11 81 1323.425798299592
0.11 82 1339.7096652151429
0.11 83 1346.2388800642166
0.11 84 1307.1027127715304
0.11 85 1321.3661131121285
0.11 86 1326.2115141055256
0.11 87 1304.7726176438568
0.11 88 1332.7836240886488
0.11 89 1333.1843978177087
0.11 90 1333.1843978149207
0.11 91 1338.0911770403343
0.11 92 1339.7096652120215
0.11 93 1344.1177097952025
0.11 94 1346.2388800689089
0.11 95 1344.1177060239295
0.11 96 1352.279348728
0.11 97 1349.773408332806
0.11 98 1349.773406055513
0.11 99 1363.3205418905507
0.12 0 1089.3992438311889
0.12 1 1089.3992360401014
0.12 2 1089.3992366061764
0.12 3 1094.874601652368
0.12 4 1098.995135126
0.12 5 1103.04176969595
0.12 6 1103.323149913332
0.12 7 1107.529944238
0.12 8 1103.928077395432
0.12 9 1084.0067982386784
0.12 10 1116.5233208443922
0.12 11 1105.830345489918
0.12 12 1103.041769694232
0.12 13 1125.1217235051047
0.12 14 1159.771170142521
0.12 15 1154.0819025096164
0.12 16 1133.2543224526166
0.12 17 1155.2237004176413
0.12 18 1149.62815538056
0.12 19 1078.4530122776396
0.12 20 1150.229292837395
0.12 21 1150.8448252451883
0.12 22 1166.479750947398
0.12 23 1153.8563056944554
0.12 24 1155.2236984659135
0.12 25 1159.7678600252036
0.12 26 1160.1290042173136
0.12 27 1166.2304093681041
0.12 28 1166.4797509482553
0.12 29 1168.4448758625413
0.12 30 1171.7478774514216
0.12 31 1171.7478740392273
0.12 32 1177.2714740710908
0.12 33 1177.2714830669315
0.12 34 1175.5373880523566
0.12 35 1185.1427166
0.12 36 1177.2714764633597
0.12 37 1198.5720248851035
0.12 38 1192.1924081415148
0.12 39 1198.5660428985336
0.12 40 1199.0930022625425
0.12 41 1205.0689293413488
0.12 42 1205.158335772
0.12 43 1205.0688002340173
0.12 44 1205.0688089385426
0.12 45 1734.3467113758793
0.12 46 1216.826434622
0.12 47 1223.7857025863682
0.12 48 1224.1390402518844
0.12 49 1223.548419242
0.12 50 903.6504460730451
0.12 51 1230.4310163804
0.12 52 1230.4310163815776
0.12 53 1236.8741013694694
0.12 54 1236.874101366413
0.12 55 1240.545787344
0.12 56 1250.0152041303252
0.12 57 1256.239177768849
0.12 58 1254.4300851161931
0.12 59 1254.430231412508
0.12 60 1254.7940324077945
0.12 61 1256.2375060373329
0.12 62 1260.4141241532031
0.12 63 1261.3626794319628
0.12 64 1273.3880468220093
0.12 65 1267.093716504
0.12 66 1273.3881048437647
0.12 67 1266.0059922905505
0.12 68 1273.3880291709827
0.12 69 1273.3880536015538
0.12 70 1254.430056367621
0.12 71 1304.7726095080636
0.12 72 1294.1609996264212
0.12 73 1294.1610526574946
0.12 74 1294.161054444137
0.12 75 1294.1610082638745
0.12 76 1294.1610233193994
0.12 77 1297.7511690959013
0.12 78 1301.503697964994
0.12 79 1307.1027169176334
0.12 80 1304.772750311027
0.12 81 1323.4187714704651
0.12 82 1339.709584475432
0.12 83 1346.2387816530222
0.12 84 1307.1027169250494
0.12 85 1321.3647291467905
0.12 86 1326.2070581826722
0.12 87 1304.7725787466982
0.12 88 1332.7836890964713
0.12 89 1333.1843344002777
0.12 90 1333.1843343958521
0.12 91 1338.4501742904492
0.12 92 1339.7095844797725
0.12 93 1344.1176343542013
0.12 94 1346.2387816526857
0.12 95 1344.117635310314
0.12 96 1352.279348728
0.12 97 1349.773277607721
0.12 98 1349.7732736804514
0.12 99 1363.3202125839236
0.13 0 1089.399433575827
0.13 1 1089.399428848918
0.13 2 1089.3994285775202
0.13 3 1094.8747798056065
0.13 4 1098.995135126
0.13 5 1103.0418099192318
0.13 6 1103.3268914001565
0.13 7 1107.529944238
0.13 8 1103.326409849353
0.13 9 1083.9970747575771
0.13 10 1116.7373901258659
0.13 11 1105.8305270528963
0.13 12 1103.0418099221904
0.13 13 1125.118415232
0.13 14 1159.78009723524
0.13 15 1156.0098918394144
0.13 16 1133.2544543007418
0.13 17 1151.8990748607707
0.13 18 1149.625800009874
0.13 19 1078.4532100183128
0.13 20 1150.2289686269194
0.13 21 1150.844456753893
0.13 22 1166.4797919332166
0.13 23 1153.8550382410474
0.13 24 1155.2239325195674
0.13 25 1159.779496804736
0.13 26 1160.129054850817
0.13 27 1166.230516498299
0.13 28 1166.4797919363673
0.13 29 1168.4447643518413
0.13 30 1171.7479731475503
0.13 31 1171.7479665822384
0.13 32 1177.2715534179413
0.13 33 1177.2715516099067
0.13 34 1175.5377119217142
0.13 35 1185.1427166
0.13 36 1171.7479616141854
0.13 37 1193.8551229912566
0.13 38 1192.214606771689
0.13 39 1198.598872569349
0.13 40 1199.0933426703732
0.13 41 1205.068931795809
0.13 42 1205.158335772
0.13 43 1205.0684334618702
0.13 44 1205.0684012128854
0.13 45 1568.5473569398166
0.13 46 1216.826434622
0.13 47 1223.7861508997373
0.13 48 1224.1365956393117
0.13 49 1223.548419242
0.13 50 1228.2168023007275
0.13 51 1230.4310176464262
0.13 52 1230.4310176520964
0.13 53 1236.8741076282888
0.13 54 1236.874107628502
0.13 55 1240.545787344
0.13 56 1250.0159483260215
0.13 57 1256.2391516919738
0.13 58 1254.4357075620242
0.13 59 1252.038664797287
0.13 60 1254.7941561507307
0.13 61 1256.237507992838
0.13 62 1260.4141352225495
0.13 63 1261.3627925243518
0.13 64 1273.3881039518617
0.13 65 1267.093716504
0.13 66 1273.3881270205172
0.13 67 1266.005994393937
0.13 68 1273.388126150093
0.13 69 1273.3881163725732
0.13 70 1254.4359017633342
0.13 71 1304.7728824985425
0.13 72 1294.160744520194
0.13 73 1294.1607938752454
0.13 74 1294.1608004856334
0.13 75 1294.1607491548375
0.13 76 1294.1607677007744
0.13 77 1297.750864739759
0.13 78 1301.5032223815701
0.13 79 1307.1027210486686
0.13 80 1304.7728862057577
0.13 81 1323.4147072847225
0.13 82 1339.7095037334911
0.13 83 1346.2386832318734
0.13 84 1307.1027210383536
0.13 85 1321.3632335179118
0.13 86 1326.1984217951954
0.13 87 1304.7728957569761
0.13 88 1332.7837438815782
0.13 89 1333.1842709851671
0.13 90 1333.1842709798275
0.13 91 1338.0918599135725
0.13 92 1339.7095037343897
0.13 93 1344.117562704824
0.13 94 1346.2386832336529
0.13 95 1344.1175629330871
0.13 96 1352.279348728
0.13 97 1349.7731393561196
0.13 98 1349.7731322567406
0.13 99 1363.3198644982092
0.14 0 1089.399617129276
0.14 1 1089.3996098947391
0.14 2 1089.399627092672
0.14 3 1094.8749701009551
0.14 4 1100.3616346142144
0.14 5 1103.0418501674556
0.14 6 1103.3292002240107
0.14 7 1105.8306886634196
0.14 8 1103.3303658224538
0.14 9 1083.9874955839487
0.14 10 1116.5263355146308
0.14 11 1105.8307071139598
0.14 12 1103.0418501667218
0.14 13 1125.118415232
0.14 14 1158.3475695975844
0.14 15 1153.8575931882374
0.14 16 1133.2545833582774
0.14 17 1151.9002296767292
0.14 18 1149.6235627681904
0.14 19 1108.6316462938644
0.14 20 1150.2285180886497
0.14 21 1150.8449845081484
0.14 22 1166.4798329122164
0.14 23 1154.0812853210612
0.14 24 1155.2242056865764
0.14 25 1159.7846903386085
0.14 26 1160.1291054659102
0.14 27 1166.2306328704547
0.14 28 1166.4798329079576
0.14 29 1168.4446528012995
0.14 30 1171.7480549860463
0.14 31 1171.7480567325085
0.14 32 1177.2716277179395
0.14 33 1177.2716326574669
0.14 34 1175.5384239325213
0.14 35 1184.8077314853629
0.14 36 1171.7480598077295
0.14 37 1198.634812507753
0.14 38 1192.2344245563593
0.14 39 1198.6349223371706
0.14 40 1199.0936608751902
0.14 41 1205.0689248639844
0.14 42 1205.158335772
0.14 43 1205.0680191542442
0.14 44 1205.0681125326594
0.14 45 2309.094512700923
0.14 46 1216.826434622
0.14 47 1223.7866457096554
0.14 48 1224.1344548657637
0.14 49 1223.548419242
0.14 50 1228.217001803376
0.14 51 1230.4310189014197
0.14 52 1230.4310188998973
0.14 53 1236.8741138645366
0.14 54 1236.874113867449
0.14 55 1240.545787344
0.14 56 1250.0171978914311
0.14 57 1256.2391073876438
0.14 58 1254.4413599053357
0.14 59 1254.4415907825971
0.14 60 1254.7942799292107
0.14 61 1256.2374567001882
0.14 62 1260.4141579603427
0.14 63 1261.3629056474674
0.14 64 1273.3881611991385
0.14 65 1267.093716504
0.14 66 1273.388222748144
0.14 67 1266.0058851015422
0.14 68 1273.3881816827195
0.14 69 1273.3881368327034
0.14 70 1254.4415753502028
0.14 71 1304.7729145950557
0.14 72 1294.1604893652348
0.14 73 1294.1605350337227
0.14 74 1294.1605464699596
0.14 75 1294.1604899570991
0.14 76 1294.1605120261547
0.14 77 1297.7504918396592
0.14 78 1301.5026545504788
0.14 79 1307.1027252770034
0.14 80 1304.7728465271762
0.14 81 1323.4065601369648
0.14 82 1339.7094229843094
0.14 83 1346.23858479869
0.14 84 1307.1027251972062
0.14 85 1321.3619269599697
0.14 86 1326.1918011123935
0.14 87 1304.772906162945
0.14 88 1332.7838007750313
0.14 89 1333.184207558423
0.14 90 1333.1842075577733
0.14 91 1338.0919570115784
0.14 92 1339.709422985221
0.14 93 1344.1174856498328
0.14 94 1346.2385847948422
0.14 95 1344.1174935287668
0.14 96 1352.279348728
0.14 97 1349.7730000785741
0.14 98 1349.7729974215679
0.14 99 1363.3195187870613
0.15 0 1089.3998222638547
0.15 1 1089.3998310251727
0.15 2 1089.3998189397107
0.15 3 1094.87516517551
0.15 4 1098.995135126
0.15 5 1103.0418904305204
0.15 6 1103.334210433351
0.15 7 1107.529944238
0.15 8 1103.3337284117238
0.15 9 1084.0149165904504
0.15 10 1116.7332006556644
0.15 11 1105.83085924441
0.15 12 1103.0418904316014
0.15 13 1125.118415232
0.15 14 1159.7981896830504
0.15 15 1155.2244029103083
0.15 16 1133.25471585927
0.15 17 1151.8955791579426
0.15 18 1149.621296175589
0.15 19 1108.6448001145654
0.15 20 1150.2283142899284
0.15 21 1150.8438101342026
0.15 22 1166.4798738625263
0.15 23 1153.857635695789
0.15 24 1155.224428040794
0.15 25 1159.797716186249
0.15 26 1160.1291560650907
0.15 27 1166.230733929176
0.15 28 1166.4798738576608
0.15 29 1168.44454120201
0.15 30 1171.7481554215037
0.15 31 1171.7481603415047
0.15 32 1177.271709203883
0.15 33 1177.2717115280818
0.15 34 1175.5383914356828
0.15 35 1185.1427166
0.15 36 1171.7481581483544
0.15 37 1199.0939526746322
0.15 38 1192.2539065810815
0.15 39 1198.6663753775465
0.15 40 1199.093910569036
0.15 41 1205.0679246915386
0.15 42 1205.158335772
0.15 43 1205.0677020252253
0.15 44 1205.067645746665
0.15 45 2228.54005851536
0.15 46 1216.826434622
0.15 47 1226.686460744178
0.15 48 1224.131666433307
0.15 49 1223.548419242
0.15 50 1228.21720086854
0.15 51 1230.4310201231185
0.15 52 1230.4310201286232
0.15 53 1236.874120093689
0.15 54 1236.8741200949194
0.15 55 1240.545787344
0.15 56 1250.0178827379505
0.15 57 1256.2390538328448
0.15 58 1254.447160237668
0.15 59 1232.527308418827
0.15 60 1254.7944037415186
0.15 61 1256.2374328265785
0.15 62 1260.4141834347336
0.15 63 1261.3630187998178
0.15 64 1273.3882185637362
0.15 65 1267.093716504
0.15 66 1273.3882458889043
0.15 67 1266.0058699175363
0.15 68 1273.3883022423122
0.15 69 1273.3882298815138
0.15 70 1254.4471651334081
0.15 71 1304.773046288997
0.15 72 1294.1602610191267
0.15 73 1294.1602761328852
0.15 74 1294.1602923972805
0.15 75 1294.1602850041666
0.15 76 1294.1602562955657
0.15 77 1297.7501481426555
0.15 78 1301.5022714892607
0.15 79 1307.102729340364
0.15 80 1304.7730422916197
0.15 81 1323.4008497131663
0.15 82 1339.7093422167582
0.15 83 1346.238486353035
0.15 84 1307.102729341232
0.15 85 1321.3602979301784
0.15 86 1326.1842726786185
0.15 87 1304.7730447314962
0.15 88 1332.783863555467
0.15 89 1333.1841441235101
0.15 90 1333.184144122597
0.15 91 1338.0922287783708
0.15 92 1339.7093422153703
0.15 93 1344.1174205448967
0.15 94 1346.2384863530433
0.15 95 1344.1174179510474
0.15 96 1352.279348728
0.15 97 1349.7728618861272
0.15 98 1349.7728808105576
0.15 99 1363.319175148807
0.16 0 1089.4000174990854
0.16 1 1089.400001527693
0.16 2 1089.4000140552446
0.16 3 1094.8753401460685
0.16 4 1098.995135126
0.16 5 1103.0419307184382
0.16 6 1103.336520098455
0.16 7 1105.8310295553472
0.16 8 1103.3379405581388
0.16 9 1083.3827321688482
0.16 10 1116.529314221632
0.16 11 1105.8310435459593
0.16 12 1103.041930718192
0.16 13 1125.118415232
0.16 14 1159.803194795115
0.16 15 1153.8415224906912
0.16 16 1133.2548437413732
0.16 17 1151.8943040160746
0.16 18 1149.6189798733378
0.16 19 1078.4538486105218
0.16 20 1150.2281084063097
0.16 21 1150.8433809680973
0.16 22 1166.4799148026918
0.16 23 1155.2246212993161
0.16 24 1155.224622684593
0.16 25 1159.8075199645841
0.16 26 1160.1292066520953
0.16 27 1166.2308383455395
0.16 28 1166.4799148007478
0.16 29 1168.4444295588692
0.16 30 1171.748247855017
0.16 31 1171.74824664066
0.16 32 1177.2717855582428
0.16 33 1177.2717942301726
0.16 34 1175.5387172617845
0.16 35 1185.1427166
0.16 36 1171.7482495178092
0.16 37 1198.6950789376967
0.16 38 1192.272461141517
0.16 39 1198.6950293240218
0.16 40 1199.0942817447674
0.16 41 1205.0678648702772
0.16 42 1205.158335772
0.16 43 1205.0672407913453
0.16 44 1205.0672385727382
0.16 45 2163.0946082535183
0.16 46 1216.826434622
0.16 47 1226.6897738134408
0.16 48 1224.1293235061164
0.16 49 1223.548419242
0.16 50 1228.2173953340382
0.16 51 1230.4310213381573
0.16 52 1230.4310213324538
0.16 53 1236.8741262999138
0.16 54 1236.8741262975898
0.16 55 1240.545787344
0.16 56 1250.0185638086089
0.16 57 1256.2390140226319
0.16 58 1254.4522990500068
0.16 59 1254.452700968897
0.16 60 1254.7945275860993
0.16 61 1256.23738460861
0.16 62 1260.414183409587
0.16 63 1261.3631319806282
0.16 64 1273.388357962079
0.16 65 1267.093716504
0.16 66 1273.388269869824
0.16 67 1266.0059336852587
0.16 68 1273.3882931193664
0.16 69 1273.388274981621
0.16 70 1254.4526143429364
0.16 71 1304.7731388994846
0.16 72 1294.1600057597582
0.16 73 1294.1600171728146
0.16 74 1294.1600382672298
0.16 75 1294.1600258851013
0.16 76 1294.160000509082
0.16 77 1297.7498354501104
0.16 78 1301.5015204491033
0.16 79 1307.1027334974076
0.16 80 1304.7733227631247
0.16 81 1323.3966953945517
0.16 82 1339.709261446916
0.16 83 1346.2383878983883
0.16 84 1307.10273348844
0.16 85 1321.3590162857688
0.16 86 1326.176744196269
0.16 87 1304.773331938633
0.16 88 1332.783914988013
0.16 89 1333.184080680878
0.16 90 1333.1840806867642
0.16 91 1338.09232516805
0.16 92 1339.7092614459664
0.16 93 1344.1173459463446
0.16 94 1346.2383878958726
0.16 95 1344.1173434168136
0.16 96 1352.279348728
0.16 97 1349.772726811411
0.16 98 1349.7727213518456
0.16 99 1363.3188329714953
0.17 0 1089.4001870204863
0.17 1 1089.4002108816226
0.17 2 1089.4002123912119
0.17 3 1094.875530304904
0.17 4 1098.995135126
0.17 5 1103.0419710202113
0.17 6 1103.3419029957047
0.17 7 1107.529944238
0.17 8 1103.3412938251518
0.17 9 1083.3827731398917
0.17 10 1116.5309540555734
0.17 11 1105.8312013429843
0.17 12 1103.94214412234
0.17 13 1125.118415232
0.17 14 1159.8161761883366
0.17 15 1155.2248881463456
0.17 16 1133.2549715778964
0.17 17 1151.899014370661
0.17 18 1149.6166901100744
0.17 19 1083.95929373684
0.17 20 1150.228148823023
0.17 21 1150.843060489767
0.17 22 1166.4799557208078
0.17 23 1155.22489609856
0.17 24 1155.344464640279
0.17 25 1159.8155880717559
0.17 26 1160.1292572215377
0.17 27 1166.2309503389763
0.17 28 1166.4799557219344
0.17 29 1168.4443178741901
0.17 30 1171.7483431863147
0.17 31 1171.7483400452677
0.17 32 1177.271864903301
0.17 33 1177.2718682938512
0.17 34 1175.5391033832632
0.17 35 1159.815500177505
0.17 36 1171.7483439287757
0.17 37 1198.7216007967286
0.17 38 1192.2973336854852
0.17 39 1198.7215307113202
0.17 40 1199.0945442766854
0.17 41 1205.0669362819363
0.17 42 1205.158335772
0.17 43 1205.067070030953
0.17 44 1205.0671885450433
0.17 45 2015.0734001704575
0.17 46 1216.826434622
0.17 47 1226.690696443863
0.17 48 1224.1268592957967
0.17 49 1223.548419242
0.17 50 1228.2176126373934
0.17 51 1230.4310225323952
0.17 52 1230.4310225218899
0.17 53 1236.8741324919538
0.17 54 1236.8741324883629
0.17 55 1240.545787344
0.17 56 1250.0683513019349
0.17 57 1256.2373426244471
0.17 58 1254.4582547512318
0.17 59 1254.4582570575255
0.17 60 1254.7946514622708
0.17 61 1256.2390373977523
0.17 62 1260.4142139370429
0.17 63 1261.3632451840028
0.17 64 1273.3883336444906
0.17 65 1267.093716504
0.17 66 1273.388365231171
0.17 67 1266.0059200054116
0.17 68 1273.3883490240037
0.17 69 1273.388322371803
0.17 70 1254.4582371950996
0.17 71 1304.7734558739703
0.17 72 1294.1597504517256
0.17 73 1294.1597581534763
0.17 74 1294.1597840803636
0.17 75 1294.1597666868356
0.17 76 1294.1597446667101
0.17 77 1297.7494669691573
0.17 78 1301.5009541809586
0.17 79 1307.1027376299376
0.17 80 1304.7734582408384
0.17 81 1323.3886662726543
0.17 82 1339.7091806659678
0.17 83 1346.2382894301147
0.17 84 1307.1027376342338
0.17 85 1321.3579487708741
0.17 86 1326.1685250805485
0.17 87 1304.773451643313
0.17 88 1332.78398063857
0.17 89 1333.1840172399877
0.17 90 1333.184017240064
0.17 91 1338.450142106162
0.17 92 1339.7091806680316
0.17 93 1344.1172712350674
0.17 94 1346.238289435118
0.17 95 1344.1172759186254
0.17 96 1326.1691329874543
0.17 97 1349.772589413928
0.17 98 1349.7725906506703
0.17 99 1363.3184928369596
0.18 0 1089.4004040434704
0.18 1 1089.4004047500944
0.18 2 1089.4004110103128
0.18 3 1094.8757147751464
0.18 4 1098.995135126
0.18 5 1103.0420113407647
0.18 6 1103.3454499890954
0.18 7 1105.8313677133617
0.18 8 1103.3456776998526
0.18 9 1083.3828141227823
0.18 10 1116.7274958005314
0.18 11 1105.8313751286978
0.18 12 1100.3637634130075
0.18 13 1125.118415232
0.18 14 1159.8239162897064
0.18 15 1155.2251071539135
0.18 16 1133.2550966411463
0.18 17 1151.8904308945491
0.18 18 1149.6144277263274
0.18 19 1089.4004069892544
0.18 20 1150.228186930187
0.18 21 1150.8428531649608
0.18 22 1166.4799966252647
0.18 23 1154.0832313526744
0.18 24 1155.2250831320744
0.18 25 1159.8250693521693
0.18 26 1160.1293077766773
0.18 27 1166.231051518779
0.18 28 1166.4799966245723
0.18 29 1168.4442061403197
0.18 30 1171.7484324890913
0.18 31 1171.7484457847163
0.18 32 1177.2719497164007
0.18 33 1177.2719410422105
0.18 34 1175.5396092572348
0.18 35 1185.1427166
0.18 36 1171.7484315919883
0.18 37 1198.7510355173797
0.18 38 1192.3206964213375
0.18 39 1198.7544436287296
0.18 40 1199.094877883654
0.18 41 1205.066477035854
0.18 42 1205.158335772
0.18 43 1205.0668035041765
0.18 44 1205.0665140485376
0.18 45 2052.785505391844
0.18 46 1216.826434622
0.18 47 1226.6942311426278
0.18 48 1224.1243347347297
0.18 49 1223.548419242
0.18 50 1228.2178238039753
0.18 51 1230.4310237005377
0.18 52 1230.4310237025368
0.18 53 1236.8741386682034
0.18 54 1238.363648314127
0.18 55 1240.545787344
0.18 56 1250.0598416384723
0.18 57 1256.2389415573182
0.18 58 1254.4637290713008
0.18 59 1251.8529198525357
0.18 60 1254.7947753738001
0.18 61 1256.2373219776248
0.18 62 1260.4142069592888
0.18 63 1261.3633584192573
0.18 64 1273.3885012351877
0.18 65 1267.093716504
0.18 66 1273.3884599944022
0.18 67 1266.0056910970538
0.18 68 1273.3884724990157
0.18 69 1273.388391841318
0.18 70 1254.4619634257813
0.18 71 1304.7736606827166
0.18 72 1294.1594950951164
0.18 73 1294.1594990749893
0.18 74 1294.1595298365098
0.18 75 1294.159507411301
0.18 76 1294.159488768515
0.18 77 1297.7491352149036
0.18 78 1301.500434176862
0.18 79 1307.1027417958016
0.18 80 1304.7736474050266
0.18 81 1323.3826805050824
0.18 82 1339.7090998738986
0.18 83 1346.2381909610394
0.18 84 1307.1027417880248
0.18 85 1321.356151645898
0.18 86 1326.158749749092
0.18 87 1304.7734834776304
0.18 88 1332.7840351333762
0.18 89 1333.1839537903197
0.18 90 1333.1839537903788
0.18 91 1338.4501469395127
0.18 92 1339.7090998818617
0.18 93 1344.1172015262832
0.18 94 1346.2381909598168
0.18 95 1344.1172037853169
0.18 96 1352.279348728
0.18 97 1349.7724583096594
0.18 98 1349.7724520636307
0.18 99 1363.3181500558308
0.19 0 1089.400599033846
0.19 1 1089.4006199582602
0.19 2 1089.4006131713145
0.19 3 1094.8759037388627
0.19 4 1098.995135126
0.19 5 1103.0420516829224
0.19 6 1103.3493877561868
0.19 7 1107.529944238
0.19 8 1103.3494647472498
0.19 9 1083.3828551259207
0.19 10 1116.7254597583305
0.19 11 1105.8315421638692
0.19 12 1099.9767461938818
0.19 13 1125.118415232
0.19 14 1155.2253160406624
0.19 15 1155.225333327379
0.19 16 1133.2552547703474
0.19 17 1103.0420516829518
0.19 18 1149.611659218711
0.19 19 1089.4006076908743
0.19 20 1150.2282227285898
0.19 21 1150.8473909637128
0.19 22 1166.4800375095988
0.19 23 1154.0835337709857
0.19 24 1155.2253432534976
0.19 25 1158.499367946343
0.19 26 1160.1293583110112
0.19 27 1166.2311518309689
0.19 28 1166.48003751257
0.19 29 1168.4440943653315
0.19 30 1171.74853436232
0.19 31 1171.748522078255
0.19 32 1177.272026387853
0.19 33 1177.2720232649544
0.19 34 1175.5397585300811
0.19 35 1184.8341041439842
0.19 36 1166.231147432527
0.19 37 1198.7872701610775
0.19 38 1192.342806857379
0.19 39 1198.7873489219498
0.19 40 1199.0949225577622
0.19 41 1205.0678871839289
0.19 42 1205.158335772
0.19 43 1205.0672148475558
0.19 44 1205.0672087752632
0.19 45 1626.1798013706803
0.19 46 1216.826434622
0.19 47 1226.6941743141774
0.19 48 1224.1218911562466
0.19 49 1223.548419242
0.19 50 1228.2180164649021
0.19 51 1230.431024855043
0.19 52 1230.4310248620832
0.19 53 1236.874144827851
0.19 54 1238.334316652277
0.19 55 1240.545787344
0.19 56 1250.0513517008162
0.19 57 1256.2389209909475
0.19 58 1254.4690997991465
0.19 59 1254.469211382207
0.19 60 1254.7948993183238
0.19 61 1256.2372640366941
0.19 62 1260.4142361525935
0.19 63 1261.3634716847448
0.19 64 1273.3884491933009
0.19 65 1267.093716504
0.19 66 1273.3885196050962
0.19 67 1266.0058193595835
0.19 68 1273.3884612072927
0.19 69 1273.3884797119117
0.19 70 1254.4690934633088
0.19 71 1304.7737898446658
0.19 72 1294.159239690021
0.19 73 1294.1592399372366
0.19 74 1294.1592755354704
0.19 75 1294.1592480729869
0.19 76 1294.1592328145011
0.19 77 1297.7487831669175
0.19 78 1301.4998232151427
0.19 79 1307.102745955243
0.19 80 1304.7735867338138
0.19 81 1323.3773369557455
0.19 82 1339.709019082928
0.19 83 1346.238092471683
0.19 84 1307.1027459491627
0.19 85 1321.3545347033867
0.19 86 1326.1544756769001
0.19 87 1304.7737600042703
0.19 88 1332.7840938711345
0.19 89 1333.183890336139
0.19 90 1333.1838903290918
0.19 91 1338.450131135007
0.19 92 1339.7090190862693
0.19 93 1344.1171345855462
0.19 94 1346.238092474404
0.19 95 1344.1171336171776
0.19 96 1349.7723165387545
0.19 97 1349.772317070052
0.19 98 1349.772318613936
0.19 99 1363.3178082772388
0.2 0 1089.4007867157877
0.2 1 1089.4007897847407
0.2 2 1089.4007972290624
0.2 3 1094.8760851955803
0.2 4 1098.995135126
0.2 5 1103.3531842787313
0.2 6 1103.35280061336
0.2 7 1107.529944238
0.2 8 1103.3532746600386
0.2 9 1083.3828961354761
0.2 10 1116.7188323212135
0.2 11 1105.8317142468024
0.2 12 1100.3647869752808
0.2 13 1125.1216172627705
0.2 14 1158.5047172699503
0.2 15 1154.084254721757
0.2 16 1133.2553668894454
0.2 17 1103.042092044145
0.2 18 1150.841953145972
0.2 19 1089.4007934444685
0.2 20 1150.2282562176542
0.2 21 1150.8454326548158
0.2 22 1166.4800783880178
0.2 23 1153.8608380307787
0.2 24 1155.2255920832256
0.2 25 1159.8405107830474
0.2 26 1160.1294088242948
0.2 27 1166.2312509532085
0.2 28 1166.4800783850515
0.2 29 1168.4439825437469
0.2 30 1171.7486207925328
0.2 31 1171.748626969788
0.2 32 1177.2721003237152
0.2 33 1177.2720988680292
0.2 34 1175.5407417974986
0.2 35 1185.1427166
0.2 36 1171.7486200907285
0.2 37 1198.8299039171154
0.2 38 1192.3643613754232
0.2 39 1198.8299810957153
0.2 40 1199.095536402812
0.2 41 1205.1240675902686
0.2 42 1205.158335772
0.2 43 1205.1169824749422
0.2 44 1205.1164070537056
0.2 45 811.0421362787266
0.2 46 1216.826434622
0.2 47 1226.6986289305887
0.2 48 1224.1194276569702
0.2 49 1223.548419242
0.2 50 1228.2181820585774
0.2 51 1230.4310259848564
0.2 52 1230.4310259929307
0.2 53 1236.8741509726783
0.2 54 1238.306655795903
0.2 55 1240.545787344
0.2 56 1250.0428813965243
0.2 57 1256.23952094155
0.2 58 1254.474078676391
0.2 59 1254.4746256700853
0.2 60 1254.7950232970825
0.2 61 1256.237219001838
0.2 62 1260.4142586516698
0.2 63 1261.3635849761029
0.2 64 1273.3885071429659
0.2 65 1267.093716504
0.2 66 1273.3885172166654
0.2 67 1266.0058115832253
0.2 68 1273.3885174865577
0.2 69 1273.3885473370801
0.2 70 1254.4746738614222
0.2 71 1304.7739407937752
0.2 72 1294.1589842365079
0.2 73 1294.1590036618422
0.2 74 1294.159021177501
0.2 75 1294.158988648681
0.2 76 1294.1590535501393
0.2 77 1297.7484441633098
0.2 78 1301.4993040456982
0.2 79 1307.102750012532
0.2 80 1304.7736708258162
0.2 81 1323.371886028706
0.2 82 1339.7089382810364
0.2 83 1346.2379939768311
0.2 84 1307.1027501226445
0.2 85 1321.353398214627
0.2 86 1326.1474012022584
0.2 87 1304.7737614644093
0.2 88 1332.7841480796
0.2 89 1333.1838268707002
0.2 90 1333.1838268697736
0.2 91 1338.0929934969229
0.2 92 1339.7089382790614
0.2 93 1344.1170581441156
0.2 94 1346.2379939723899
0.2 95 1344.1170625724192
0.2 96 1349.7721820318914
0.2 97 1349.7721819613814
0.2 98 1349.7721765316885
0.2 99 1363.3174510327144
0.21 0 1089.4009936444231
0.21 1 1089.4010022374498
0.21 2 1089.4009874600104
0.21 3 1094.8726273425186
0.21 4 1098.995135126
0.21 5 1103.3570809597275
0.21 6 1103.3570553463492
0.21 7 1107.529944238
0.21 8 1103.357097018376
0.21 9 1083.9224370823606
0.21 10 1116.721566753933
0.21 11 1105.8319049880558
0.21 12 1099.897291722494
0.21 13 1125.118415232
0.21 14 1159.8503572944285
0.21 15 1149.6076112936937
0.21 16 1133.2554989841092
0.21 17 1103.0421324233425
0.21 18 1150.841603788566
0.21 19 996.4795220821462
0.21 20 1150.2282873939619
0.21 21 1150.84338946499
0.21 22 1166.4801192339949
0.21 23 1154.085115184394
0.21 24 1155.2257965754143
0.21 25 1159.8504113287238
0.21 26 1160.1294593314587
0.21 27 1166.2313670138362
0.21 28 1166.4801192343712
0.21 29 1168.4438706743347
0.21 30 1171.748716732297
0.21 31 1171.7487127771883
0.21 32 1177.272178278156
0.21 33 1177.272172604798
0.21 34 1175.5404164006397
0.21 35 1159.8505645471896
0.21 36 1171.7487120548274
0.21 37 1199.0958318951475
0.21 38 1192.476439672672
0.21 39 1198.8887577939463
0.21 40 1199.0958642624448
0.21 41 1203.204273472
0.21 42 1205.158335772
0.21 43 1205.1571204784339
0.21 44 1205.1566417538897
0.21 45 1338.4501269024342
0.21 46 1216.826434622
0.21 47 1226.7002719330048
0.21 48 1224.1169845009777
0.21 49 1223.548419242
0.21 50 1228.2184122870995
0.21 51 1230.4310271061959
0.21 52 1230.43102711119
0.21 53 1236.8741570948016
0.21 54 1238.2813714377796
0.21 55 1240.545787344
0.21 56 1250.0344306641737
0.21 57 1256.2388107238226
0.21 58 1254.4798942519294
0.21 59 1251.856764261013
0.21 60 1254.795147307498
0.21 61 1256.2371954577304
0.21 62 1260.4142641442268
0.21 63 1261.363698294545
0.21 64 1273.3885652093295
0.21 65 1267.093716504
0.21 66 1273.3885714851453
0.21 67 1266.0058905515998
0.21 68 1273.3885738912231
0.21 69 1273.3886146728055
0.21 70 1254.4797925056457
0.21 71 1304.7738853895964
0.21 72 1294.158782357561
0.21 73 1294.1587444455379
0.21 74 1294.1587667624053
0.21 75 1294.1587570944935
0.21 76 1294.1587975579516
0.21 77 1297.7481174929744
0.21 78 1301.4987851875212
0.21 79 1307.1027542953057
0.21 80 1304.7740140987632
0.21 81 1323.36672799029
0.21 82 1339.7088574684428
0.21 83 1346.2378954643723
0.21 84 1307.1027542516583
0.21 85 1321.3515762363515
0.21 86 1326.1398968996364
0.21 87 1304.773901789097
0.21 88 1332.7842062333525
0.21 89 1333.1837634042763
0.21 90 1333.1837634062747
0.21 91 1338.093178252404
0.21 92 1339.7088574678535
0.21 93 1344.1169895681876
0.21 94 1346.2378954641492
0.21 95 1344.116993610874
0.21 96 1352.279348728
0.21 97 1349.772044933655
0.21 98 1349.7720412828605
0.21 99 1363.3171270511893
0.22 0 1089.4011872387487
0.22 1 1089.4011867092493
0.22 2 1089.4011886536596
0.22 3 1094.8799253451214
0.22 4 1098.995135126
0.22 5 1103.3607821025187
0.22 6 1103.3608433737068
0.22 7 1107.529944238
0.22 8 1103.3609367065046
0.22 9 1083.9197031335104
0.22 10 1116.7194262586106
0.22 11 1105.8320571028012
0.22 12 1100.367294137547
0.22 13 1125.118415232
0.22 14 1155.2260392563724
0.22 15 1154.0849192412466
0.22 16 1133.2556339598937
0.22 17 1103.0421728268198
0.22 18 1150.8411861387563
0.22 19 1083.9197149624163
0.22 20 1150.2263335983537
0.22 21 1150.841513947577
0.22 22 1166.2314715444138
0.22 23 1153.861662220346
0.22 24 1155.2260781547432
0.22 25 1159.8589852676164
0.22 26 1160.1295098246717
0.22 27 1166.231472058463
0.22 28 1166.4801600652286
0.22 29 1168.443758767269
0.22 30 1171.7487953368968
0.22 31 1171.7488027723878
0.22 32 1177.2722536367053
0.22 33 1177.2722623929749
0.22 34 1175.5409247757877
0.22 35 1185.1427166
0.22 36 1171.7488108543146
0.22 37 1199.096103478444
0.22 38 1192.476345413296
0.22 39 1199.0961043001519
0.22 40 1199.0960637221647
0.22 41 1203.204273472
0.22 42 1205.3276289090204
0.22 43 1205.3277914061048
0.22 44 1205.2154812846911
0.22 45 1896.4905530962242
0.22 46 1216.826434622
0.22 47 1226.7029933892695
0.22 48 1224.1145414880752
0.22 49 1223.548419242
0.22 50 1228.2186080302617
0.22 51 1230.4310282068343
0.22 52 1230.4310282068398
0.22 53 1236.8741632066783
0.22 54 1238.2575829244852
0.22 55 1240.545787344
0.22 56 1250.02599943966
0.22 57 1256.238775522503
0.22 58 1254.4854741735865
0.22 59 1251.8592759435178
0.22 60 1254.7952713487553
0.22 61 1256.2387691973875
0.22 62 1260.4143011107124
0.22 63 1261.3638116428797
0.22 64 1273.3886233922847
0.22 65 1267.093716504
0.22 66 1273.3886321585817
0.22 67 1266.0057763504187
0.22 68 1273.3886304216542
0.22 69 1273.388681730962
0.22 70 1254.485159539874
0.22 71 1304.7741886103913
0.22 72 1294.1585267908183
0.22 73 1294.1584851700964
0.22 74 1294.1585122904567
0.22 75 1294.158497664092
0.22 76 1294.1585415101245
0.22 77 1297.7477736685034
0.22 78 1301.4984025740187
0.22 79 1307.1027584394828
0.22 80 1304.774165921838
0.22 81 1323.3600934081787
0.22 82 1339.7087766450954
0.22 83 1346.2377969463494
0.22 84 1307.1027584328938
0.22 85 1321.3502450240642
0.22 86 1326.1330096907068
0.22 87 1304.7739767044266
0.22 88 1332.7842694452904
0.22 89 1333.1836999265352
0.22 90 1333.1836999278516
0.22 91 1338.0932879718953
0.22 92 1339.7087766399459
0.22 93 1344.116918253813
0.22 94 1346.237796948842
0.22 95 1344.116919864363
0.22 96 1332.7842687115437
0.22 97 1349.7719059153235
0.22 98 1349.7719083316636
0.22 99 1363.316786238494
0.23 0 1089.401376507169
0.23 1 1089.401392291445
0.23 2 1089.4013968415059
0.23 3 1094.8866547031496
0.23 4 1098.995135126
0.23 5 1103.364530242145
0.23 6 1103.3648980235266
0.23 7 1107.529944238
0.23 8 1103.3648094872945
0.23 9 1083.38301927479
0.23 10 1116.7176372998763
0.23 11 1105.8322236210274
0.23 12 1103.3648183045477
0.23 13 1125.118415232
0.23 14 1158.3093394400023
0.23 15 1155.2262726013255
0.23 16 1133.2557636357174
0.23 17 1103.0422132431152
0.23 18 1150.8408919132366
0.23 19 1105.8322255542948
0.23 20 1150.2283428033224
0.23 21 1150.2270018663473
0.23 22 1166.2315762051367
0.23 23 1153.8601868558324
0.23 24 1155.2262499263225
0.23 25 1159.8664504255037
0.23 26 1160.1295602953987
0.23 27 1166.2315729875086
0.23 28 1166.4802008895733
0.23 29 1168.4436468134456
0.23 30 1171.7489017304486
0.23 31 1171.7489058417264
0.23 32 1177.2723459302204
0.23 33 1177.272336877372
0.23 34 1175.541195803748
0.23 35 1184.84570256185
0.23 36 1171.748913560529
0.23 37 1198.9860709495742
0.23 38 1192.4763949314492
0.23 39 1199.096467292561
0.23 40 1199.0964238346357
0.23 41 1203.204273472
0.23 42 1205.5207115409303
0.23 43 1205.5199641020126
0.23 44 1205.5200035756202
0.23 45 1906.0377939887978
0.23 46 1216.826434622
0.23 47 1226.7051907285115
0.23 48 1224.1121188253653
0.23 49 1223.548419242
0.23 50 1228.218829614881
0.23 51 1230.4310292774123
0.23 52 1230.431029280764
0.23 53 1236.8741693044421
0.23 54 1238.3688969631817
0.23 55 1240.545787344
0.23 56 1254.4907050288568
0.23 57 1256.23876776368
0.23 58 1254.4907545887675
0.23 59 1251.8618048930796
0.23 60 1254.795395433264
0.23 61 1256.2387499651293
0.23 62 1260.4142847910691
0.23 63 1261.3639250149747
0.23 64 1273.3887653800666
0.23 65 1267.093716504
0.23 66 1273.3887592425485
0.23 67 1266.0058661968133
0.23 68 1273.388687077993
0.23 69 1273.38869024101
0.23 70 1254.4907857767741
0.23 71 1304.7743101801025
0.23 72 1294.158271175535
0.23 73 1294.158271916732
0.23 74 1294.1582577616127
0.23 75 1294.1582381674311
0.23 76 1294.1582854066899
0.23 77 1297.7474073767671
0.23 78 1301.4977484081805
0.23 79 1307.1027625809559
0.23 80 1304.7743595531797
0.23 81 1323.3536701331939
0.23 82 1339.708695819288
0.23 83 1346.2376984164227
0.23 84 1307.1027625691177
0.23 85 1321.349130560617
0.23 86 1326.1253898213245
0.23 87 1304.7743270445167
0.23 88 1332.7843255433345
0.23 89 1333.1836364453743
0.23 90 1333.183636437229
0.23 91 1338.093455573656
0.23 92 1339.7086958188422
0.23 93 1344.1168480469607
0.23 94 1346.2376984181851
0.23 95 1344.1168453436183
0.23 96 1349.77177825894
0.23 97 1349.7717696801094
0.23 98 1349.7717701550994
0.23 99 1363.3164527771823
0.24 0 1089.4015769166147
0.24 1 1089.4015785769182
0.24 2 1089.4015842015028
0.24 3 1094.8732292500665
0.24 4 1098.995135126
0.24 5 1103.3686043102784
0.24 6 1103.3687968186366
0.24 7 1107.529944238
0.24 8 1103.3687858871147
0.24 9 1083.9178479841912
0.24 10 1116.715592790708
0.24 11 1105.8324029791086
0.24 12 1103.3685922322002
0.24 13 1125.118415232
0.24 14 1155.2264698486179
0.24 15 1154.0861061772493
0.24 16 1133.2558980995811
0.24 17 1103.3687371316817
0.24 18 1150.8405996314384
0.24 19 1105.8323998477097
0.24 20 1150.2283670322747
0.24 21 1150.226927370266
0.24 22 1166.2316836905486
0.24 23 1154.0851152985979
0.24 24 1155.2264705478979
0.24 25 1159.875844373228
0.24 26 1160.1296107482922
0.24 27 1166.2316788525943
0.24 28 1166.4802416894438
0.24 29 1168.443534808983
0.24 30 1171.7489992475291
0.24 31 1171.7489907900292
0.24 32 1177.2724189151636
0.24 33 1177.2724189509076
0.24 34 1175.5415864929537
0.24 35 1185.1427166
0.24 36 1177.2724169588926
0.24 37 1193.8554922304897
0.24 38 1192.491292672137
0.24 39 1199.09678563977
0.24 40 1199.0967917099704
0.24 41 1203.204273472
0.24 42 1205.6246966104939
0.24 43 1205.6245746110262
0.24 44 1205.624467911051
0.24 45 1662.721048601902
0.24 46 1216.826434622
0.24 47 1226.7073287822254
0.24 48 1224.1096560184212
0.24 49 1223.548419242
0.24 50 1228.2189927776792
0.24 51 1230.4310303399448
0.24 52 1230.4310303358563
0.24 53 1236.8741753857253
0.24 54 1238.2136675439367
0.24 55 1240.545787344
0.24 56 1254.4961551184385
0.24 57 1256.238752890345
0.24 58 1254.4960787050181
0.24 59 1226.7070799081212
0.24 60 1254.795519540081
0.24 61 1256.2370697742276
0.24 62 1260.414325154195
0.24 63 1261.3640383877664
0.24 64 1273.3887401075374
0.24 65 1267.093716504
0.24 66 1273.3887866527339
0.24 67 1266.0058475220064
0.24 68 1273.3887438606248
0.24 69 1273.3888150622122
0.24 70 1254.4961137459536
0.24 71 1304.774240712455
0.24 72 1294.1580155118045
0.24 73 1294.1580126023593
0.24 74 1294.1580031756782
0.24 75 1294.1579786063148
0.24 76 1294.1580292476738
0.24 77 1297.7470711895241
0.24 78 1301.4970952028334
0.24 79 1307.1027667502005
0.24 80 1304.7745475435283
0.24 81 1323.3479397396045
0.24 82 1339.7086149797733
0.24 83 1346.237599873646
0.24 84 1307.1027667292756
0.24 85 1321.3472808433623
0.24 86 1326.1187886055784
0.24 87 1304.7744359080968
0.24 88 1332.7843821516958
0.24 89 1333.1835729604522
0.24 90 1333.1835729637196
0.24 91 1338.0936155721276
0.24 92 1339.7086149891434
0.24 93 1344.1167792563874
0.24 94 1346.2375998740306
0.24 95 1344.1167752039134
0.24 96 1326.1184064241231
0.24 97 1349.771625782488
0.24 98 1349.7716367715632
0.24 99 1363.3161055160688
0.25 0 1089.4017707133507
0.25 1 1089.4017657203199
0.25 2 1089.4017731004853
0.25 3 1094.8949228376957
0.25 4 1098.995135126
0.25 5 1103.3723866208454
0.25 6 1103.3722672287913
0.25 7 1107.529944238
0.25 8 1103.372605483479
0.25 9 1083.9180775755415
0.25 10 1116.7136716549444
0.25 11 1105.8325700158678
0.25 12 1103.372543342641
0.25 13 1125.118415232
0.25 14 1159.8836716207697
0.25 15 1155.2267008951662
0.25 16 1133.2560212523133
0.25 17 1103.3727239247862
0.25 18 1150.8400616165527
0.25 19 1100.3674509876505
0.25 20 1150.226408932412
0.25 21 1150.226850585348
0.25 22 1166.2317961630154
0.25 23 1153.8631246610673
0.25 24 1155.2267068410194
0.25 25 1158.5041836644148
0.25 26 1160.129661189204
0.25 27 1166.2317904052493
0.25 28 1166.4802824725089
0.25 29 1168.443422766047
0.25 30 1171.7490884897468
0.25 31 1171.7490871876723
0.25 32 1177.2724962101368
0.25 33 1177.272491938901
0.25 34 1175.5424533514913
0.25 35 1185.1427166
0.25 36 1171.7490839371253
0.25 37 1199.0970810614585
0.25 38 1192.476361466474
0.25 39 1199.09693073784
0.25 40 1199.0969197580798
0.25 41 1203.204273472
0.25 42 1205.6812162896115
0.25 43 1205.6822966612665
0.25 44 1205.6813224393272
0.25 45 1815.5034301441653
0.25 46 1216.826434622
0.25 47 1226.7094047228682
0.25 48 1224.107233662348
0.25 49 1223.548419242
0.25 50 1228.2192199678243
0.25 51 1230.4310313725289
0.25 52 1230.4310313836643
0.25 53 1236.8741814485284
0.25 54 1238.1932180679519
0.25 55 1240.545787344
0.25 56 1254.5014542827896
0.25 57 1256.2386975323539
0.25 58 1254.5014519255133
0.25 59 1226.7095542811414
0.25 60 1254.795643685166
0.25 61 1256.2386434415553
0.25 62 1260.4143259350883
0.25 63 1261.3641518475586
0.25 64 1273.38885478978
0.25 65 1267.093716504
0.25 66 1273.3888797772356
0.25 67 1266.0058408889804
0.25 68 1273.3888741103792
0.25 69 1273.3888303311255
0.25 70 1254.5010606379149
0.25 71 1304.7746090642102
0.25 72 1294.1577597997154
0.25 73 1294.1577532287874
0.25 74 1294.1577485330106
0.25 75 1294.1577759690392
0.25 76 1294.1577730331312
0.25 77 1297.746732422832
0.25 78 1301.4965329342424
0.25 79 1307.102770918836
0.25 80 1304.7746079006772
0.25 81 1323.3424203994784
0.25 82 1339.7085341313962
0.25 83 1346.2375013260457
0.25 84 1307.102770926726
0.25 85 1321.3457809066238
0.25 86 1326.1113306841892
0.25 87 1304.7745762723996
0.25 88 1332.784436353483
0.25 89 1333.1835094654164
0.25 90 1333.1835094634766
0.25 91 1338.093814520011
0.25 92 1339.7085341353975
0.25 93 1344.1167076430647
0.25 94 1346.2375013265932
0.25 95 1344.1167033643478
0.25 96 1332.784440719148
0.25 97 1349.771501293356
0.25 98 1349.771496500958
0.25 99 1363.3157700681982
0.26 0 1089.4019679813732
0.26 1 1089.4019604437979
0.26 2 1089.4019950940801
0.26 3 1094.8736456694166
0.26 4 1098.995135126
0.26 5 1103.3761805185918
0.26 6 1103.3765222978784
0.26 7 1107.529944238
0.26 8 1103.3765359028516
0.26 9 1083.9182779110301
0.26 10 1116.711707397027
0.26 11 1105.832745907104
0.26 12 1103.3765260246291
0.26 13 1125.118415232
0.26 14 1155.2269707356068
0.26 15 1154.0868557566473
0.26 16 1133.2561587723471
0.26 17 1103.3764484023773
0.26 18 1150.8456373348638
0.26 19 1105.832743305271
0.26 20 1150.2259346247704
0.26 21 1150.2252272465244
0.26 22 1166.231895373969
0.26 23 1155.226950796319
0.26 24 1155.2269850599182
0.26 25 1159.8920945039322
0.26 26 1160.1297116100004
0.26 27 1166.2318948732902
0.26 28 1166.4803232404265
0.26 29 1168.4433106680392
0.26 30 1171.7491790088736
0.26 31 1171.7491876881313
0.26 32 1177.2725752872764
0.26 33 1177.2725787541333
0.26 34 1175.543795819302
0.26 35 1185.1427166
0.26 36 1171.749174569336
0.26 37 1193.8555764066878
0.26 38 1192.528759259336
0.26 39 1199.1059738336016
0.26 40 1199.105339300697
0.26 41 1203.204273472
0.26 42 1205.71276134502
0.26 43 1205.7129181658856
0.26 44 1205.7251302172692
0.26 45 1796.7668590477833
0.26 46 1216.826434622
0.26 47 1226.711248567629
0.26 48 1224.1048114600612
0.26 49 1223.548419242
0.26 50 1228.2194236393032
0.26 51 1230.431032395283
0.26 52 1230.4310323973918
0.26 53 1236.8741874940151
0.26 54 1238.1740353540904
0.26 55 1240.545787344
0.26 56 1254.5062323236964
0.26 57 1256.238606379991
0.26 58 1254.5067013245455
0.26 59 1252.038566856
0.26 60 1254.795767864372
0.26 61 1256.23862549477
0.26 62 1260.4143799994854
0.26 63 1261.3642653124996
0.26 64 1273.3889699531298
0.26 65 1267.093716504
0.26 66 1273.3889402233558
0.26 67 1266.0057357877015
0.26 68 1273.3889072569968
0.26 69 1273.388862652036
0.26 70 1254.5067184019304
0.26 71 1304.7747353455334
0.26 72 1294.1575040393411
0.26 73 1294.1574937961022
0.26 74 1294.1574938333108
0.26 75 1294.157516568638
0.26 76 1294.1574974667221
0.26 77 1297.7463916919548
0.26 78 1301.4959936368948
0.26 79 1307.1027750973683
0.26 80 1304.7746131997487
0.26 81 1323.3386248664972
0.26 82 1339.70845328091
0.26 83 1346.237402757767
0.26 84 1307.102775076952
0.26 85 1321.3450034689129
0.26 86 1326.104675617655
0.26 87 1304.7747199983307
0.26 88 1332.7844991485676
0.26 89 1333.183445966884
0.26 90 1333.183445966055
0.26 91 1338.0938879980142
0.26 92 1339.7084532804536
0.26 93 1344.1166284204235
0.26 94 1346.2374027643393
0.26 95 1344.1166314460465
0.26 96 1352.279348728
0.26 97 1349.7713619805575
0.26 98 1349.7713671790996
0.26 99 1363.315408197904
0.27 0 1089.4021608422267
0.27 1 1089.402159735419
0.27 2 1089.4021704711147
0.27 3 1094.8737470946135
0.27 4 1098.995135126
0.27 5 1103.380160689644
0.27 6 1103.3803491052786
0.27 7 1107.529944238
0.27 8 1103.3806672188105
0.27 9 1083.923161837676
0.27 10 1116.5463047535002
0.27 11 1105.832915584923
0.27 12 1103.3806735245485
0.27 13 1125.118415232
0.27 14 1159.8996097642905
0.27 15 1153.8643880989846
0.27 16 1133.256290798403
0.27 17 1103.3805830371302
0.27 18 1150.8395218212986
0.27 19 1105.832905877999
0.27 20 1150.2254584359341
0.27 21 1150.2266901478752
0.27 22 1166.232001214566
0.27 23 1151.8745455054282
0.27 24 1154.0872572658113
0.27 25 1159.8995037084142
0.27 26 1160.1297620202552
0.27 27 1166.2319982663828
0.27 28 1166.480363992296
0.27 29 1168.4431985328365
0.27 30 1171.749271110073
0.27 31 1171.7492645571983
0.27 32 1177.2726551007813
0.27 33 1177.2726446105432
0.27 34 1175.5432377392399
0.27 35 1185.1427166
0.27 36 1171.7492771261707
0.27 37 1199.1486862229087
0.27 38 1192.4763635484994
0.27 39 1199.150542402801
0.27 40 1199.1506689406185
0.27 41 1203.204273472
0.27 42 1205.7120059071906
0.27 43 1205.711980422323
0.27 44 1205.7118970606796
0.27 45 1742.9756445950727
0.27 46 1216.826434622
0.27 47 1226.7136419538424
0.27 48 1224.1025101451037
0.27 49 1223.548419242
0.27 50 1228.2196437766943
0.27 51 1230.4310333970166
0.27 52 1230.4310333989135
0.27 53 1236.8741935278417
0.27 54 1238.1548298760156
0.27 55 1240.545787344
0.27 56 1254.5119358298894
0.27 57 1256.2385950900857
0.27 58 1254.5119326334777
0.27 59 1254.5119925829974
0.27 60 1254.7958920771848
0.27 61 1256.2385697527752
0.27 62 1260.4143634700436
0.27 63 1261.364378791084
0.27 64 1273.3890290870877
0.27 65 1267.093716504
0.27 66 1273.3890007885818
0.27 67 1266.0058045679789
0.27 68 1273.3889649764046
0.27 69 1273.3889349449341
0.27 70 1254.5119801683813
0.27 71 1304.774889279728
0.27 72 1294.157248230774
0.27 73 1294.1572343042942
0.27 74 1294.1572390768008
0.27 75 1294.1572571125391
0.27 76 1294.157241122895
0.27 77 1297.7460520173645
0.27 78 1301.495409992977
0.27 79 1307.102779266668
0.27 80 1304.7747557145153
0.27 81 1323.331299994153
0.27 82 1339.7083724158977
0.27 83 1346.2373041848539
0.27 84 1307.1027792735897
0.27 85 1321.344224227231
0.27 86 1326.0974334556265
0.27 87 1299.8431295551225
0.27 88 1332.7845558936704
0.27 89 1333.1833824571943
0.27 90 1333.1833824598802
0.27 91 1338.0941098427124
0.27 92 1339.7083724171832
0.27 93 1344.1165627233534
0.27 94 1346.237304185387
0.27 95 1344.1165554201384
0.27 96 1332.7845539707685
0.27 97 1349.7712242797231
0.27 98 1349.7712310894942
0.27 99 1363.3150843785634
0.28 0 1089.4023657477485
0.28 1 1089.4023621700605
0.28 2 1089.4023647334802
0.28 3 1094.8739783474794
0.28 4 1098.995135126