0.44668017023706746
0.44502655534475644
0.3042748526669575
1.3778139406356335e-07
5.1020013390245705e-70
0.01 0 1627.5515013521028
0.01 1 1627.6115184894968
0.01 2 1631.5251211593327
0.01 3 1647.2921473385286
0.01 4 1631.5251264130845
0.01 5 1627.5515209839757
0.01 6 1627.5514993528684
0.01 7 1643.426908266
0.01 8 1644.5954595181324
0.01 9 1647.2920956009154
0.01 10 1651.1269796432885
0.01 11 1653.8615628937816
0.01 12 1656.6803486
0.01 13 1657.6593087650579
0.01 14 1666.9986065636256
0.01 15 1663.567463556077
0.01 16 1666.22649336317
0.01 17 1660.430328911008
0.01 18 1670.9021603751032
0.01 19 1562.0005633122576
0.01 20 1674.7203596389534
0.01 21 1674.726558142931
0.01 22 1666.998606569399
0.01 23 1662.846902962711
0.01 24 1690.6349578892923
0.01 25 1690.6349595047673
0.01 26 1690.6349960847426
0.01 27 1695.94343528
0.01 28 1696.9722516894687
0.01 29 1690.634962326699
0.01 30 1696.9722516837148
0.01 31 1737.9477164768464
0.01 32 1707.0043583971424
0.01 33 1710.154887955037
0.01 34 1713.0444784273361
0.01 35 1713.0464405731404
0.01 36 1716.7592650417666
0.01 37 1719.598938358479
0.01 38 1716.6441883462219
0.01 39 1726.185461494281
0.01 40 1723.368590670844
0.01 41 1731.3412858756985
0.01 42 1716.7592651264265
0.01 43 1733.5412609210766
0.01 44 1723.3685927294641
0.01 45 1740.2585394628115
0.01 46 1740.2584807361873
0.01 47 1731.34375741312
0.01 48 1753.5291196141336
0.01 49 1753.529073749629
0.01 50 1753.2074541665602
0.01 51 1755.309396682
0.01 52 1753.528790342817
0.01 53 1753.529781864602
0.01 54 1753.5306929766193
0.01 55 1740.2624651472663
0.01 56 1724.3916198746529
0.01 57 1674.7202788735879
0.01 58 1802.8059837071862
0.01 59 1783.004531864597
0.01 60 1796.8467394155405
0.01 61 1781.7920887683579
0.01 62 1791.0584398957894
0.01 63 1783.00453292769
0.01 64 1789.7320160797346
0.01 65 1793.6283871604987
0.01 66 1796.846741685897
0.01 67 1798.4397600390969
0.01 68 1802.3284176202278
0.01 69 1802.328441409732
0.01 70 1802.3285757567367
0.01 71 1809.0423491345762
0.01 72 1809.0423862797377
0.01 73 1873.7546008287654
0.01 74 1815.4997326837772
0.01 75 1815.4987175667563
0.01 76 1820.372668114
0.01 77 1821.975854856422
0.01 78 1824.6620912
0.01 79 1828.4585496386176
0.01 80 1828.4585498090858
0.01 81 1834.9425581414607
0.01 82 1834.942558249791
0.01 83 1802.3286104017266
0.01 84 1834.9425581901994
0.01 85 1815.4986029586319
0.01 86 1572.5459113126512
0.01 87 1846.1264339495926
0.01 88 1870.0347138819393
0.01 89 1853.10310557
0.01 90 1854.372578452215
0.01 91 1859.2684401296285
0.01 92 1859.930137669692
0.01 93 1867.6739737077194
0.01 94 1864.8902689160861
0.01 95 1870.0390061205271
0.01 96 1870.034849574972
0.01 97 1867.6740327448072
0.01 98 1873.7546047738501
0.01 99 1878.0457775542814
0.02 0 1627.5515303754655
0.02 1 1627.6115055661064
0.02 2 1631.5251113530185
0.02 3 1646.563522547399
0.02 4 1631.5250962802131
0.02 5 1627.5516096988467
0.02 6 1627.5515529750742
0.02 7 1643.426908266
0.02 8 1644.5948584125358
0.02 9 1647.2921011446952
0.02 10 1651.1269386563342
0.02 11 1653.8615682807954
0.02 12 1660.4303331729084
0.02 13 1657.6592504351077
0.02 14 1666.9986086455356
0.02 15 1663.567585068746
0.02 16 1666.2250813635117
0.02 17 1659.6748908650197
0.02 18 1670.9019308704114
0.02 19 1562.0005657692466
0.02 20 1674.7251918685238
0.02 21 1663.8410145244268
0.02 22 1666.9986086419885
0.02 23 1662.840596780812
0.02 24 1681.8797531628898
0.02 25 1690.6315088311233
0.02 26 1690.6314275816842
0.02 27 1695.94343528
0.02 28 1696.9721206331278
0.02 29 1690.6319394192049
0.02 30 1696.9721206336
0.02 31 1740.251151177961
0.02 32 1707.0056914804534
0.02 33 1710.1547631169672
0.02 34 1713.0450014124472
0.02 35 1713.0464309739557
0.02 36 1716.7591492947595
0.02 37 1719.5989310024231
0.02 38 1716.6519433838716
0.02 39 1726.1854572798247
0.02 40 1723.3800852523073
0.02 41 1731.3723491254875
0.02 42 1712.0976803892
0.02 43 1733.5034563975048
0.02 44 1726.1854538831756
0.02 45 1740.251171049312
0.02 46 1740.2506988063024
0.02 47 1731.3722730183347
0.02 48 1753.5293383455314
0.02 49 1753.5286826932165
0.02 50 1753.2074069230512
0.02 51 1755.309396682
0.02 52 1753.5286929671627
0.02 53 1753.5313192013346
0.02 54 1753.5287018267547
0.02 55 1740.251023797026
0.02 56 1724.6402273505225
0.02 57 1809.0424883662986
0.02 58 1802.8061166616208
0.02 59 1783.0038002899078
0.02 60 1796.8436622476597
0.02 61 1781.7918996788167
0.02 62 1793.6228793803205
0.02 63 1783.0038009879404
0.02 64 1789.7484669044309
0.02 65 1793.6030004418683
0.02 66 1796.8435706411137
0.02 67 1798.439884311683
0.02 68 1802.328704688334
0.02 69 1802.3289209060208
0.02 70 1802.32890170316
0.02 71 1809.0425495113254
0.02 72 1809.0425162601969
0.02 73 1880.2081975896447
0.02 74 1815.499945209343
0.02 75 1815.4988984222866
0.02 76 1820.372668114
0.02 77 1821.9760783153704
0.02 78 1824.6620912
0.02 79 1828.4587790292526
0.02 80 1828.458778910982
0.02 81 1834.9428009596575
0.02 82 1834.9428009844544
0.02 83 1809.0193953486341
0.02 84 1834.9428008838922
0.02 85 1815.4988109997132
0.02 86 1820.8152883891726
0.02 87 1846.1257153971092
0.02 88 1870.0418981028508
0.02 89 1853.10310557
0.02 90 1854.3728401438102
0.02 91 1859.2675613354447
0.02 92 1859.9302292591176
0.02 93 1867.5375257930414
0.02 94 1864.8893029735775
0.02 95 1869.3334476558798
0.02 96 1870.041398453652
0.02 97 1867.6737448770484
0.02 98 1873.7548355080346
0.02 99 1878.0457889026302
0.03 0 1627.5516515496895
0.03 1 1627.611384708424
0.03 2 1631.525135358607
0.03 3 1644.5948332015814
0.03 4 1631.5250979732407
0.03 5 1627.5515917152236
0.03 6 1627.5516270557785
0.03 7 1643.426908266
0.03 8 1644.595411289484
0.03 9 1647.2921065886671
0.03 10 1651.1268976790957
0.03 11 1653.8615736763018
0.03 12 1660.4303374238368
0.03 13 1657.6591921023817
0.03 14 1666.9986107312939
0.03 15 1663.5659520572588
0.03 16 1666.2431676723647
0.03 17 1659.6750951231961
0.03 18 1670.9016040488752
0.03 19 1562.0005682205833
0.03 20 1674.7271119017514
0.03 21 1663.8472496338372
0.03 22 1666.998610731547
0.03 23 1662.8364662611255
0.03 24 1681.867506516805
0.03 25 1690.6278679136833
0.03 26 1690.6279036590815
0.03 27 1695.94343528
0.03 28 1696.971989551027
0.03 29 1690.627920572238
0.03 30 1696.9719895568833
0.03 31 1744.5662533942418
0.03 32 1707.0071875805338
0.03 33 1710.1546382659315
0.03 34 1713.045525275288
0.03 35 1713.0464216475448
0.03 36 1716.655017036118
0.03 37 1719.5989236336204
0.03 38 1716.6577298943166
0.03 39 1726.1854529911861
0.03 40 1723.3939652433473
0.03 41 1731.3986420481804
0.03 42 1712.1058718304698
0.03 43 1733.4669627497722
0.03 44 1726.185504045552
0.03 45 1740.2460351086672
0.03 46 1740.243053554151
0.03 47 1731.398634398406
0.03 48 1753.5150880471547
0.03 49 1753.514970943648
0.03 50 1753.2073621755576
0.03 51 1755.309396682
0.03 52 1753.5151357974373
0.03 53 1753.5328565052373
0.03 54 1753.5288929360752
0.03 55 1740.2431069134211
0.03 56 1724.637288057471
0.03 57 2279.6045342640323
0.03 58 1802.8060211421373
0.03 59 1783.003068761103
0.03 60 1796.8403452757532
0.03 61 1781.791987516993
0.03 62 1793.611425447471
0.03 63 1783.0030699754327
0.03 64 1789.7651127783922
0.03 65 1793.604001301848
0.03 66 1796.840730823935
0.03 67 1798.440006436237
0.03 68 1802.329179735385
0.03 69 1802.3292229048893
0.03 70 1802.3291576475053
0.03 71 1809.042645872979
0.03 72 1809.0426789051887
0.03 73 1880.2084414773608
0.03 74 1815.500135556523
0.03 75 1815.4991006870243
0.03 76 1820.372668114
0.03 77 1821.9762857516482
0.03 78 1824.6620912
0.03 79 1828.459008137359
0.03 80 1828.4590088770017
0.03 81 1834.9430437528847
0.03 82 1834.9430437757917
0.03 83 1796.7230813374536
0.03 84 1834.9430437722035
0.03 85 1815.4990235630526
0.03 86 1880.2084414365781
0.03 87 1846.1249975456406
0.03 88 1870.0476720260106
0.03 89 1853.10310557
0.03 90 1854.3730682953817
0.03 91 1859.2671823692592
0.03 92 1859.9302592503952
0.03 93 1867.5360991526084
0.03 94 1864.8882336839106
0.03 95 1870.0493440865687
0.03 96 1870.0476112894958
0.03 97 1867.6745862110986
0.03 98 1873.7550984122643
0.03 99 1878.0457998003014
0.04 0 1627.551715020867
0.04 1 1627.6113472871264
0.04 2 1631.5251141439996
0.04 3 1644.5948228407397
0.04 4 1631.525155097088
0.04 5 1627.551696503223
0.04 6 1627.5517058451615
0.04 7 1643.426908266
0.04 8 1644.594809944162
0.04 9 1647.292111790527
0.04 10 1651.1268566913964
0.04 11 1653.861579066155
0.04 12 1660.4303416831845
0.04 13 1657.6591337646998
0.04 14 1666.9986128105795
0.04 15 1663.5649723112826
0.04 16 1666.2490886840917
0.04 17 1659.6752992410597
0.04 18 1670.9014287700165
0.04 19 1562.0005706691866
0.04 20 1674.7290289208781
0.04 21 1674.7273849077808
0.04 22 1666.998612812425
0.04 23 1662.830776191279
0.04 24 1681.8650398469783
0.04 25 1690.6245335205147
0.04 26 1690.6243315117292
0.04 27 1695.94343528
0.04 28 1696.9718584440768
0.04 29 1690.624353383874
0.04 30 1696.9718584459752
0.04 31 1753.5082834379264
0.04 32 1707.015306578306
0.04 33 1710.154513391931
0.04 34 1713.0460500137
0.04 35 1713.0464154363833
0.04 36 1716.6651143614108
0.04 37 1719.5989162718813
0.04 38 1716.6577131581325
0.04 39 1726.1854487793116
0.04 40 1723.4101226091652
0.04 41 1731.4232899507558
0.04 42 1712.113704690059
0.04 43 1733.4353815218637
0.04 44 1726.1855270409606
0.04 45 1740.243906884662
0.04 46 1740.2352216668203
0.04 47 1731.4231882164952
0.04 48 1753.5081353786438
0.04 49 1753.5087526874836
0.04 50 1753.2073206893692
0.04 51 1755.309396682
0.04 52 1753.5285002497121
0.04 53 1753.5129398991176
0.04 54 1753.5081025020413
0.04 55 1740.2352241220733
0.04 56 1724.3849066744308
0.04 57 2278.2165835918527
0.04 58 1802.8065962809133
0.04 59 1783.0023372774067
0.04 60 1797.224884895834
0.04 61 1781.7920757240506
0.04 62 1793.5990542260554
0.04 63 1783.0023386267476
0.04 64 1790.8653338460558
0.04 65 1793.5961933513997
0.04 66 1796.8370792258922
0.04 67 1798.4400900789794
0.04 68 1802.3289490641553
0.04 69 1802.3295177604982
0.04 70 1802.3295301119872
0.04 71 1809.042811475281
0.04 72 1809.042864894719
0.04 73 1880.2086850810654
0.04 74 1815.5003384565698
0.04 75 1815.4993004801115
0.04 76 1820.372668114
0.04 77 1821.9765074393408
0.04 78 1824.6620912
0.04 79 1828.4592376372839
0.04 80 1828.4592372809989
0.04 81 1834.943286527966
0.04 82 1834.9432867190662
0.04 83 1802.3295036410773
0.04 84 1834.9432865711067
0.04 85 1815.4992453346267
0.04 86 1796.8447810342902
0.04 87 1846.1242803930616
0.04 88 1870.0544478639933
0.04 89 1853.10310557
0.04 90 1854.373362121729
0.04 91 1859.2668034065657
0.04 92 1859.9304218977811
0.04 93 1867.5348207037391
0.04 94 1864.8869573237278
0.04 95 1870.0545162448689
0.04 96 1870.0539925955586
0.04 97 1867.6733732859686
0.04 98 1873.7553488648196
0.04 99 1878.0458098831111
0.05 0 1627.5517546268118
0.05 1 1627.6112885036785
0.05 2 1631.525143892155
0.05 3 1649.6645149829935
0.05 4 1631.5251062923553
0.05 5 1627.5517654142411
0.05 6 1627.5517775675576
0.05 7 1643.426908266
0.05 8 1644.5953623066005
0.05 9 1647.2921173657028
0.05 10 1651.1268157125708
0.05 11 1653.8615844491467
0.05 12 1660.4303459497978
0.05 13 1657.6590754178865
0.05 14 1666.9986148952244
0.05 15 1663.5661897819336
0.05 16 1666.2493628854586
0.05 17 1659.6920625482007
0.05 18 1670.9010950597296
0.05 19 1562.0005731109745
0.05 20 1674.7309429407542
0.05 21 1674.731293853346
0.05 22 1666.9986148979983
0.05 23 1663.158418448688
0.05 24 1681.8674927194195
0.05 25 1690.620894291526
0.05 26 1690.6208504138233
0.05 27 1695.94343528
0.05 28 1696.9717273186466
0.05 29 1690.620824448747
0.05 30 1696.9717273194028
0.05 31 1753.5284093159573
0.05 32 1707.0115386401712
0.05 33 1710.1543885012843
0.05 34 1713.0465756255144
0.05 35 1712.8554331169883
0.05 36 1716.7588021426038
0.05 37 1719.5989088901908
0.05 38 1716.7588211979912
0.05 39 1726.1854445799029
0.05 40 1723.4260906710435
0.05 41 1731.4334507990284
0.05 42 1712.1219859099806
0.05 43 1733.4072710703972
0.05 44 1726.1855598568648
0.05 45 1740.2329816650608
0.05 46 1740.2278638345083
0.05 47 1731.433506147134
0.05 48 1753.501289731363
0.05 49 1753.5013545122563
0.05 50 1753.2072955215306
0.05 51 1755.309396682
0.05 52 1753.5288150740353
0.05 53 1753.5066812626824
0.05 54 1753.5012561781868
0.05 55 1740.2276486499243
0.05 56 1724.3832651120945
0.05 57 2222.622623925869
0.05 58 1802.80626871739
0.05 59 1783.0016058380209
0.05 60 1797.2240565590037
0.05 61 1781.792043355316
0.05 62 1793.5863245085648
0.05 63 1783.0016075557362
0.05 64 1790.8699703186687
0.05 65 1793.58617416702
0.05 66 1796.8338654719776
0.05 67 1798.4401724875715
0.05 68 1802.329533299826
0.05 69 1802.3297829977073
0.05 70 1802.329724369413
0.05 71 1809.042941620614
0.05 72 1809.0429678735027
0.05 73 1880.208924521024
0.05 74 1815.5005421741453
0.05 75 1815.4994250170548
0.05 76 1820.372668114
0.05 77 1821.976711621321
0.05 78 1824.6620912
0.05 79 1828.4594666813737
0.05 80 1828.4594666824191
0.05 81 1834.943529452085
0.05 82 1834.943529372698
0.05 83 1802.3296742120156
0.05 84 1834.9435292978642
0.05 85 1815.4994213411894
0.05 86 1790.8698265729101
0.05 87 1846.123563851166
0.05 88 1867.5340899943797
0.05 89 1853.10310557
0.05 90 1854.3736235725164
0.05 91 1859.2664244566552
0.05 92 1859.9305035324217
0.05 93 1867.5357440486325
0.05 94 1864.8857857197072
0.05 95 1870.0603747870089
0.05 96 1870.0600369343697
0.05 97 1867.6731496666337
0.05 98 1873.7555970590035
0.05 99 1878.0458225427212
0.06 0 1627.5518334490232
0.06 1 1627.611254682222
0.06 2 1631.5251466386956
0.06 3 1649.737544301408
0.06 4 1631.5251093834336
0.06 5 1627.5518214207975
0.06 6 1627.5517665487482
0.06 7 1643.426908266
0.06 8 1644.5953367670147
0.06 9 1647.2921229192475
0.06 10 1651.1267747317045
0.06 11 1653.8615898374007
0.06 12 1660.4303501984605
0.06 13 1657.6590170685859
0.06 14 1666.9986169748606
0.06 15 1663.5635005012873
0.06 16 1666.257939183577
0.06 17 1659.7016587018034
0.06 18 1670.9042721758397
0.06 19 1562.0005755684092
0.06 20 1674.7328539765508
0.06 21 1674.734372130864
0.06 22 1666.998616976542
0.06 23 1662.8172606668545
0.06 24 1681.8601163314563
0.06 25 1690.6173323326295
0.06 26 1690.6172746470882
0.06 27 1695.94343528
0.06 28 1696.9715961585684
0.06 29 1690.6173336916313
0.06 30 1696.9715961605557
0.06 31 1753.5048833818655
0.06 32 1703.5578763091057
0.06 33 1710.1542635908058
0.06 34 1713.0471021085543
0.06 35 1712.855617958464
0.06 36 1716.7586863999427
0.06 37 1719.598901509477
0.06 38 1716.6900496504948
0.06 39 1726.1854403741552
0.06 40 1725.3152801656513
0.06 41 1731.4340301980405
0.06 42 1712.1297239917742
0.06 43 1733.3805754266539
0.06 44 1726.1856041483363
0.06 45 1740.220390658576
0.06 46 1740.2200892469202
0.06 47 1731.4339487000907
0.06 48 1753.4945021028589
0.06 49 1753.494664947585
0.06 50 1753.207259671312
0.06 51 1755.309396682
0.06 52 1753.5283512413782
0.06 53 1753.4944852786348
0.06 54 1753.4961649701809
0.06 55 1740.2201068196825
0.06 56 1724.38097191188
0.06 57 2209.564923525654
0.06 58 1802.806162456876
0.06 59 1783.0008744421223
0.06 60 1796.8306457839283
0.06 61 1781.792132281244
0.06 62 1793.5742967239482
0.06 63 1783.0008772450929
0.06 64 1790.869691178771
0.06 65 1793.5739414632233
0.06 66 1796.8307425819978
0.06 67 1798.4402467768432
0.06 68 1802.329910341897
0.06 69 1802.3300913290232
0.06 70 1802.3299331477383
0.06 71 1809.0431072675738
0.06 72 1809.0431176050163
0.06 73 1880.209169562648
0.06 74 1815.5007126220646
0.06 75 1815.499705427827
0.06 76 1820.372668114
0.06 77 1821.9769370152617
0.06 78 1824.6620912
0.06 79 1828.4596943261042
0.06 80 1828.4596958283003
0.06 81 1834.9437721102279
0.06 82 1834.9437721494332
0.06 83 1802.3301089343472
0.06 84 1834.9437722746259
0.06 85 1815.4996402953946
0.06 86 1786.8499051385027
0.06 87 1846.1228480268612
0.06 88 1867.6729626255649
0.06 89 1853.10310557
0.06 90 1854.373884574717
0.06 91 1859.2660455086157
0.06 92 1859.9305865389447
0.06 93 1867.6730605896314
0.06 94 1864.8844073136058
0.06 95 1870.0669206921896
0.06 96 1870.066250575336
0.06 97 1867.5327264230386
0.06 98 1873.7558326810054
0.06 99 1878.0458332666333
0.07 0 1627.5518421194784
0.07 1 1627.611173270269
0.07 2 1631.5251424449725
0.07 3 1649.8114483445645
0.07 4 1631.5251574375545
0.07 5 1631.525125495181
0.07 6 1627.5518635058322
0.07 7 1643.426908266
0.07 8 1644.594737027722
0.07 9 1647.2921282494449
0.07 10 1651.1267337456945
0.07 11 1653.8615952417806
0.07 12 1660.430354460576
0.07 13 1657.6589587151032
0.07 14 1666.9986190600414
0.07 15 1663.5628242829857
0.07 16 1666.264829631623
0.07 17 1659.7082373921307
0.07 18 1670.9006008965785
0.07 19 1562.000578003235
0.07 20 1674.739102655657
0.07 21 1674.7354235892924
0.07 22 1666.9986190590814
0.07 23 1662.8117079906838
0.07 24 1681.9366196811923
0.07 25 1690.613809430777
0.07 26 1690.6138829139136
0.07 27 1695.94343528
0.07 28 1696.971464980277
0.07 29 1690.613760095347
0.07 30 1696.971464976563
0.07 31 1753.5798957409972
0.07 32 1703.4427857905855
0.07 33 1710.15413866075
0.07 34 1713.047629460641
0.07 35 1716.7585707690748
0.07 36 1716.7025428494433
0.07 37 1719.598894125902
0.07 38 1716.7016725580456
0.07 39 1726.1854361398578
0.07 40 1725.2892858585299
0.07 41 1731.434778636947
0.07 42 1712.1377093488707
0.07 43 1733.3573021083123
0.07 44 1726.1854616429753
0.07 45 1740.2138011448537
0.07 46 1740.2127983679834
0.07 47 1731.4347839690095
0.07 48 1753.4879185294176
0.07 49 1753.48778823092
0.07 50 1753.207227338157
0.07 51 1755.309396682
0.07 52 1753.4879568741699
0.07 53 1753.487776715782
0.07 54 1753.4878097529295
0.07 55 1740.2130553727561
0.07 56 1724.3791271571442
0.07 57 2276.501495249904
0.07 58 1802.3304607740943
0.07 59 1783.0001447821248
0.07 60 1796.8274470899137
0.07 61 1781.7919800187003
0.07 62 1796.8274062707728
0.07 63 1783.0001447780976
0.07 64 1790.8663029042368
0.07 65 1793.5616967153421
0.07 66 1796.8274239913192
0.07 67 1798.4403165411613
0.07 68 1802.3294692598508
0.07 69 1802.3304634980211
0.07 70 1802.3303106542544
0.07 71 1809.0433103835214
0.07 72 1809.04324507764
0.07 73 1854.374146070593
0.07 74 1815.5009424366597
0.07 75 1815.499909680962
0.07 76 1820.372668114
0.07 77 1821.977142388135
0.07 78 1824.6620912
0.07 79 1828.4599250987787
0.07 80 1828.4599248758695
0.07 81 1834.9440150988855
0.07 82 1834.9440150114897
0.07 83 1802.8062455751592
0.07 84 1834.944015000873
0.07 85 1815.4999361761181
0.07 86 1786.9603207906741
0.07 87 1846.1221329221257
0.07 88 1867.6726920814979
0.07 89 1853.10310557
0.07 90 1854.3741455350428
0.07 91 1859.2656665683396
0.07 92 1859.9307177590442
0.07 93 1867.674132247124
0.07 94 1864.8832892859486
0.07 95 1870.0726137634958
0.07 96 1870.0725476501855
0.07 97 1867.5317061897158
0.07 98 1873.7560956639607
0.07 99 1878.045847188109
0.08 0 1627.5519433489853
0.08 1 1627.6111254737907
0.08 2 1631.5251682870646
0.08 3 1619.3944611629147
0.08 4 1631.5251315029984
0.08 5 1631.5251291692211
0.08 6 1627.5519323027395
0.08 7 1643.426908266
0.08 8 1644.5952872925034
0.08 9 1647.2921336842708
0.08 10 1651.1266927661222
0.08 11 1653.861600641519
0.08 12 1660.4303587154757
0.08 13 1657.6589003577296
0.08 14 1666.998621147463
0.08 15 1663.5622485775073
0.08 16 1666.2736754152713
0.08 17 1659.7140973124253
0.08 18 1670.9005289070717
0.08 19 1562.0005804416342
0.08 20 1674.741003798968
0.08 21 1666.9986211541857
0.08 22 1666.9986211461953
0.08 23 1662.8065466613791
0.08 24 1681.9244278596993
0.08 25 1690.610669339774
0.08 26 1690.6103035655246
0.08 27 1695.94343528
0.08 28 1696.9713337695205
0.08 29 1690.6111081713061
0.08 30 1696.971333768824
0.08 31 1753.482581246344
0.08 32 1703.4572139159093
0.08 33 1710.1540137164804
0.08 34 1713.0481576795992
0.08 35 1712.8561057101317
0.08 36 1716.7584550236718
0.08 37 1719.5988867377735
0.08 38 1716.7584548867512
0.08 39 1726.1854318846624
0.08 40 1725.289548004372
0.08 41 1731.435468083788
0.08 42 1712.1454792769412
0.08 43 1733.3326876755202
0.08 44 1726.1854673067746
0.08 45 1740.2057862461857
0.08 46 1740.205258635099
0.08 47 1731.4353785820117
0.08 48 1753.4811003894945
0.08 49 1753.4813047289742
0.08 50 1753.207174256502
0.08 51 1755.309396682
0.08 52 1753.481561499376
0.08 53 1753.4811016490416
0.08 54 1753.4813261922284
0.08 55 1740.2051245974349
0.08 56 1724.376640531376
0.08 57 2276.5005180905287
0.08 58 1802.8066120475116
0.08 59 1782.9994136035689
0.08 60 1796.8242015336245
0.08 61 1781.7920696460283
0.08 62 1796.824326587151
0.08 63 1783.0102025320678
0.08 64 1790.865841932528
0.08 65 1793.5505423484572
0.08 66 1796.824207164408
0.08 67 1798.4403590893648
0.08 68 1802.329033752911
0.08 69 1802.3307134725508
0.08 70 1802.3304963901403
0.08 71 1809.0434793627196
0.08 72 1809.043418041907
0.08 73 1854.3744068788344
0.08 74 1815.5011500970302
0.08 75 1815.5001319154928
0.08 76 1820.372668114
0.08 77 1821.9773660108056
0.08 78 1824.6620912
0.08 79 1828.4601542664548
0.08 80 1828.4601542641883
0.08 81 1834.9442579213317
0.08 82 1834.9442578077044
0.08 83 1802.8061877946377
0.08 84 1834.9442579960812
0.08 85 1815.5001562875311
0.08 86 1786.8320999912276
0.08 87 1846.1214184368268
0.08 88 1867.6724792264633
0.08 89 1853.10310557
0.08 90 1854.3744070215562
0.08 91 1859.2652876368259
0.08 92 1859.9308088013508
0.08 93 1867.672516669837
0.08 94 1864.8814461143809
0.08 95 1870.0788233181356
0.08 96 1870.0788447809762
0.08 97 1867.672498598296
0.08 98 1873.7563301058374
0.08 99 1878.045858781197
0.09 0 1627.5519824201465
0.09 1 1627.6111044639301
0.09 2 1631.5251389439807
0.09 3 1618.2000318059888
0.09 4 1631.525155526678
0.09 5 1627.5519579968616
0.09 6 1627.5519596235913
0.09 7 1643.426908266
0.09 8 1644.595264286063
0.09 9 1647.292139194257
0.09 10 1651.12665178368
0.09 11 1653.8616060386382
0.09 12 1660.4303629874507
0.09 13 1657.6588419985253
0.09 14 1666.9986232366716
0.09 15 1663.5615473114258
0.09 16 1666.2795636995893
0.09 17 1659.7164540237252
0.09 18 1670.9000904546494
0.09 19 1562.0005828795368
0.09 20 1674.7429019876931
0.09 21 1666.9986232314059
0.09 22 1666.9986232325853
0.09 23 1662.801761794079
0.09 24 1681.8761294835438
0.09 25 1690.6107381698284
0.09 26 1690.6103485544868
0.09 27 1695.94343528
0.09 28 1696.9712025408705
0.09 29 1690.6104818651077
0.09 30 1696.9712025311562
0.09 31 1753.4745335955433
0.09 32 1703.5574852182845
0.09 33 1710.1538887409397
0.09 34 1713.0486867632426
0.09 35 1712.8562578189733
0.09 36 1716.7583334239698
0.09 37 1719.5988793494255
0.09 38 1716.7583394095525
0.09 39 1726.1854276289037
0.09 40 1725.2897796073887
0.09 41 1731.4360058045906
0.09 42 1712.1533832747932
0.09 43 1731.4360584995554
0.09 44 1726.185439493477
0.09 45 1740.1980653896915
0.09 46 1742.9506564733915
0.09 47 1731.4359081847927
0.09 48 1753.4747779191182
0.09 49 1753.4752139447205
0.09 50 1753.207140170371
0.09 51 1755.309396682
0.09 52 1753.4745143214761
0.09 53 1753.474490534698
0.09 54 1753.4745357155946
0.09 55 1740.199048931411
0.09 56 1724.3749329483817
0.09 57 2023.2659993878362
0.09 58 1802.8063266342836
0.09 59 1782.9986824751984
0.09 60 1796.8222029790488
0.09 61 1781.7921596480048
0.09 62 1796.8210786199402
0.09 63 1782.9986825799124
0.09 64 1790.8661078282796
0.09 65 1793.5382740493278
0.09 66 1796.8209995523168
0.09 67 1798.4404133426522
0.09 68 1802.3310647376022
0.09 69 1802.331076838992
0.09 70 1802.3310625040306
0.09 71 1809.0435741363242
0.09 72 1809.0435783046137
0.09 73 1854.374668586378
0.09 74 1815.5013708882313
0.09 75 1815.5003122441622
0.09 76 1820.372668114
0.09 77 1821.9775742032289
0.09 78 1824.6620912
0.09 79 1828.4603836597873
0.09 80 1828.4603833440526
0.09 81 1834.9445007780514
0.09 82 1834.9445008694918
0.09 83 1802.8064393841657
0.09 84 1834.9445008318094
0.09 85 1815.5002424308352
0.09 86 1786.821846794217
0.09 87 1846.1207046580828
0.09 88 1867.5297845505286
0.09 89 1853.10310557
0.09 90 1854.374669033467
0.09 91 1859.2649087096777
0.09 92 1859.9308658331631
0.09 93 1867.6724342991683