0.44668017023706746
0.44502655534475644
0.3042748526669575
1.3778139406356335e-07
5.1020013390245705e-70
0.01 0 1363.323969338572
0.01 1 1363.3239696819294
0.01 2 1470.414588863145
0.01 3 1363.323982848885
0.01 4 1363.3239638503026
0.01 5 1416.710989987066
0.01 6 1383.5048505735087
0.01 7 1380.6821761476353
0.01 8 1384.903368832
0.01 9 1385.5794940081876
0.01 10 1435.274476913924
0.01 11 1391.5509205043093
0.01 12 1392.1841684550977
0.01 13 1398.264190952
0.01 14 1395.688451346968
0.01 15 1403.0442814410344
0.01 16 1412.1631719038357
0.01 17 1410.8317107606986
0.01 18 1410.8360485133223
0.01 19 1412.1631717640093
0.01 20 1416.717188243504
0.01 21 1418.9004309593083
0.01 22 1422.5459523648724
0.01 23 1423.5514650680514
0.01 24 1423.5523711555193
0.01 25 1470.4145958137292
0.01 26 1432.7843672869965
0.01 27 1434.7974010991759
0.01 28 1435.2743675071877
0.01 29 1443.504247212324
0.01 30 1447.7152610066007
0.01 31 1449.5879699374957
0.01 32 1447.7149670998142
0.01 33 1449.5878741790236
0.01 34 1453.0733366572142
0.01 35 1453.073315547296
0.01 36 1449.5880250953842
0.01 37 1460.832964246
0.01 38 1462.834709838
0.01 39 1171.7468421605938
0.01 40 1449.5879866652542
0.01 41 1470.414585638701
0.01 42 1474.105857824
0.01 43 1463.2786388249274
0.01 44 1480.2979636795267
0.01 45 1494.4153310418903
0.01 46 1483.4721584361657
0.01 47 1490.0074946552709
0.01 48 1490.689979102
0.01 49 1494.415422564813
0.01 50 1496.5466691910433
0.01 51 1496.546669189458
0.01 52 1501.311900724
0.01 53 1321.3825849975499
0.01 54 1506.6145422414727
0.01 55 1508.644740944
0.01 56 1449.5875226750206
0.01 57 1513.53649688
0.01 58 1562.0005633169553
0.01 59 1517.704284812151
0.01 60 1518.0623826762458
0.01 61 1518.0623856016175
0.01 62 1531.0581749036128
0.01 63 1540.7522738114862
0.01 64 1532.2510277122833
0.01 65 1535.8177974360933
0.01 66 1537.663843670988
0.01 67 1539.386814506
0.01 68 1542.363390004478
0.01 69 1553.1383600144147
0.01 70 1548.2635398712341
0.01 71 1550.095694194
0.01 72 1550.4681240264968
0.01 73 1555.454360384552
0.01 74 1558.314153898
0.01 75 1562.00056331562
0.01 76 1565.204291391861
0.01 77 1565.195887892
0.01 78 1568.547977466597
0.01 79 1571.9999028123555
0.01 80 1572.5458844937925
0.01 81 1572.5450485861659
0.01 82 1580.118184728
0.01 83 1580.792487608474
0.01 84 1555.454360385157
0.01 85 1542.3633900072257
0.01 86 1651.1269796395748
0.01 87 1631.5250891840456
0.01 88 1640.6310141144756
0.01 89 1641.6973683616932
0.01 90 1631.5251122948641
0.01 91 1627.6115052089374
0.01 92 1627.5515461916034
0.01 93 1631.5251253039746
0.01 94 1627.551510595042
0.01 95 1627.6115000624611
0.01 96 1631.5251140340285
0.01 97 1618.8512437292063
0.01 98 1631.5240807403811
0.01 99 1631.524078395274
0.02 0 1363.323625977755
0.02 1 1363.323626358175
0.02 2 1349.7942961664494
0.02 3 1363.323626616665
0.02 4 1363.3236117079266
0.02 5 1416.7103490836032
0.02 6 1383.503849843261
0.02 7 1380.6799094967103
0.02 8 1384.903368832
0.02 9 1385.5792796811634
0.02 10 1435.2750142705454
0.02 11 1410.850700024528
0.02 12 1392.1839345174214
0.02 13 1398.264190952
0.02 14 1395.6431212996504
0.02 15 1403.0470793108452
0.02 16 1412.162902647473
0.02 17 1410.850658355614
0.02 18 1410.8501640274537
0.02 19 1412.1628997279902
0.02 20 1416.7111558343875
0.02 21 1418.900171483545
0.02 22 1422.545835569849
0.02 23 1423.552049210731
0.02 24 1423.554345713882
0.02 25 1470.4145818320549
0.02 26 1432.7822141935944
0.02 27 1434.7977102572524
0.02 28 1435.2744766974522
0.02 29 1443.5011443237336
0.02 30 1447.7148441562672
0.02 31 1449.5884238222463
0.02 32 1447.7135930026516
0.02 33 1449.588311602927
0.02 34 1453.0735917361844
0.02 35 1453.0736024438424
0.02 36 1449.5884499889921
0.02 37 1460.832964246
0.02 38 1462.834709838
0.02 39 1192.0103729955147
0.02 40 1470.414573350178
0.02 41 1470.4145913991595
0.02 42 1474.105857824
0.02 43 1463.278563177905
0.02 44 1480.2982203080949
0.02 45 1494.4518767545283
0.02 46 1483.4721501036493
0.02 47 1490.0074885558063
0.02 48 1490.689979102
0.02 49 1494.4517180449238
0.02 50 1496.546665655953
0.02 51 1496.5466656531783
0.02 52 1501.311900724
0.02 53 1392.1839345262308
0.02 54 1506.6146257330765
0.02 55 1508.644740944
0.02 56 1447.7114165042615
0.02 57 1513.53649688
0.02 58 1562.0005657706408
0.02 59 1517.7050818797186
0.02 60 1518.0628453771994
0.02 61 1518.062848297791
0.02 62 1531.0586831595724
0.02 63 1540.7605235677486
0.02 64 1532.254489760966
0.02 65 1535.8178074416323
0.02 66 1537.6550065467245
0.02 67 1539.386814506
0.02 68 1542.3633991758952
0.02 69 1553.1388388498824
0.02 70 1548.2638608578388
0.02 71 1550.095694194
0.02 72 1551.7993788441315
0.02 73 1555.4543655216025
0.02 74 1558.314153898
0.02 75 1562.0005657772713
0.02 76 1564.9865208500967
0.02 77 1565.195887892
0.02 78 1568.5480003607029
0.02 79 1572.0007897526912
0.02 80 1572.5459502431665
0.02 81 1572.545964172239
0.02 82 1577.718904723557
0.02 83 1580.7918391039416
0.02 84 1555.454365516388
0.02 85 1542.363399173306
0.02 86 1651.1269386577005
0.02 87 1631.5251329398495
0.02 88 1641.8621401654677
0.02 89 1641.698743196357
0.02 90 1631.5251162503619
0.02 91 1627.6114514406204
0.02 92 1627.5515791704663
0.02 93 1631.525123546093
0.02 94 1627.5516004708998
0.02 95 1627.6114453688963
0.02 96 1631.5251454860959
0.02 97 1618.8514360037962
0.02 98 1631.5240514969055
0.02 99 1631.524039022534
0.03 0 1363.3232827447878
0.03 1 1363.3232831674115
0.03 2 1470.4146003825153
0.03 3 1363.3232834201547
0.03 4 1363.3232831325663
0.03 5 1416.7174086142065
0.03 6 1383.5035735804433
0.03 7 1380.6777013886044
0.03 8 1384.903368832
0.03 9 1385.579065317689
0.03 10 1435.2753447538526
0.03 11 1391.5746276871268
0.03 12 1392.183700541246
0.03 13 1398.264190952
0.03 14 1395.626440204466
0.03 15 1403.0480804255442
0.03 16 1412.1626310588629
0.03 17 1410.865020115768
0.03 18 1410.8649900329365
0.03 19 1412.162634601704
0.03 20 1416.71125109925
0.03 21 1418.8999124970558
0.03 22 1422.5457466821665
0.03 23 1423.5561815235574
0.03 24 1423.5560511173924
0.03 25 1470.4145712604711
0.03 26 1432.7801125855424
0.03 27 1434.7980196599983
0.03 28 1435.275528325236
0.03 29 1443.4980465677613
0.03 30 1447.7141295079336
0.03 31 1449.5888778235042
0.03 32 1447.7137737807473
0.03 33 1449.5887488675392
0.03 34 1453.0739266978217
0.03 35 1453.0738889555862
0.03 36 1449.588874763171
0.03 37 1460.832964246
0.03 38 1462.834709838
0.03 39 925.5000526929849
0.03 40 1470.4145674470674
0.03 41 1470.4145757512701
0.03 42 1474.105857824
0.03 43 1463.2784315952958
0.03 44 1480.298476757201
0.03 45 1494.4841843047473
0.03 46 1483.4721413605832
0.03 47 1490.0074824366711
0.03 48 1490.689979102
0.03 49 1494.4841447236108
0.03 50 1496.5466621003868
0.03 51 1496.5466621138091
0.03 52 1501.311900724
0.03 53 1318.1658610898958
0.03 54 1506.614710385932
0.03 55 1508.644740944
0.03 56 1447.7140385974433
0.03 57 1513.53649688
0.03 58 1562.0005682258013
0.03 59 1517.7058721421276
0.03 60 1518.063308121161
0.03 61 1518.063311036972
0.03 62 1531.0631251916134
0.03 63 1540.7662919403479
0.03 64 1532.2519950686333
0.03 65 1535.8178174488069
0.03 66 1537.6472484951848
0.03 67 1539.386814506
0.03 68 1542.36340834558
0.03 69 1553.1389454861348
0.03 70 1548.2655098390735
0.03 71 1550.095694194
0.03 72 1551.8000734656462
0.03 73 1555.4543706482857
0.03 74 1558.314153898
0.03 75 1562.000568216993
0.03 76 1565.207753529644
0.03 77 1565.195887892
0.03 78 1568.5480151203715
0.03 79 1572.0016899560387
0.03 80 1572.5460056762042
0.03 81 1572.5459795870602
0.03 82 1577.7189380607447
0.03 83 1580.7911909629788
0.03 84 1555.4543706477327
0.03 85 1542.3634083388024
0.03 86 1651.1268976758495
0.03 87 1631.5250980618
0.03 88 1641.8446878081045
0.03 89 1641.6994404975846
0.03 90 1631.525119124559
0.03 91 1627.6114111405861
0.03 92 1627.551669331659
0.03 93 1631.525164273418
0.03 94 1631.5251193052113
0.03 95 1627.6113919290933
0.03 96 1631.5251159008117
0.03 97 1618.8515795335043
0.03 98 1625.6150834061345
0.03 99 1631.5240859404305
0.04 0 1363.3229396395604
0.04 1 1363.322940110351
0.04 2 1470.4145692823479
0.04 3 1363.3229263013418
0.04 4 1363.322940454583
0.04 5 1416.7174422177
0.04 6 1383.5027845738657
0.04 7 1380.6754993998043
0.04 8 1384.903368832
0.04 9 1385.5788509065808
0.04 10 1435.275337050413
0.04 11 1391.46191398735
0.04 12 1392.1834665129463
0.04 13 1398.264190952
0.04 14 1395.5994825734854
0.04 15 1403.0421787246123
0.04 16 1412.1623615647252
0.04 17 1410.878847180183
0.04 18 1410.8789893858532
0.04 19 1412.1623675923104
0.04 20 1416.7113109150214
0.04 21 1418.8996521019772
0.04 22 1422.5456178626391
0.04 23 1422.5456409900455
0.04 24 1423.557217320959
0.04 25 1470.414583272439
0.04 26 1432.7779563579693
0.04 27 1434.7983293075258
0.04 28 1435.2760344065323
0.04 29 1443.4949539240029
0.04 30 1447.713124031158
0.04 31 1449.58915530047
0.04 32 1447.7131595805652
0.04 33 1449.5891859730623
0.04 34 1453.0742187433762
0.04 35 1453.0742062900958
0.04 36 1449.5892994189207
0.04 37 1460.832964246
0.04 38 1462.834709838
0.04 39 1177.2708445254225
0.04 40 1470.4145615940301
0.04 41 1470.4145779456046
0.04 42 1474.105857824
0.04 43 1463.277960510509
0.04 44 1481.0221087850557
0.04 45 1494.513537550385
0.04 46 1483.472134957757
0.04 47 1490.0074763216471
0.04 48 1490.689979102
0.04 49 1494.5135396714227
0.04 50 1496.5466585622446
0.04 51 1496.546658560546
0.04 52 1501.311900724
0.04 53 1332.7832195564615
0.04 54 1506.6147957510625
0.04 55 1508.644740944
0.04 56 1447.7127670339237
0.04 57 1513.53649688
0.04 58 1562.000570674083
0.04 59 1517.7066596868908
0.04 60 1518.0637709078894
0.04 61 1518.0637738189187
0.04 62 1531.063686346046
0.04 63 1540.7755834603431
0.04 64 1532.2520368286193
0.04 65 1535.8178274563497
0.04 66 1537.6394834150597
0.04 67 1539.386814506
0.04 68 1542.3634175054972
0.04 69 1553.1392833777381
0.04 70 1548.2661846567053
0.04 71 1550.095694194
0.04 72 1551.800874357791
0.04 73 1555.454375781734
0.04 74 1558.314153898
0.04 75 1562.0005706675017
0.04 76 1565.207581304662
0.04 77 1565.195887892
0.04 78 1568.5480132051391
0.04 79 1572.002548032103
0.04 80 1572.5460611245699
0.04 81 1572.5460670318264
0.04 82 1577.7187656346794
0.04 83 1580.7905431859233
0.04 84 1555.4543757744202
0.04 85 1542.3634174971219
0.04 86 1651.1268566919655
0.04 87 1631.5251435184673
0.04 88 1641.8271681508184
0.04 89 1641.6989567632922
0.04 90 1631.5251213301547
0.04 91 1627.6113336755832
0.04 92 1627.5516767321267
0.04 93 1631.5251172281696
0.04 94 1627.6114284184605
0.04 95 1627.6113398834045
0.04 96 1631.5251140535956
0.04 97 1618.8516888835616
0.04 98 1625.613278056628
0.04 99 1631.5240867898422
0.05 0 1363.322596662002
0.05 1 1363.3225971878194
0.05 2 1470.4145561307619
0.05 3 1363.3225974165541
0.05 4 1363.322598892075
0.05 5 1416.711389478734
0.05 6 1383.5013106422548
0.05 7 1380.673343031907
0.05 8 1384.903368832
0.05 9 1385.5786364589226
0.05 10 1435.5629956200073
0.05 11 1410.8925810296387
0.05 12 1392.1832324343857
0.05 13 1398.264190952
0.05 14 1398.0601453752047
0.05 15 1403.0411349108072
0.05 16 1412.1620930792017
0.05 17 1410.892690936998
0.05 18 1410.8926739489432
0.05 19 1412.1620907371673
0.05 20 1416.7174954875943
0.05 21 1418.8993956070142
0.05 22 1422.545503123988
0.05 23 1422.5455021916914
0.05 24 1422.54559549584
0.05 25 1428.165543642
0.05 26 1432.7758806229779
0.05 27 1434.7986391999486
0.05 28 1435.2760578902894
0.05 29 1443.49186637685
0.05 30 1447.7112451957985
0.05 31 1449.58960790054
0.05 32 1447.7121322401304
0.05 33 1449.589622919772
0.05 34 1453.074469846289
0.05 35 1453.0745238014085
0.05 36 1449.5897239548424
0.05 37 1460.832964246
0.05 38 1462.834709838
0.05 39 1177.2709223030372
0.05 40 1470.4145555455868
0.05 41 1470.4145661592947
0.05 42 1474.105857824
0.05 43 1463.2781094804777
0.05 44 1481.0301995173913
0.05 45 1494.5189733664247
0.05 46 1483.4721271649403
0.05 47 1490.0074701921524
0.05 48 1490.689979102
0.05 49 1494.518806224702
0.05 50 1496.5466550048427
0.05 51 1496.5466550013746
0.05 52 1501.311900724
0.05 53 1325.6012556545033
0.05 54 1506.6148770379361
0.05 55 1508.644740944
0.05 56 1453.0745039384599
0.05 57 1513.53649688
0.05 58 1562.000573125637
0.05 59 1517.7074178904154
0.05 60 1518.0642337371435
0.05 61 1518.0642366433904
0.05 62 1531.0642476851365
0.05 63 1544.218822726474
0.05 64 1532.2524358376922
0.05 65 1535.8178374697766
0.05 66 1537.632698991687
0.05 67 1539.386814506
0.05 68 1542.3634266686022
0.05 69 1553.1395363256895
0.05 70 1548.267339189626
0.05 71 1550.095694194
0.05 72 1551.801317261756
0.05 73 1555.4543809008687
0.05 74 1558.314153898
0.05 75 1562.000573113503
0.05 76 1565.211110723327
0.05 77 1565.195887892
0.05 78 1568.5480376329763
0.05 79 1572.0034099484994
0.05 80 1572.5461165552886
0.05 81 1572.5457823936104
0.05 82 1577.7185056169974
0.05 83 1580.7895327930526
0.05 84 1555.4543809009297
0.05 85 1542.3634266746933
0.05 86 1651.126815710491
0.05 87 1631.5251071010762
0.05 88 1640.629089981996
0.05 89 1641.6996433678955
0.05 90 1631.5251231224315
0.05 91 1627.6113228830911
0.05 92 1625.6175855184558
0.05 93 1631.5251120046044
0.05 94 1627.6112961917202
0.05 95 1627.6112892912022
0.05 96 1631.5251393522194
0.05 97 1618.8518185892663
0.05 98 1625.6119410114502
0.05 99 1631.5240501372734
0.06 0 1363.3222538120237
0.06 1 1363.3222544007758
0.06 2 1470.4145365109453
0.06 3 1363.3222546095224
0.06 4 1363.322269880551
0.06 5 1416.7176259576092
0.06 6 1383.5005645293907
0.06 7 1380.671197913589
0.06 8 1384.903368832
0.06 9 1385.5784219849336
0.06 10 1435.2762353702294
0.06 11 1391.592718530522
0.06 12 1392.1829983005525
0.06 13 1398.264190952
0.06 14 1398.0697191606748
0.06 15 1403.0476322761301
0.06 16 1412.1618216074053
0.06 17 1410.9061009847512
0.06 18 1410.9060639394465
0.06 19 1412.161827643547
0.06 20 1416.711466111586
0.06 21 1418.8991318047224
0.06 22 1422.5454307077434
0.06 23 1422.8805898801327
0.06 24 1422.5454339683172
0.06 25 1428.165543642
0.06 26 1432.7737494697328
0.06 27 1434.7989493373789
0.06 28 1435.2763100671864
0.06 29 1443.4887838980153
0.06 30 1447.7113818759904
0.06 31 1449.5900603557864
0.06 32 1447.7112889086711
0.06 33 1449.5900597075083
0.06 34 1453.0747955510487
0.06 35 1453.0747775038233
0.06 36 1449.590148372769
0.06 37 1460.832964246
0.06 38 1462.834709838
0.06 39 1177.2710028777024
0.06 40 1470.4145498715186
0.06 41 1470.414565399882
0.06 42 1474.105857824
0.06 43 1463.2782588602372
0.06 44 1481.0339598835235
0.06 45 1494.7287198789506
0.06 46 1483.4721200886088
0.06 47 1490.007464050433
0.06 48 1490.689979102
0.06 49 1494.7287249032684
0.06 50 1496.546651438555
0.06 51 1496.5466514436007
0.06 52 1568.5477675686825
0.06 53 1428.1920722433638
0.06 54 1506.6149616531413
0.06 55 1508.644740944
0.06 56 1476.0417515058982
0.06 57 1513.53649688
0.06 58 1562.0005755622226
0.06 59 1517.7082537945878
0.06 60 1518.064696608682
0.06 61 1518.0646995101451
0.06 62 1531.0648092089627
0.06 63 1540.7969309406576
0.06 64 1532.2528889167354
0.06 65 1535.8178474827882
0.06 66 1537.6244045355263
0.06 67 1539.386814506
0.06 68 1542.3634358418283
0.06 69 1553.470835175941
0.06 70 1548.2681159872495
0.06 71 1550.095694194
0.06 72 1551.802212251751
0.06 73 1555.4543860341628
0.06 74 1558.314153898
0.06 75 1562.0005755603995
0.06 76 1564.994157767061
0.06 77 1565.195887892
0.06 78 1568.5480434301783
0.06 79 1572.004340659289
0.06 80 1572.0478259991596
0.06 81 1572.0478774048795
0.06 82 1577.7178701383998
0.06 83 1580.7888844646686
0.06 84 1555.4543860337637
0.06 85 1542.3634358411778
0.06 86 1651.126774732497
0.06 87 1631.525153583653
0.06 88 1641.7921531101579
0.06 89 1641.7000305861027
0.06 90 1631.5251239323222
0.06 91 1627.611228421329
0.06 92 1625.6114678815711
0.06 93 1631.525150859344
0.06 94 1627.6112551632511
0.06 95 1627.6112399464396
0.06 96 1631.525132359836
0.06 97 1618.8519979777082
0.06 98 1625.6109851711471
0.06 99 1631.524093018235
0.07 0 1363.3219110895325
0.07 1 1363.321911750327
0.07 2 1470.4145013455377
0.07 3 1363.3219272155095
0.07 4 1363.3219115154952
0.07 5 1416.7115409490593
0.07 6 1383.4998694163576
0.07 7 1380.6689719787614
0.07 8 1384.903368832
0.07 9 1385.5782074594351
0.07 10 1435.276698604793
0.07 11 1410.919228888618
0.07 12 1392.182764126948
0.07 13 1398.264190952
0.07 14 1398.0791101750838
0.07 15 1403.029612080074
0.07 16 1412.161548943848
0.07 17 1410.919238935194
0.07 18 1410.918627022772
0.07 19 1412.161552851214
0.07 20 1416.71152265094
0.07 21 1418.8988694916188
0.07 22 1422.545375678236
0.07 23 1422.5452803125884
0.07 24 1422.5453147429453
0.07 25 1428.165543642
0.07 26 1432.771645324886
0.07 27 1434.7992597199295
0.07 28 1435.276781847878
0.07 29 1443.4857064823887
0.07 30 1447.7100135501062
0.07 31 1449.5905126658508
0.07 32 1447.7102255647524
0.07 33 1449.5904963366659
0.07 34 1453.0751176702013
0.07 35 1453.0750625414423
0.07 36 1449.5905726742224
0.07 37 1460.832964246
0.07 38 1462.834709838
0.07 39 1177.2710896711408
0.07 40 1470.414543860283
0.07 41 1470.4145500808277
0.07 42 1474.105857824
0.07 43 1463.2782103906932
0.07 44 1481.0502571821514
0.07 45 1494.729088085732
0.07 46 1483.4721132509692
0.07 47 1490.0074579097884
0.07 48 1490.689979102
0.07 49 1494.7290934927516
0.07 50 1496.5466478699655
0.07 51 1496.546647871303
0.07 52 1568.5480914142315
0.07 53 1427.758373195697
0.07 54 1506.6150419514952
0.07 55 1508.644740944
0.07 56 1475.9892928488307
0.07 57 1513.53649688
0.07 58 1562.0005780028093
0.07 59 1517.709031627798
0.07 60 1518.0651595222628
0.07 61 1518.0651624189418
0.07 62 1531.0653709176033
0.07 63 1540.8072643761152
0.07 64 1532.2541370758277
0.07 65 1535.8178574962244
0.07 66 1537.6178974118397
0.07 67 1539.386814506
0.07 68 1542.3634450086477
0.07 69 1553.474520015206
0.07 70 1548.2691688250923
0.07 71 1550.095694194
0.07 72 1551.8031754877952
0.07 73 1555.454391166452
0.07 74 1558.314153898
0.07 75 1562.0005779979504
0.07 76 1565.2144066716214
0.07 77 1565.195887892
0.07 78 1568.5480229750442
0.07 79 1572.0051890586192
0.07 80 1572.005224802876
0.07 81 1572.0485468654335
0.07 82 1577.7179649881255
0.07 83 1580.788236498305
0.07 84 1555.4543911590824
0.07 85 1542.363445009297
0.07 86 1651.1267337495235
0.07 87 1631.5251152716842
0.07 88 1640.627803767833
0.07 89 1641.7005799471037
0.07 90 1631.525123788342
0.07 91 1631.5251223437915
0.07 92 1625.6092962074267
0.07 93 1631.5251901162933
0.07 94 1627.6112051924122
0.07 95 1627.6111919453
0.07 96 1631.5251539389146
0.07 97 1618.852135012496
0.07 98 1625.609394174031
0.07 99 1631.5240958430247
0.08 0 1363.3215684944303
0.08 1 1363.3215692377512
0.08 2 1470.414544338993
0.08 3 1363.3215693851603
0.08 4 1363.3215697617413
0.08 5 1416.7116027736552
0.08 6 1383.4993222283929
0.08 7 1380.6667981676635
0.08 8 1384.903368832
0.08 9 1385.5779928988516
0.08 10 1389.054722045029
0.08 11 1391.625019078993
0.08 12 1392.1825299055583
0.08 13 1398.264190952
0.08 14 1398.089818279224
0.08 15 1403.0314354936754
0.08 16 1412.1612822892575
0.08 17 1410.925122643723
0.08 18 1410.9251185099893
0.08 19 1412.1612873849128
0.08 20 1416.7116204601934
0.08 21 1418.8986140218399
0.08 22 1422.5451980588973
0.08 23 1422.5451871197986
0.08 24 1422.5452366501897
0.08 25 1428.165543642
0.08 26 1432.7695406816904
0.08 27 1434.799570347714
0.08 28 1435.2773238825685
0.08 29 1443.482634114306
0.08 30 1447.7093304945217
0.08 31 1449.5909648299778
0.08 32 1447.70893763948
0.08 33 1449.5909328070816
0.08 34 1453.0752928784439
0.08 35 1453.0753472018152
0.08 36 1449.590996860833
0.08 37 1460.832964246
0.08 38 1462.834709838
0.08 39 1193.859258470591
0.08 40 1470.4145375148314
0.08 41 1470.4145375724668
0.08 42 1474.105857824
0.08 43 1463.2781062554168
0.08 44 1481.0601072950174
0.08 45 1494.7294618239046
0.08 46 1483.4721054311274
0.08 47 1490.0074517581363
0.08 48 1490.689979102
0.08 49 1494.7294599779848
0.08 50 1496.5466442933134
0.08 51 1496.5466443017244
0.08 52 1568.547804038124
0.08 53 1328.9422219878732
0.08 54 1506.6151255421696
0.08 55 1508.644740944
0.08 56 1475.9367708371312
0.08 57 1513.53649688
0.08 58 1562.0005804433163
0.08 59 1517.7098005598718
0.08 60 1518.0656224776449
0.08 61 1518.065625369539
0.08 62 1531.065932811137
0.08 63 1540.813751728796
0.08 64 1532.2538469890833
0.08 65 1535.817867514334
0.08 66 1537.6174661574796
0.08 67 1539.386814506
0.08 68 1542.3634541791077
0.08 69 1553.3962715107466
0.08 70 1548.2702173690884
0.08 71 1550.095694194
0.08 72 1551.8019184816585
0.08 73 1555.4543962842142
0.08 74 1558.314153898
0.08 75 1562.0005804327895
0.08 76 1565.215631161748
0.08 77 1565.195887892
0.08 78 1568.5480420545898
0.08 79 1572.0061297139312
0.08 80 1572.0482731110565
0.08 81 1572.0483281419517
0.08 82 1577.7179385155243
0.08 83 1580.7875888942374
0.08 84 1555.454396280945
0.08 85 1542.36345418479
0.08 86 1651.1266927726774
0.08 87 1631.5251639694998
0.08 88 1641.7571573959976
0.08 89 1641.8693107399718
0.08 90 1631.525122557641
0.08 91 1631.5251593876928
0.08 92 1625.6079414252245
0.08 93 1631.5251362365868
0.08 94 1627.6111784976254
0.08 95 1627.6111454504455
0.08 96 1631.5251450431442
0.08 97 1618.8523014157117
0.08 98 1625.6108750671758
0.08 99 1631.5240591966772
0.09 0 1363.321226026614
0.09 1 1363.3212268645202
0.09 2 1470.4144966516487
0.09 3 1363.3212269679025
0.09 4 1363.321226972184
0.09 5 1416.711694393973
0.09 6 1383.498773991305
0.09 7 1380.666040877394
0.09 8 1384.903368832
0.09 9 1385.5777782866617
0.09 10 1389.0366244606034
0.09 11 1410.9251832896155
0.09 12 1392.1822956373799
0.09 13 1398.264190952
0.09 14 1398.0994593948244
0.09 15 1403.0408057942993
0.09 16 1412.1610097381977
0.09 17 1410.925176582054
0.09 18 1410.925174492712
0.09 19 1412.1610119347545
0.09 20 1416.7178415203452
0.09 21 1418.8983547116663
0.09 22 1422.4796501150067
0.09 23 1422.5450653228627
0.09 24 1422.8783657113843
0.09 25 1428.165543642
0.09 26 1432.7674065539486
0.09 27 1434.7998812208452
0.09 28 1435.27774639871
0.09 29 1443.500934555495
0.09 30 1447.7086184963434
0.09 31 1449.5914168481297
0.09 32 1447.7078348779205
0.09 33 1449.591369118617
0.09 34 1453.0756791600152
0.09 35 1453.0756943960334
0.09 36 1449.5914209315004
0.09 37 1460.832964246
0.09 38 1462.834709838
0.09 39 1177.2712397119935
0.09 40 1470.414531731346
0.09 41 1470.4145380812856
0.09 42 1474.105857824
0.09 43 1463.2778028741704
0.09 44 1481.068957340333
0.09 45 1494.7298261032597
0.09 46 1483.4720985838744
0.09 47 1487.790026284
0.09 48 1490.689979102
0.09 49 1494.7298287300991
0.09 50 1496.546640708311
0.09 51 1496.5466406985063
0.09 52 1568.548052290886
0.09 53 1332.7835096929532
0.09 54 1506.615210193837
0.09 55 1508.644740944
0.09 56 1475.8841852215614
0.09 57 1513.53649688
0.09 58 1562.0005828754609
0.09 59 1517.710648660673
0.09 60 1518.066085474586
0.09 61 1518.0660883616947
0.09 62 1531.0664948896415
0.09 63 1540.8256989307622
0.09 64 1532.2542148761872
0.09 65 1535.817877525971
0.09 66 1537.6159452624665
0.09 67 1539.386814506
0.09 68 1542.363463348068
0.09 69 1553.3688387979528
0.09 70 1548.271307986329
0.09 71 1550.095694194
0.09 72 1551.804695696607
0.09 73 1555.4544014101593
0.09 74 1558.314153898
0.09 75 1562.0005828820601
0.09 76 1565.2173354828706
0.09 77 1565.195887892
0.09 78 1568.5480569569204
0.09 79 1572.0070196595311
0.09 80 1572.0480831063755
0.09 81 1572.0480125114152
0.09 82 1577.7178194668488
0.09 83 1580.7869416528413
0.09 84 1555.4544014062267
0.09 85 1542.3634633515624
0.09 86 1651.1266517829956
0.09 87 1631.5251230733863
0.09 88 1641.7396335373912
0.09 89 1641.8605521459624
0.09 90 1631.52512116023
0.09 91 1631.5251671293313
0.09 92 1625.6066509354534
0.09 93 1631.5251290881697
0.09 94 1627.6110836296366
0.09 95 1627.61110024835
0.09 96 1631.525161550589
0.09 97 1618.8524209142638
0.09 98 1625.6081673328474
0.09 99 1631.5241058519914
0.1 0 1363.3208836859762
0.1 1 1363.3208846323234
0.1 2 1470.4145440548057
0.1 3 1363.3208846806463
0.1 4 1363.320884441008
0.1 5 1416.7179071678786
0.1 6 1383.497139716959
0.1 7 1380.6625586605517
0.1 8 1384.903368832
0.1 9 1385.5775636440687
0.1 10 1389.01785575163
0.1 11 1391.452671842
0.1 12 1392.1820613076661
0.1 13 1398.264190952
0.1 14 1398.1086394942274
0.1 15 1403.0488465667281
0.1 16 1412.160741736861
0.1 17 1410.9252775275181
0.1 18 1410.9252145508638
0.1 19 1412.1607425534855
0.1 20 1416.7117795623822
0.1 21 1418.8980934817655
0.1 22 1422.544965217809
0.1 23 1422.4798163935898
0.1 24 1422.5449487641577
0.1 25 1428.165543642
0.1 26 1432.7652711619971
0.1 27 1434.800192339436
0.1 28 1435.2783685592904
0.1 29 1443.4978788057163
0.1 30 1447.7077128730205
0.1 31 1449.591868719578
0.1 32 1447.7075493526206
0.1 33 1449.5918052716306
0.1 34 1453.0759903663213
0.1 35 1453.0759784042664
0.1 36 1449.5918448882742
0.1 37 1460.832964246
0.1 38 1462.834709838
0.1 39 1571.9971576880698
0.1 40 1470.4145252414773
0.1 41 1470.4145408782422
0.1 42 1474.105857824
0.1 43 1463.277951554176
0.1 44 1481.0787857311911
0.1 45 1494.7301960765224
0.1 46 1483.4720900197626
0.1 47 1487.8068947816569
0.1 48 1490.689979102
0.1 49 1494.730195781384
0.1 50 1496.5466371179248
0.1 51 1496.5466371183604
0.1 52 1568.545898718201
0.1 53 1332.7835685231605
0.1 54 1506.615291014791
0.1 55 1508.644740944
0.1 56 1475.8315363982213
0.1 57 1513.53649688
0.1 58 1562.0005853084012
0.1 59 1517.7114364476624
0.1 60 1518.066548512845
0.1 61 1518.0665513951674
0.1 62 1531.0670571531957
0.1 63 1540.8373867979285
0.1 64 1532.2545819289812
0.1 65 1535.8178875493616
0.1 66 1537.6149017938492
0.1 67 1539.386814506
0.1 68 1542.363472524532
0.1 69 1551.8056659973875
0.1 70 1548.2720149097722
0.1 71 1550.095694194
0.1 72 1551.8053359967566
0.1 73 1555.4544065330492
0.1 74 1558.314153898
0.1 75 1562.0005853144053
0.1 76 1565.2180725966455
0.1 77 1565.195887892
0.1 78 1568.5481418731617
0.1 79 1572.0079186923888
0.1 80 1572.0477972083572
0.1 81 1572.0477731923916
0.1 82 1577.71715054168
0.1 83 1580.78629477448
0.1 84 1555.4544065323703
0.1 85 1542.363472524396
0.1 86 1651.126610800709
0.1 87 1631.525173191654
0.1 88 1641.7220135396149
0.1 89 1641.8517910327553
0.1 90 1631.525210994646
0.1 91 1631.524087123134
0.1 92 1625.6052355668062
0.1 93 1631.5251664820464
0.1 94 1627.5519288560708
0.1 95 1627.6110568412191
0.1 96 1631.525147911833
0.1 97 1618.8525801856968
0.1 98 1625.6054898409288
0.1 99 1631.5216642982375
0.11 0 1363.3205414724032
0.11 1 1363.3205425430988
0.11 2 1470.4145241229244
0.11 3 1363.3205425234341
0.11 4 1363.3205421218634
0.11 5 1416.7179818724512
0.11 6 1383.4962357695847
0.11 7 1380.6602434000847
0.11 8 1384.903368832
0.11 9 1385.5773489685453
0.11 10 1388.9994381562665
0.11 11 1388.999587115946
0.11 12 1392.1818269279763
0.11 13 1398.264190952
0.11 14 1398.1183300725495
0.11 15 1403.0432451914778
0.11 16 1412.1604729976602
0.11 17 1410.9252431334528
0.11 18 1410.9202578732732
0.11 19 1412.1604762791526
0.11 20 1416.7180244516062
0.11 21 1418.897832615118
0.11 22 1422.5449192937704
0.11 23 1422.5448513030706
0.11 24 1422.5449607214937
0.11 25 1428.165543642
0.11 26 1432.7631641724674
0.11 27 1434.8005037035996
0.11 28 1435.2789285309636
0.11 29 1447.7052686093323
0.11 30 1447.7067591033287
0.11 31 1449.5923204439976
0.11 32 1447.7067308235464
0.11 33 1449.592241266259
0.11 34 1453.0762974134857
0.11 35 1453.076293825821
0.11 36 1449.5922687330767
0.11 37 1460.832964246
0.11 38 1462.834709838
0.11 39 1562.0005877391
0.11 40 1470.4145197218606
0.11 41 1470.4145392872933
0.11 42 1474.105857824
0.11 43 1463.2778183062933
0.11 44 1479.7959817491248
0.11 45 1494.7305643878317
0.11 46 1483.4720815468215
0.11 47 1487.8325580824385
0.11 48 1490.689979102
0.11 49 1494.7305670764247
0.11 50 1496.5466335179428
0.11 51 1496.5466335215685
0.11 52 1568.5476882736925
0.11 53 1332.783624712178
0.11 54 1506.6153745082563
0.11 55 1508.644740944
0.11 56 1476.0592916176474
0.11 57 1513.53649688
0.11 58 1562.000587735349
0.11 59 1517.712239948066
0.11 60 1518.067011592179
0.11 61 1518.0670144697144
0.11 62 1531.067619601878
0.11 63 1540.8460333550659
0.11 64 1532.2550028506898
0.11 65 1535.8178975563198
0.11 66 1537.6137707968037
0.11 67 1539.386814506
0.11 68 1542.3634816889453
0.11 69 1553.3194443182886
0.11 70 1548.2723122698108
0.11 71 1550.095694194
0.11 72 1551.8064838031669
0.11 73 1555.4544116483103
0.11 74 1558.314153898
0.11 75 1562.0005877390263
0.11 76 1565.2211321952964
0.11 77 1565.195887892
0.11 78 1568.548206096168
0.11 79 1572.0087836416278
0.11 80 1572.0475618625146
0.11 81 1572.0474995130048
0.11 82 1577.7172156634692
0.11 83 1580.7856482594884
0.11 84 1555.4544116545349
0.11 85 1542.3634816958236
0.11 86 1651.1265698208945
0.11 87 1631.5251589487889
0.11 88 1641.7044928028513
0.11 89 1641.8430274585673
0.11 90 1631.5251422107058
0.11 91 1631.525133533398
0.11 92 1625.6038847893224
0.11 93 1631.5251306298753
0.11 94 1627.552082698705
0.11 95 1627.611014724027
0.11 96 1631.5251613363826
0.11 97 1618.8527378041927
0.11 98 1625.6042506573258
0.11 99 1631.5217197547315
0.12 0 1363.320199385776
0.12 1 1363.320200599065
0.12 2 1481.7225353965828
0.12 3 1363.3202004963118
0.12 4 1363.3201999835871
0.12 5 1416.7180874599876
0.12 6 1383.4956082571857
0.12 7 1380.658049040355
0.12 8 1384.903368832
0.12 9 1385.5771342506152
0.12 10 1388.9821594026678
0.12 11 1391.452671842
0.12 12 1392.1815925126975
0.12 13 1398.264190952
0.12 14 1398.1275698438244
0.12 15 1403.0347580702974
0.12 16 1412.1602014243758
0.12 17 1410.925307518377
0.12 18 1410.9254475272
0.12 19 1412.1602006338603
0.12 20 1416.718055942742
0.12 21 1418.8975710953425
0.12 22 1422.5447586708258
0.12 23 1422.5447745297809
0.12 24 1422.5447789734017
0.12 25 1398.1276654409558
0.12 26 1432.761026570128
0.12 27 1434.800815313449
0.12 28 1435.2790197702082
0.12 29 1447.696436689526
0.12 30 1447.7059027901407
0.12 31 1449.5924065726288
0.12 32 1447.7058977088425
0.12 33 1449.592677102837
0.12 34 1453.0765685990905
0.12 35 1453.076545301485
0.12 36 1449.5926924653875
0.12 37 1460.832964246
0.12 38 1462.834709838
0.12 39 1190.1700024384882
0.12 40 1470.4145139090824
0.12 41 1470.4145234110883
0.12 42 1473.887343701626
0.12 43 1463.2775713316619
0.12 44 1479.7649889642796
0.12 45 1494.7309312849036
0.12 46 1483.4720739396544
0.12 47 1487.8356340426592
0.12 48 1490.689979102
0.12 49 1494.7309347798698
0.12 50 1496.546629919541
0.12 51 1496.546629918475
0.12 52 1568.5474686610494
0.12 53 1333.1843343996177
0.12 54 1506.6154555678077
0.12 55 1508.644740944
0.12 56 1476.0613427952098
0.12 57 1513.53649688
0.12 58 1562.0005901721802
0.12 59 1517.713037840293
0.12 60 1518.0674747123464
0.12 61 1518.0674775850941
0.12 62 1531.0681822357672
0.12 63 1540.8571680695052
0.12 64 1532.2555321476375
0.12 65 1535.8179075806208
0.12 66 1537.6128576656847
0.12 67 1539.386814506
0.12 68 1542.3634908683478
0.12 69 1553.2967542407778
0.12 70 1548.274083019232
0.12 71 1550.095694194
0.12 72 1551.8071967668618
0.12 73 1555.454416776922
0.12 74 1558.314153898
0.12 75 1562.000590168947
0.12 76 1565.2228054034383
0.12 77 1565.195887892
0.12 78 1568.5492355878011
0.12 79 1572.0096008106746
0.12 80 1572.0473683988023
0.12 81 1572.0472629126527
0.12 82 1577.7171973970455
0.12 83 1580.7848781069313
0.12 84 1555.4544167742429
0.12 85 1542.3634908636707
0.12 86 1651.1265288401146
0.12 87 1631.5251790248478
0.12 88 1631.5251434623717
0.12 89 1641.8342613685757
0.12 90 1631.525140046691
0.12 91 1631.5240901304578
0.12 92 1625.6025356435682
0.12 93 1631.525142261367
0.12 94 1627.552158272554
0.12 95 1627.6109125518897
0.12 96 1631.5251431937172
0.12 97 1618.852890970386
0.12 98 1625.602691034674
0.12 99 1631.5217745156785
0.13 0 1363.3198574259686
0.13 1 1363.319858802756
0.13 2 1470.4145148413008
0.13 3 1363.3198585993282
0.13 4 1363.319858005982
0.13 5 1416.7120150667565
0.13 6 1383.4945078506955
0.13 7 1380.6558581668128
0.13 8 1384.903368832
0.13 9 1385.5769194959744
0.13 10 1388.9696806714908
0.13 11 1410.9255407710177
0.13 12 1392.181358042555
0.13 13 1398.264190952
0.13 14 1398.1368448532048
0.13 15 1403.0394118672114
0.13 16 1412.1599285431696
0.13 17 1410.9255382240974
0.13 18 1410.9255323975701
0.13 19 1412.1599308507507
0.13 20 1416.712024129721
0.13 21 1418.897312495228
0.13 22 1422.5446315193503
0.13 23 1422.5446998540003
0.13 24 1422.5446898624061
0.13 25 1398.1366734506835
0.13 26 1432.7589180423051
0.13 27 1434.801127169098
0.13 28 1435.2797049898572
0.13 29 1447.6876217226222
0.13 30 1447.7049983554036
0.13 31 1449.5928562846382
0.13 32 1447.7049550698548
0.13 33 1449.593112780715
0.13 34 1453.0768682060423
0.13 35 1453.076859844356
0.13 36 1449.5931160866007
0.13 37 1460.832964246
0.13 38 1462.834709838
0.13 39 1192.2146905271488
0.13 40 1470.4145082090963
0.13 41 1474.8848689930155
0.13 42 1474.105857824
0.13 43 1463.2774940177155
0.13 44 1479.7312156153284
0.13 45 1481.147614894
0.13 46 1483.4720673607158
0.13 47 1487.8359397932652
0.13 48 1490.689979102
0.13 49 1494.7313039474059
0.13 50 1496.5466262981085
0.13 51 1496.5466263029505
0.13 52 1568.5487189698138
0.13 53 1333.18427098291
0.13 54 1506.6155392434248
0.13 55 1508.644740944
0.13 56 1476.06225551153
0.13 57 1513.430314203513
0.13 58 1562.000592603941
0.13 59 1517.7138202193032
0.13 60 1518.0679378731045
0.13 61 1518.067940741064
0.13 62 1531.0687450549408
0.13 63 1540.8666916128568
0.13 64 1532.2558964953657
0.13 65 1535.8179176054941
0.13 66 1537.611930346659
0.13 67 1539.386814506
0.13 68 1542.3635000431902
0.13 69 1553.2748971326466
0.13 70 1548.2740068133016
0.13 71 1550.095694194
0.13 72 1551.807967723399
0.13 73 1555.454421896366
0.13 74 1558.314153898
0.13 75 1562.000592599195
0.13 76 1565.224414636107
0.13 77 1565.195887892
0.13 78 1568.5776338634842
0.13 79 1572.0105264838573
0.13 80 1572.0480065598654
0.13 81 1572.0479849023263
0.13 82 1577.7169472653047
0.13 83 1580.7842318860469
0.13 84 1555.4544218809206
0.13 85 1542.3635000431323
0.13 86 1651.1264878550144
0.13 87 1631.5251656404016
0.13 88 1631.5251486418729
0.13 89 1641.8254926999382
0.13 90 1631.5251372119114
0.13 91 1631.526227849383
0.13 92 1625.6040452490538
0.13 93 1631.5251778620086
0.13 94 1627.552188923649
0.13 95 1627.6108735441542
0.13 96 1631.5251538863533
0.13 97 1618.8530325202105
0.13 98 1625.6018672127186
0.13 99 1631.5218285822468
0.14 0 1363.319515592849
0.14 1 1363.31951715706
0.14 2 1470.4145116392135
0.14 3 1363.3195168325337
0.14 4 1363.3195161763379
0.14 5 1416.7182885984935
0.14 6 1383.493670484117
0.14 7 1380.6537059208802
0.14 8 1384.903368832
0.14 9 1385.5767046934304
0.14 10 1388.9492308299402
0.14 11 1410.9568173263194
0.14 12 1392.1811235189202
0.14 13 1398.264190952
0.14 14 1398.1434957788174
0.14 15 1403.042516415327
0.14 16 1412.1596580043781
0.14 17 1410.9575983171003
0.14 18 1410.925584890241
0.14 19 1412.159655849083
0.14 20 1416.718220954699
0.14 21 1418.8970519276409
0.14 22 1422.4798958289582
0.14 23 1422.5445272900115
0.14 24 1422.544544938592
0.14 25 1398.8089919960607
0.14 26 1432.756778168585
0.14 27 1434.801439270659
0.14 28 1435.2800721731212
0.14 29 1447.703167155574
0.14 30 1447.7037058055928
0.14 31 1449.593305842325
0.14 32 1447.7038448681656
0.14 33 1449.593548300683
0.14 34 1453.077163575301
0.14 35 1453.077174115286
0.14 36 1449.5935395985491
0.14 37 1460.832964246
0.14 38 1462.834709838
0.14 39 1193.8594956919078
0.14 40 1470.4145016596242
0.14 41 1474.9602611013302
0.14 42 1474.105857824
0.14 43 1463.2776699749604
0.14 44 1479.707719154321
0.14 45 1481.147614894
0.14 46 1483.4720594963908
0.14 47 1487.836134538378
0.14 48 1490.689979102
0.14 49 1494.7316712734137
0.14 50 1496.546622679256
0.14 51 1496.5466226831743
0.14 52 1568.5483259126788
0.14 53 1333.1842075631794
0.14 54 1506.6156189324122
0.14 55 1508.644740944
0.14 56 1476.063159739861
0.14 57 1513.4314492780104
0.14 58 1562.0005950203058
0.14 59 1517.7146206695538
0.14 60 1518.0684010742111
0.14 61 1518.068403937382
0.14 62 1531.0693080594783
0.14 63 1540.8760957386023
0.14 64 1532.2582240328015
0.14 65 1535.8179276263659
0.14 66 1537.6108438724832
0.14 67 1539.386814506
0.14 68 1542.3635092195316
0.14 69 1553.254342089284
0.14 70 1548.2753996567135
0.14 71 1550.095694194
0.14 72 1551.8088168052348
0.14 73 1555.4544270090846
0.14 74 1558.314153898
0.14 75 1562.000595028226
0.14 76 1565.2251830484345
0.14 77 1565.195887892
0.14 78 1568.577645224
0.14 79 1572.0114294223877
0.14 80 1572.0487888194402
0.14 81 1572.0487870533004
0.14 82 1577.716332669413
0.14 83 1580.7835235937775
0.14 84 1555.4544270112942
0.14 85 1542.3635092217892
0.14 86 1651.1264468759723
0.14 87 1631.5251857973699
0.14 88 1631.525147271203
0.14 89 1641.8167215351755
0.14 90 1631.5251917320024
0.14 91 1631.5251897785242
0.14 92 1625.6001609454809
0.14 93 1631.5251627802281
0.14 94 1627.6108295076315
0.14 95 1627.6108053604844
0.14 96 1631.5251907133306
0.14 97 1618.8531653814064
0.14 98 1625.600723796243
0.14 99 1631.5218819577472
0.15 0 1363.3191738862781
0.15 1 1363.319188139752
0.15 2 1470.414503121056
0.15 3 1363.3191751959837
0.15 4 1363.319179483978
0.15 5 1416.7183387457535
0.15 6 1383.492922054499
0.15 7 1380.6515316367265
0.15 8 1384.903368832
0.15 9 1385.5764898546968
0.15 10 1388.933625737954
0.15 11 1391.6847577433207
0.15 12 1392.180888956585
0.15 13 1398.264190952
0.15 14 1398.1535554919035
0.15 15 1403.0439526755588
0.15 16 1412.1593885659508
0.15 17 1410.9570150684112
0.15 18 1410.925705628919
0.15 19 1412.1593887492888
0.15 20 1416.7182945738607
0.15 21 1418.89679099479
0.15 22 1422.4799864890629
0.15 23 1422.5444332008055
0.15 24 1422.5444202567032
0.15 25 1398.8087396063763
0.15 26 1432.7546680248768
0.15 27 1434.801751618246
0.15 28 1435.2805743696679
0.15 29 1447.702724148471
0.15 30 1447.7029965653342
0.15 31 1449.5937552497937
0.15 32 1447.703130416562
0.15 33 1449.593983662607
0.15 34 1453.0774259068783
0.15 35 1453.0774563665034
0.15 36 1449.5939630012585
0.15 37 1460.832964246
0.15 38 1462.834709838
0.15 39 1029.2495336650313
0.15 40 1470.4144956467374
0.15 41 1475.0110014708678
0.15 42 1474.105857824
0.15 43 1463.277111937816
0.15 44 1479.6833360430317
0.15 45 1481.147614894
0.15 46 1483.4720519775644
0.15 47 1487.8325749724645
0.15 48 1490.689979102
0.15 49 1494.7320413349735
0.15 50 1496.5466190595735
0.15 51 1496.5466190554866
0.15 52 1568.548178409798
0.15 53 1332.7838571335512
0.15 54 1506.6157061141132
0.15 55 1508.644740944
0.15 56 1476.0639519407468
0.15 57 1513.4331260749277
0.15 58 1562.0005974403539
0.15 59 1517.715404106463
0.15 60 1518.0688643154235
0.15 61 1518.068867173805
0.15 62 1531.0698712494573
0.15 63 1540.8847558582038
0.15 64 1532.2566226763922
0.15 65 1535.8179376470105
0.15 66 1537.6097676770878
0.15 67 1539.386814506
0.15 68 1542.3635183922445
0.15 69 1553.2350568423933
0.15 70 1548.2753207666954
0.15 71 1550.095694194
0.15 72 1551.808250927027
0.15 73 1555.4544321282385
0.15 74 1558.314153898
0.15 75 1562.000597445706
0.15 76 1565.2269355448843
0.15 77 1565.195887892
0.15 78 1568.548192427754
0.15 79 1572.012283459655
0.15 80 1572.0496627393557
0.15 81 1572.0496676815628
0.15 82 1577.716480076157
0.15 83 1580.7827839033066
0.15 84 1555.454432131213
0.15 85 1542.363518392308
0.15 86 1651.1264058919844
0.15 87 1631.5251685359779
0.15 88 1631.5251793017426
0.15 89 1640.6130510070166
0.15 90 1631.5251908600408
0.15 91 1625.6538495975083
0.15 92 1625.5987546491024
0.15 93 1631.5251717899462
0.15 94 1627.6138415900043
0.15 95 1627.6107695673845
0.15 96 1631.5251668671958
0.15 97 1618.853325267723
0.15 98 1625.598908604709
0.15 99 1631.5219347042093
0.16 0 1363.3188211227282
0.16 1 1363.3188343311172
0.16 2 1467.362257543387
0.16 3 1363.318833689736
0.16 4 1363.3188455500476
0.16 5 1416.7121946757172
0.16 6 1383.4920718215817
0.16 7 1380.6493180636755
0.16 8 1384.903368832
0.16 9 1385.5762749839464
0.16 10 1388.9189486544415
0.16 11 1391.452671842
0.16 12 1392.180654346836
0.16 13 1398.264190952
0.16 14 1398.1535989247952
0.16 15 1403.0519928921492
0.16 16 1412.1591210202514
0.16 17 1410.9604246581307
0.16 18 1410.925768881227
0.16 19 1412.1591173779593
0.16 20 1416.7122502823322
0.16 21 1418.8965323395819
0.16 22 1422.5443204172568
0.16 23 1422.4799657392605
0.16 24 1422.5443960180123
0.16 25 1398.8084871562735
0.16 26 1432.7525319981364
0.16 27 1434.802064211972
0.16 28 1435.2813166841108
0.16 29 1447.6995342691189
0.16 30 1447.7021909672821
0.16 31 1449.5942045068605
0.16 32 1447.7022584129083
0.16 33 1449.594418866195
0.16 34 1453.0777692870163
0.16 35 1453.077770047137
0.16 36 1449.594386295847
0.16 37 1460.832964246
0.16 38 1462.834709838
0.16 39 1198.6950676236734
0.16 40 1470.4144899899372
0.16 41 1475.0431122403522
0.16 42 1474.105857824
0.16 43 1463.2773728508216
0.16 44 1479.6493704721017
0.16 45 1481.147614894
0.16 46 1483.4720448714975
0.16 47 1487.8347492919288
0.16 48 1490.689979102
0.16 49 1494.7324085785633
0.16 50 1496.546615424126
0.16 51 1496.5466154219619
0.16 52 1568.5476921350028
0.16 53 1338.4501453343605
0.16 54 1506.6157872037281
0.16 55 1508.644740944
0.16 56 1476.0650460763131
0.16 57 1513.4348731020348
0.16 58 1562.0005998640481
0.16 59 1517.716224224693
0.16 60 1518.0693275964993
0.16 61 1518.0693304500908
0.16 62 1531.0704346249568
0.16 63 1540.894820368172
0.16 64 1532.2572023385924
0.16 65 1535.8179476764453
0.16 66 1537.6090574653822
0.16 67 1539.386814506
0.16 68 1542.363527571988
0.16 69 1553.2187730777491
0.16 70 1548.2752419850942
0.16 71 1550.095694194
0.16 72 1551.810319404149
0.16 73 1555.4544372406708
0.16 74 1558.314153898
0.16 75 1562.000599864888
0.16 76 1565.2294222899593
0.16 77 1565.195887892
0.16 78 1568.5481079953101
0.16 79 1572.0132095461213
0.16 80 1572.0504472022894
0.16 81 1572.0504532286218
0.16 82 1577.716513741446
0.16 83 1580.7821382279453
0.16 84 1555.4544372485802
0.16 85 1542.3635275584118
0.16 86 1651.126364906794
0.16 87 1631.5251860741516
0.16 88 1631.5251747548318
0.16 89 1640.6158385775936
0.16 90 1631.5251895549827
0.16 91 1625.59713667761
0.16 92 1625.5975418301448
0.16 93 1631.5251540283045
0.16 94 1631.525148499747
0.16 95 1627.6107352806612
0.16 96 1631.5251711197138
0.16 97 1618.8534287607556
0.16 98 1625.597213858159
0.16 99 1631.5219867588135
0.17 0 1363.318502336212
0.17 1 1363.3184853712296
0.17 2 1467.3454936077262
0.17 3 1363.3184923138517
0.17 4 1363.318490687547
0.17 5 1416.7123655758744
0.17 6 1383.4914246326455
0.17 7 1380.6471611866339
0.17 8 1384.903368832
0.17 9 1385.5760600549402
0.17 10 1388.9037051353405
0.17 11 1391.6942485827185
0.17 12 1392.1804196655671
0.17 13 1398.264190952
0.17 14 1398.1531849891016
0.17 15 1403.0498161679104
0.17 16 1412.158846934083
0.17 17 1410.9569595134492
0.17 18 1410.9258455262816
0.17 19 1412.1588468329915
0.17 20 1416.7123570365852
0.17 21 1418.8962659247384
0.17 22 1422.5442387187359
0.17 23 1422.5441965122286
0.17 24 1422.5442369327568
0.17 25 1398.8082346537499
0.17 26 1432.7504367104148
0.17 27 1434.8023770519505
0.17 28 1435.2813677078163
0.17 29 1447.7006879902688
0.17 30 1447.7011911107445
0.17 31 1449.59465361293
0.17 32 1447.7011741816402
0.17 33 1449.594853912037
0.17 34 1453.0780239844762
0.17 35 1453.078019769712
0.17 36 1449.594809475379
0.17 37 1460.832964246
0.17 38 1462.834709838
0.17 39 1198.7214037754961
0.17 40 1470.4144839531787
0.17 41 1475.2060872191234
0.17 42 1474.105857824
0.17 43 1463.277407286381
0.17 44 1479.6239608603826
0.17 45 1481.147614894
0.17 46 1483.4720365246517
0.17 47 1487.8328216798193
0.17 48 1490.689979102
0.17 49 1494.7327773325678
0.17 50 1496.5466117899914
0.17 51 1496.546611789031
0.17 52 1568.547767568047
0.17 53 1463.2773681771007
0.17 54 1506.615869666535
0.17 55 1508.644740944
0.17 56 1476.0660284687235
0.17 57 1513.4358460829178
0.17 58 1562.0006022822188
0.17 59 1517.717000356743
0.17 60 1518.0697909171952
0.17 61 1518.0697937659963
0.17 62 1531.070998186055
0.17 63 1540.9040788796442
0.17 64 1532.2575631321972
0.17 65 1535.8179577011065
0.17 66 1537.6077737448268
0.17 67 1539.386814506
0.17 68 1542.36353675378
0.17 69 1553.1980745413614
0.17 70 1548.2751633118241
0.17 71 1550.095694194
0.17 72 1551.8110940520583
0.17 73 1555.454442357067
0.17 74 1558.314153898
0.17 75 1562.000602284941
0.17 76 1565.2310655523838
0.17 77 1565.195887892
0.17 78 1568.5480449008965
0.17 79 1572.0141238242604
0.17 80 1572.0514116525349
0.17 81 1572.05129533261
0.17 82 1577.7163157081113
0.17 83 1580.7813982810658
0.17 84 1555.4544423576954
0.17 85 1542.3635367570707
0.17 86 1651.1263239252905
0.17 87 1631.5251672214101
0.17 88 1631.525165998721
0.17 89 1641.7903927433808
0.17 90 1631.5251875912932
0.17 91 1625.5961574586927
0.17 92 1625.5960124311498
0.17 93 1631.525160901891
0.17 94 1631.5251771992707
0.17 95 1627.6107029701493
0.17 96 1631.5252026799124
0.17 97 1618.8536073449711
0.17 98 1625.5958164454082
0.17 99 1631.5220380823766
0.18 0 1363.3181382516134
0.18 1 1363.3181546522603
0.18 2 1467.3310759599108
0.18 3 1363.3181510683958
0.18 4 1363.3181577740327
0.18 5 1416.7185390096486
0.18 6 1383.4902731080094
0.18 7 1380.6449831779614
0.18 8 1384.903368832
0.18 9 1385.5758451078725
0.18 10 1388.8885809688763
0.18 11 1391.7017369494686
0.18 12 1392.1801849459403
0.18 13 1398.264190952
0.18 14 1398.1513837062114
0.18 15 1403.044244389605
0.18 16 1412.1585747616843
0.18 17 1410.9570119680238
0.18 18 1410.9259552303563
0.18 19 1412.1585752814096
0.18 20 1416.7124138455329
0.18 21 1418.8960081150149
0.18 22 1422.5440992210076
0.18 23 1422.5440933611367
0.18 24 1422.5441238475835
0.18 25 1398.1530146836883
0.18 26 1432.748271414784
0.18 27 1434.8026901382948
0.18 28 1435.2819387170948
0.18 29 1447.699417077964
0.18 30 1447.7004363392039
0.18 31 1449.5951025675495
0.18 32 1447.7001164856945
0.18 33 1449.5952887999
0.18 34 1453.0783279582001
0.18 35 1453.078332816558
0.18 36 1449.5952325581563
0.18 37 1460.9157055004673
0.18 38 1462.834709838
0.18 39 1549.9804944266418
0.18 40 1470.414477412073
0.18 41 1475.2634460539566
0.18 42 1474.105857824
0.18 43 1463.277103163371
0.18 44 1479.602241082859
0.18 45 1481.147614894
0.18 46 1483.4720287706448
0.18 47 1487.83637487914
0.18 48 1490.689979102
0.18 49 1494.7331429970259
0.18 50 1496.546608138774
0.18 51 1496.5466081346005
0.18 52 1572.0149526927796
0.18 53 1338.4501371260749
0.18 54 1506.6159523193287
0.18 55 1508.644740944
0.18 56 1476.0668991466544
0.18 57 1513.53649688
0.18 58 1562.000604690273
0.18 59 1517.7178118160764
0.18 60 1518.0702542772683
0.18 61 1518.0702571212787
0.18 62 1531.0715619328307
0.18 63 1544.1228789085599
0.18 64 1532.257977443238
0.18 65 1535.8179677308558
0.18 66 1537.6068831112818
0.18 67 1539.386814506
0.18 68 1542.3635459280604
0.18 69 1553.1799761555867
0.18 70 1548.2795379736344
0.18 71 1550.095694194
0.18 72 1551.8119691243514
0.18 73 1555.4544474694083
0.18 74 1558.314153898
0.18 75 1562.0006046950632
0.18 76 1565.2327168521804
0.18 77 1565.195887892
0.18 78 1568.5480428250244
0.18 79 1572.0149977969022
0.18 80 1572.0520999779717
0.18 81 1572.0521190570403
0.18 82 1577.7159832137706
0.18 83 1580.7807536753203
0.18 84 1555.45444746965
0.18 85 1542.3635459261468
0.18 86 1651.126282945342
0.18 87 1631.5251843152646
0.18 88 1631.5252216014549
0.18 89 1641.7816113461804
0.18 90 1631.525184782603
0.18 91 1625.595240896592
0.18 92 1625.5949331554089
0.18 93 1631.5251932627382
0.18 94 1631.5251693134426
0.18 95 1627.6106104776602
0.18 96 1631.5251730553443
0.18 97 1618.853733053884
0.18 98 1625.594452627101
0.18 99 1631.5220888492108
0.19 0 1363.3178084424837
0.19 1 1363.3178141549083
0.19 2 1467.3171207719083
0.19 3 1363.317809953437
0.19 4 1363.3178091142136
0.19 5 1416.7187149867048
0.19 6 1383.4893828246572
0.19 7 1380.6428263954397
0.19 8 1384.903368832
0.19 9 1385.575630105538
0.19 10 1388.874280041337
0.19 11 1410.9570927921002
0.19 12 1392.1799501838298
0.19 13 1398.264190952
0.19 14 1398.1514367016944
0.19 15 1403.0505986796823
0.19 16 1412.1583015113383
0.19 17 1410.9570273905697
0.19 18 1410.9259933957737
0.19 19 1412.1583035307106
0.19 20 1416.7124957026733
0.19 21 1418.8957439414787
0.19 22 1422.5440019931648
0.19 23 1422.5440454073573
0.19 24 1422.5439967031691
0.19 25 1388.874263342997
0.19 26 1432.7461042760326
0.19 27 1434.8030034711187
0.19 28 1435.2822544590895
0.19 29 1447.6995040840206
0.19 30 1447.6991944300974
0.19 31 1449.5955513703377
0.19 32 1447.6990362349302
0.19 33 1449.5957235301346
0.19 34 1453.078650410863
0.19 35 1453.0786455960108
0.19 36 1449.5956555344294
0.19 37 1460.9181659469166
0.19 38 1462.834709838
0.19 39 1185.2414935299546
0.19 40 1470.4144711429174
0.19 41 1475.3079513177197
0.19 42 1474.105857824
0.19 43 1463.2772496980363
0.19 44 1479.5835000114914
0.19 45 1481.147614894
0.19 46 1483.472021572807
0.19 47 1487.8330057543396
0.19 48 1490.689979102
0.19 49 1494.7335171192376
0.19 50 1496.546604480308
0.19 51 1496.5466044787574
0.19 52 1572.015887271876
0.19 53 1339.7090190847841
0.19 54 1506.6160319447024
0.19 55 1508.644740944
0.19 56 1476.0678650983618
0.19 57 1513.53649688
0.19 58 1562.000607105513
0.19 59 1517.718596779071
0.19 60 1518.0707176764759
0.19 61 1518.0707205156948
0.19 62 1531.0721258653618
0.19 63 1544.1159985415038
0.19 64 1532.258390813096
0.19 65 1535.817977763158
0.19 66 1537.6062793656822
0.19 67 1539.386814506
0.19 68 1542.363555107197
0.19 69 1553.1671277582718
0.19 70 1548.2794506326388
0.19 71 1550.095694194
0.19 72 1551.8126850564543
0.19 73 1555.4544525851338
0.19 74 1558.314153898
0.19 75 1562.0006071073028
0.19 76 1566.3118679083057
0.19 77 1565.195887892
0.19 78 1568.5480166692937
0.19 79 1572.015895339842
0.19 80 1572.0529228097344
0.19 81 1572.0529591755385
0.19 82 1577.7159706273455
0.19 83 1580.779981031242
0.19 84 1555.454452580457
0.19 85 1542.3635551093942
0.19 86 1651.1262419554832
0.19 87 1631.525161867725
0.19 88 1631.525208589275
0.19 89 1641.7728275589668
0.19 90 1631.5251819998875
0.19 91 1625.5931265794857
0.19 92 1625.5931523046174
0.19 93 1631.5251715902325
0.19 94 1631.525194456529
0.19 95 1627.6105505363669
0.19 96 1631.5252007932215
0.19 97 1618.8539188467876
0.19 98 1625.5933870308113
0.19 99 1631.522138982623
0.2 0 1363.3174563653172
0.2 1 1363.3174738749644
0.2 2 1467.3026148870922
0.2 3 1363.3174689690475
0.2 4 1363.3174680855916
0.2 5 1416.7187518441563
0.2 6 1383.488607513975
0.2 7 1380.6406351227972
0.2 8 1384.903368832
0.2 9 1385.5754150797736
0.2 10 1388.8603739789953
0.2 11 1410.926118448907
0.2 12 1392.1797153704724
0.2 13 1398.264190952
0.2 14 1398.1522263374711
0.2 15 1403.0526826227867
0.2 16 1412.1580300017843
0.2 17 1410.9570888022806
0.2 18 1410.9256136691179
0.2 19 1412.1580304689162
0.2 20 1416.7187070401158
0.2 21 1418.8954829801387
0.2 22 1422.48015484191
0.2 23 1422.543889691784
0.2 24 1422.543894466222
0.2 25 1410.9570416888275
0.2 26 1432.7439704184007
0.2 27 1434.803317050535
0.2 28 1435.282712924252
0.2 29 1447.6984619773768
0.2 30 1447.5952551849625
0.2 31 1449.5960000209643
0.2 32 1447.6985224908144
0.2 33 1449.5961581026843
0.2 34 1453.0789406359206
0.2 35 1453.0789261208254
0.2 36 1449.5960784073736
0.2 37 1460.9200015832048
0.2 38 1462.834709838
0.2 39 1205.7040638327114
0.2 40 1470.4144652737434
0.2 41 1475.3499765907159
0.2 42 1474.105857824
0.2 43 1463.2771706663614
0.2 44 1479.5797956059832
0.2 45 1481.147614894
0.2 46 1483.4720135446291
0.2 47 1487.833898182013
0.2 48 1490.689979102
0.2 49 1494.7338769019814
0.2 50 1496.546600819354
0.2 51 1496.546600817717
0.2 52 1572.0540919635268
0.2 53 1338.4501208935326
0.2 54 1506.6161161138807
0.2 55 1508.644740944
0.2 56 1475.349961058031
0.2 57 1513.53649688
0.2 58 1562.0006095125905
0.2 59 1517.7193723695777
0.2 60 1518.071181114574
0.2 61 1518.0711839490014
0.2 62 1531.0726899837277
0.2 63 1540.9296772812868
0.2 64 1532.2599426989088
0.2 65 1535.8179877887703
0.2 66 1537.6048289604416
0.2 67 1539.386814506
0.2 68 1542.363564288393
0.2 69 1553.1463879445118
0.2 70 1548.2793634119398
0.2 71 1550.095694194
0.2 72 1551.8135483816136
0.2 73 1555.4544576882352
0.2 74 1558.314153898
0.2 75 1562.000609517273
0.2 76 1566.2770411050242
0.2 77 1565.195887892
0.2 78 1568.5480683735207
0.2 79 1572.0167870132168
0.2 80 1572.053750561271
0.2 81 1572.0537613125966
0.2 82 1577.7156627102586
0.2 83 1580.7793360397789
0.2 84 1555.454457695436
0.2 85 1542.363564293447
0.2 86 1651.1262009832105
0.2 87 1631.525178658225
0.2 88 1631.5251920779697
0.2 89 1641.7640410287802
0.2 90 1631.5251772854556
0.2 91 1625.591815074251
0.2 92 1625.5923363004692
0.2 93 1631.525175432387
0.2 94 1631.5252075759113
0.2 95 1627.6105230389549
0.2 96 1631.5251796408143
0.2 97 1618.8540610342275
0.2 98 1625.591914730162
0.2 99 1631.5221883792183
0.21 0 1363.317126534839
0.21 1 1363.3171338231364
0.21 2 1467.2903940429721
0.21 3 1363.3171281153038
0.21 4 1363.3171271824333
0.21 5 1416.7126815959575
0.21 6 1383.4882337144768
0.21 7 1380.638523944946
0.21 8 1384.903368832
0.21 9 1385.575199998572
0.21 10 1388.8468092617559
0.21 11 1391.7342982638631
0.21 12 1392.1794805081845
0.21 13 1398.264190952
0.21 14 1398.1514944228793
0.21 15 1403.0396508692163
0.21 16 1412.157760275372
0.21 17 1410.9570951051783
0.21 18 1410.9262194727194
0.21 19 1412.1577624184245
0.21 20 1416.7126529070945
0.21 21 1418.8952214280228
0.21 22 1422.5437734466184
0.21 23 1422.543768178129
0.21 24 1422.5438178116624
0.21 25 1416.71266289564
0.21 26 1432.7418705761634
0.21 27 1434.8036308766582
0.21 28 1435.2832063400724
0.21 29 1447.6971145781076
0.21 30 1447.6976938384207
0.21 31 1449.5964485187594
0.21 32 1447.6976995315363
0.21 33 1449.5965925174637
0.21 34 1453.079224419601
0.21 35 1453.0792383201613
0.21 36 1449.596501178261
0.21 37 1460.9214995022921
0.21 38 1462.834709838
0.21 39 1500.6599948571502
0.21 40 1470.4144585649037
0.21 41 1475.37378486875
0.21 42 1474.105857824
0.21 43 1463.2770921597992
0.21 44 1479.5412566081052
0.21 45 1481.147614894
0.21 46 1483.4720049763941
0.21 47 1487.8327510296147
0.21 48 1490.689979102
0.21 49 1494.7342472651885
0.21 50 1496.5465971489107
0.21 51 1496.5465971457534
0.21 52 1572.0546124617583
0.21 53 1338.4501242403826
0.21 54 1506.6161966510404
0.21 55 1508.644740944
0.21 56 1475.2485527376407
0.21 57 1513.53649688
0.21 58 1562.0006119232994
0.21 59 1517.7202042511378
0.21 60 1518.0716445913201
0.21 61 1518.071647420955
0.21 62 1531.0732542880062
0.21 63 1544.1035116344058
0.21 64 1532.2600820916332
0.21 65 1535.8179978199028
0.21 66 1537.6048201629494
0.21 67 1539.386814506
0.21 68 1542.3635734744375
0.21 69 1553.1447754021985
0.21 70 1548.2827177367376
0.21 71 1550.095694194
0.21 72 1551.8140884620514
0.21 73 1555.4544628014237
0.21 74 1558.314153898
0.21 75 1562.0006119217346
0.21 76 1566.2477574753982
0.21 77 1565.195887892
0.21 78 1568.5479766851247
0.21 79 1572.0176769459008
0.21 80 1572.0546662307722
0.21 81 1572.0546061366153
0.21 82 1577.714765175305
0.21 83 1580.7784995007855
0.21 84 1555.4544627978105
0.21 85 1542.3635734667998
0.21 86 1651.1261600006183
0.21 87 1631.5252334227464
0.21 88 1631.5251753203372
0.21 89 1641.7552522253202
0.21 90 1631.525172018313
0.21 91 1631.525287252191
0.21 92 1625.5904638449633
0.21 93 1631.5252053923382
0.21 94 1631.525242390534
0.21 95 1627.6104357396748
0.21 96 1631.5251743950191
0.21 97 1618.8541960896196
0.21 98 1625.5904767184652
0.21 99 1631.5222372106157
0.22 0 1363.3167857741241
0.22 1 1363.3168004224078
0.22 2 1467.2774489897456
0.22 3 1363.3167873922866
0.22 4 1363.3167864052057
0.22 5 1416.7188753218827
0.22 6 1383.486925001487
0.22 7 1380.0250788373241
0.22 8 1384.903368832
0.22 9 1385.5749848853145
0.22 10 1388.833387363399
0.22 11 1391.452671842
0.22 12 1392.1792455956645
0.22 13 1398.264190952
0.22 14 1398.151450635223
0.22 15 1403.05159077014
0.22 16 1412.1574883678172
0.22 