0.05 0 1089.3978633828208
0.05 1 1089.3978435436816
0.05 2 1089.3978663287355
0.05 3 1094.8732844809756
0.05 4 1098.995135126
0.05 5 1103.0414886394215
0.05 6 1103.2977055931117
0.05 7 1107.529944238
0.05 8 1103.9267381559503
0.05 9 1089.3978740645148
0.05 10 1116.7533313816177
0.05 11 1105.8291537078876
0.05 12 1100.4439472065324
0.05 13 1125.118415232
0.05 14 1177.2709243954228
0.05 15 1156.0118815091748
0.05 16 1133.2534029684266
0.05 17 1153.853105892759
0.05 18 1149.643394034794
0.05 19 1089.397866309747
0.05 20 1150.2305084328798
0.05 21 1150.8470161184891
0.05 22 1166.4794635455987
0.05 23 1154.078897232367
0.05 24 1155.2221453316872
0.05 25 1159.7038714392143
0.05 26 1160.1286493405998
0.05 27 1166.22967321388
0.05 28 1166.4794635507767
0.05 29 1168.4456551679405
0.05 30 1171.747221312725
0.05 31 1171.7472194340385
0.05 32 1177.2709290278613
0.05 33 1177.27092349304
0.05 34 1177.2709232328145
0.05 35 1185.1427166
0.05 36 1171.7472180875877
0.05 37 1198.3985753986985
0.05 38 1192.0641054416249
0.05 39 1198.3960130526677
0.05 40 1198.3985568967382
0.05 41 1205.0714819877578
0.05 42 1205.158335772
0.05 43 1205.0715794243624
0.05 44 1205.0715199580152
0.05 45 2435.962056522621
0.05 46 1216.9288447413153
0.05 47 1223.7823234731284
0.05 48 1224.1562392519845
0.05 49 1223.548419242
0.05 50 903.6471146707025
0.05 51 1230.4310069774183
0.05 52 1230.431006980562
0.05 53 1236.874057126443
0.05 54 1236.8740571245487
0.05 55 1240.545787344
0.05 56 1254.3898122901978
0.05 57 1256.237849927309
0.05 58 1254.3899063375993
0.05 59 1252.0385090862085
0.05 60 1254.7931671283623
0.05 61 1256.2378523991422
0.05 62 1260.4140136499848
0.05 63 1261.3618885283026
0.05 64 1273.3878091110146
0.05 65 1267.093716504
0.05 66 1273.387618471411
0.05 67 1266.0060740697397
0.05 68 1273.3876863067867
0.05 69 1273.387678891232
0.05 70 1254.7931671254878
0.05 71 1304.771429525261
0.05 72 1294.162622481857
0.05 73 1294.1625946060901
0.05 74 1294.1626618238513
0.05 75 1294.162637264565
0.05 76 1294.1626597809375
0.05 77 1297.7535905944642
0.05 78 1301.5076422307297
0.05 79 1307.102688000364
0.05 80 1304.7716109916719
0.05 81 1323.4635649893878
0.05 82 1339.7101494613278
0.05 83 1346.239470304918
0.05 84 1307.1026880092413
0.05 85 1321.3757725521639
0.05 86 1326.26162176306
0.05 87 1304.7717474212166
0.05 88 1332.7832752819158
0.05 89 1333.1847781613853
0.05 90 1333.1847781622116
0.05 91 1338.4502046263865
0.05 92 1339.7101494514259
0.05 93 1344.1181371747289
0.05 94 1346.2394703061814
0.05 95 1344.1181388155296
0.05 96 1352.279348728
0.05 97 1349.7742330724745
0.05 98 1349.7742351713155
0.05 99 1363.3225967206033
0.06 0 1089.398055400909
0.06 1 1089.3980609314592
0.06 2 1089.3980625675015
0.06 3 1094.8734634375576
0.06 4 1098.995135126
0.06 5 1103.0415287318556
0.06 6 1103.301199117136
0.06 7 1107.529944238
0.06 8 1103.9254583657491
0.06 9 1084.0659432107777
0.06 10 1116.5140961469792
0.06 11 1105.829327043677
0.06 12 1100.3574270976483
0.06 13 1125.118415232
0.06 14 1159.7127050659535
0.06 15 1156.0113968738422
0.06 16 1133.2535291677161
0.06 17 1153.8535228586886
0.06 18 1149.6417817224772
0.06 19 1089.3980640858329
0.06 20 1150.2305728047527
0.06 21 1150.8467845523446
0.06 22 1166.4795046567253
0.06 23 1154.0793326911555
0.06 24 1155.2223229768767
0.06 25 1158.5025509131067
0.06 26 1160.1287000828402
0.06 27 1166.2297796607666
0.06 28 1166.4795046603629
0.06 29 1168.4455439674318
0.06 30 1171.7473133632373
0.06 31 1171.7473065565662
0.06 32 1177.2710028025167
0.06 33 1177.271002163141
0.06 34 1177.2710054616127
0.06 35 1185.1427166
0.06 36 1171.7473087434894
0.06 37 1192.0638647390406
0.06 38 1192.079784509596
0.06 39 1198.4275379826558
0.06 40 1198.4276451774954
0.06 41 1205.0711044006478
0.06 42 1205.158335772
0.06 43 1205.0712078176084
0.06 44 1205.0710812659931
0.06 45 -136.30900581466477
0.06 46 1216.9270221345519
0.06 47 1223.7828223429292
0.06 48 1224.153752581193
0.06 49 1223.548419242
0.06 50 903.6476034068301
0.06 51 1230.4310083764726
0.06 52 1230.4310083768526
0.06 53 1236.8740634946198
0.06 54 1236.874063490178
0.06 55 1240.545787344
0.06 56 1254.3957261677142
0.06 57 1256.2377872596046
0.06 58 1254.3956908439177
0.06 59 1232.5264227347511
0.06 60 1254.793290643843
0.06 61 1256.237801092226
0.06 62 1260.414063209502
0.06 63 1261.362001437166
0.06 64 1273.3877065142808
0.06 65 1267.093716504
0.06 66 1273.3876651217106
0.06 67 1266.0059707019154
0.06 68 1273.387702692292
0.06 69 1273.3877235419814
0.06 70 1254.7932906417452
0.06 71 1304.7718851140394
0.06 72 1294.162394665445
0.06 73 1294.1624028443714
0.06 74 1294.1624084074797
0.06 75 1294.16240420994
0.06 76 1294.162404409522
0.06 77 1297.7532301299618
0.06 78 1301.5070235759872
0.06 79 1307.1026921233663
0.06 80 1304.7717594252445
0.06 81 1323.461068700936
0.06 82 1339.7100687727745
0.06 83 1346.2393719593315
0.06 84 1307.1026921504704
0.06 85 1321.375164860493
0.06 86 1326.2531595032185
0.06 87 1304.7719252302443
0.06 88 1332.783335935842
0.06 89 1333.184714786219
0.06 90 1333.1847147845376
0.06 91 1338.450193737764
0.06 92 1339.7100687688383
0.06 93 1344.118057747416
0.06 94 1346.239371967791
0.06 95 1344.118066002724
0.06 96 1326.2541318253611
0.06 97 1349.7740967139648
0.06 98 1349.7740944552506
0.06 99 1363.322253922948
0.07 0 1089.398251545282
0.07 1 1089.3982653958399
0.07 2 1089.3982580798015
0.07 3 1094.8736615240482
0.07 4 1098.995135126
0.07 5 1103.0415688446205
0.07 6 1103.3049091210105
0.07 7 1105.8294909127162
0.07 8 1103.9245404343196
0.07 9 1084.0559447743817
0.07 10 1116.7492462883902
0.07 11 1105.8294948155535
0.07 12 1100.357928365355
0.07 13 1125.118415232
0.07 14 1159.7193640592384
0.07 15 1154.0800200502242
0.07 16 1133.2536606417852
0.07 17 1155.222568439191
0.07 18 1149.6395691078778
0.07 19 1078.4519369520344
0.07 20 1150.230634887312
0.07 21 1150.8471263224212
0.07 22 1166.4795457457428
0.07 23 1153.8484657173478
0.07 24 1155.222540739738
0.07 25 1159.7235142649226
0.07 26 1160.1287508114808
0.07 27 1166.2298868201888
0.07 28 1166.479545744796
0.07 29 1168.445432730604
0.07 30 1171.7474022495066
0.07 31 1171.747403505594
0.07 32 1177.2710810735382
0.07 33 1177.2710847056585
0.07 34 1183.4517337647965
0.07 35 1185.1427166
0.07 36 1171.7474084005771
0.07 37 1198.4545281685664
0.07 38 1192.0980322191947
0.07 39 1198.4545554246106
0.07 40 1199.09145736092
0.07 41 1205.0707404670968
0.07 42 1205.158335772
0.07 43 1205.0708369150427
0.07 44 1205.0707020500856
0.07 45 2049.555270873501
0.07 46 1216.9266634514422
0.07 47 1223.7825083295427
0.07 48 1224.151306860606
0.07 49 1223.548419242
0.07 50 903.6477097436497
0.07 51 1230.4310097558057
0.07 52 1230.4310097602145
0.07 53 1236.8740698465779
0.07 54 1236.8740698474865
0.07 55 1240.545787344
0.07 56 1254.4013272523039
0.07 57 1256.2377694521697
0.07 58 1254.4013652363246
0.07 59 1226.6696712879648
0.07 60 1254.7934141867981
0.07 61 1256.2377690235603
0.07 62 1260.4140588489543
0.07 63 1261.3621143595212
0.07 64 1273.3878428090866
0.07 65 1267.093716504
0.07 66 1273.3877732642413
0.07 67 1266.005851994251
0.07 68 1273.3877955356772
0.07 69 1273.3877497330511
0.07 70 1254.7934141829703
0.07 71 1304.7718982149408
0.07 72 1294.1621936981712
0.07 73 1294.1622112643977
0.07 74 1294.1623233789426
0.07 75 1294.162197485149
0.07 76 1294.162186879139
0.07 77 1297.7530009576014
0.07 78 1301.5064525611695
0.07 79 1307.1026962481849
0.07 80 1304.7718669655028
0.07 81 1323.4517078132444
0.07 82 1339.7099880747905
0.07 83 1346.2392736012118
0.07 84 1307.1026962402636
0.07 85 1321.372394706099
0.07 86 1326.2455335952345
0.07 87 1304.7720324264594
0.07 88 1332.7833933023403
0.07 89 1333.1846514037563
0.07 90 1333.1846514057113
0.07 91 1338.0909102690275
0.07 92 1339.7099880799503
0.07 93 1344.1179934875797
0.07 94 1346.2392736035472
0.07 95 1344.1179902556642
0.07 96 1352.279348728
0.07 97 1349.7739597662544
0.07 98 1349.7739605784002
0.07 99 1363.3219112628894
0.08 0 1089.3984455815225
0.08 1 1089.3984574306858
0.08 2 1089.3984526033444
0.08 3 1094.8738549139005
0.08 4 1098.995135126
0.08 5 1103.0416089764417
0.08 6 1103.3085924715847
0.08 7 1107.529944238
0.08 8 1103.9253737423464
0.08 9 1084.0461428908168
0.08 10 1116.5165631033335
0.08 11 1105.8296768292898
0.08 12 1100.358463367648
0.08 13 1125.118415232
0.08 14 1159.732398471978
0.08 15 1155.2227960150667
0.08 16 1133.253794682912
0.08 17 1154.080468061686
0.08 18 1149.637339146555
0.08 19 1087.9774474103542
0.08 20 1150.2301959360866
0.08 21 1150.8469476671482
0.08 22 1166.479586823736
0.08 23 1153.8542731598343
0.08 24 1155.3432093517388
0.08 25 1159.7333664954601
0.08 26 1160.128801521503
0.08 27 1166.2299857468272
0.08 28 1166.4795868228098
0.08 29 1168.4453214455932
0.08 30 1171.747496252118
0.08 31 1171.747501999978
0.08 32 1177.2711591886755
0.08 33 1177.2711581848332
0.08 34 1175.5361294752483
0.08 35 1184.793325467191
0.08 36 1171.74751228109
0.08 37 1198.479606680934
0.08 38 1192.1132834135658
0.08 39 1198.479619161371
0.08 40 1199.0916766970058
0.08 41 1205.0704222404268
0.08 42 1205.158335772
0.08 43 1205.0703705487276
0.08 44 1205.0703230295242
0.08 45 3161.24114418842
0.08 46 1216.9253407499923
0.08 47 1223.8488169988698
0.08 48 1224.1488409613526
0.08 49 1223.548419242
0.08 50 903.6483609311464
0.08 51 1230.431011121053
0.08 52 1230.4310111144816
0.08 53 1236.8740761824458
0.08 54 1236.8740761831746
0.08 55 1240.545787344
0.08 56 1254.4071328317314
0.08 57 1256.2377294476112
0.08 58 1254.4073970526122
0.08 59 1251.8224454652075
0.08 60 1254.7935377625868
0.08 61 1256.2377000230097
0.08 62 1260.4140708402615
0.08 63 1261.362227319827
0.08 64 1273.387819478799
0.08 65 1267.093716504
0.08 66 1273.3878704749275
0.08 67 1266.005944733419
0.08 68 1273.3878080162524
0.08 69 1273.3877831955185
0.08 70 1254.7935377611846
0.08 71 1320.7668838071415
0.08 72 1294.1619657568324
0.08 73 1294.1619749807742
0.08 74 1294.1620697064773
0.08 75 1294.1619647495224
0.08 76 1294.1620072993232
0.08 77 1297.7525745601577
0.08 78 1301.506069297058
0.08 79 1307.1027012243965
0.08 80 1304.7720594602672
0.08 81 1323.447660735078
0.08 82 1339.7099073723302
0.08 83 1346.2391752301546
0.08 84 1307.102700364601
0.08 85 1321.37176427368
0.08 86 1326.237779494299
0.08 87 1304.772278552234
0.08 88 1332.7834565810504
0.08 89 1333.18458801684
0.08 90 1333.1845880157396
0.08 91 1338.450187702419
0.08 92 1339.7099073747947
0.08 93 1344.1179259357073
0.08 94 1346.2391752349515
0.08 95 1344.1179236672228
0.08 96 1352.279348728
0.08 97 1349.77382071801
0.08 98 1349.7738240023784
0.08 99 1363.3215687343466
0.09 0 1089.398638669758
0.09 1 1089.3986608202033
0.09 2 1089.3986478086294
0.09 3 1094.8740404107746
0.09 4 1098.995135126
0.09 5 1103.041649129169
0.09 6 1103.311931795371
0.09 7 1107.529944238
0.09 8 1103.9260555644798
0.09 9 1084.036344044114
0.09 10 1116.5186121334941
0.09 11 1105.8298380359154
0.09 12 1100.358999268823
0.09 13 1125.118415232
0.09 14 1166.230097883606
0.09 15 1154.0807133537007
0.09 16 1133.2539235412999
0.09 17 1153.855146347412
0.09 18 1149.6349224579762
0.09 19 1089.3986505291193
0.09 20 1150.2297551306149
0.09 21 1150.8459966639766
0.09 22 1166.4796278792198
0.09 23 1153.853889077458
0.09 24 1155.2230212985476
0.09 25 1159.7427875045892
0.09 26 1160.1288522186176
0.09 27 1166.2300929944151
0.09 28 1166.4796278808712
0.09 29 1168.4452101137588
0.09 30 1171.7475953862827
0.09 31 1171.7475900325778
0.09 32 1177.271238553236
0.09 33 1177.271235932336
0.09 34 1175.53651021166
0.09 35 1185.1427166
0.09 36 1171.7476058573493
0.09 37 1193.8549664798718
0.09 38 1192.116603874053
0.09 39 1198.5029853023925
0.09 40 1199.0920950022567
0.09 41 1205.0699188892313
0.09 42 1205.158335772
0.09 43 1205.0699528963023
0.09 44 1205.0699738818123
0.09 45 2926.087978073587
0.09 46 1216.9241160018614
0.09 47 1223.7842714260692
0.09 48 1224.1463752503296
0.09 49 1223.548419242
0.09 50 903.6486877427477
0.09 51 1230.4310124602796
0.09 52 1230.431012469332
0.09 53 1236.8740825046903
0.09 54 1236.8740825083398
0.09 55 1240.545787344
0.09 56 1254.411548226957
0.09 57 1256.237663676183
0.09 58 1254.4127795071638
0.09 59 1251.826116227083
0.09 60 1254.7936613756478
0.09 61 1256.2376589181108
0.09 62 1260.4140763342473
0.09 63 1261.36234030514
0.09 64 1273.3878761379751
0.09 65 1267.093716504
0.09 66 1273.38785252825
0.09 67 1266.0059488604581
0.09 68 1273.3878518631989
0.09 69 1273.3878512089532
0.09 70 1254.7936613765391
0.09 71 1304.7723080760845
0.09 72 1294.1617646518994
0.09 73 1294.1617612006598
0.09 74 1294.161815976599
0.09 75 1294.1617585848373
0.09 76 1294.161751868552
0.09 77 1297.7522201388424
0.09 78 1301.5053120705434
0.09 79 1307.1027051554488
0.09 80 1304.7721124328796
0.09 81 1323.4371523603236
0.09 82 1339.7098266650185
0.09 83 1346.2390768557239
0.09 84 1307.1027044862587
0.09 85 1321.3690147994805
0.09 86 1326.230228950645
0.09 87 1304.7721934304086
0.09 88 1332.7835090761942
0.09 89 1333.184524622782
0.09 90 1333.1845246206926
0.09 91 1338.4501829821684
0.09 92 1339.7098266619107
0.09 93 1344.1178491549574
0.09 94 1346.2390768549396
0.09 95 1344.1178480515143
0.09 96 1352.279348728
0.09 97 1349.7736825377972
0.09 98 1349.773681725153
0.09 99 1363.3212263319208
0.1 0 1089.3988398295246
0.1 1 1089.3988559060956
0.1 2 1089.3988460345797
0.1 3 1094.8742329466486
0.1 4 1098.995135126
0.1 5 1103.041689295226
0.1 6 1103.3158785548428
0.1 7 1105.8300076114865
0.1 8 1103.926587504315
0.1 9 1084.0497335031139
0.1 10 1116.7433800923784
0.1 11 1105.8300022531032
0.1 12 1103.0416892982057
0.1 13 1125.118415232
0.1 14 1158.361893636387
0.1 15 1155.223244597391
0.1 16 1133.254055517571
0.1 17 1153.8484311013551
0.1 18 1149.6324927802152
0.1 19 1084.026326619301
0.1 20 1150.2298107737897
0.1 21 1150.8455821317561
0.1 22 1166.479668918295
0.1 23 1154.0811256446118
0.1 24 1155.2232891725657
0.1 25 1159.752260161363
0.1 26 1160.1289029028467
0.1 27 1166.2302013746796
0.1 28 1166.4796689199925
0.1 29 1168.445098744
0.1 30 1171.7476942241967
0.1 31 1171.7476804495157
0.1 32 1177.2713151431524
0.1 33 1177.2713136033126
0.1 34 1175.5367722760723
0.1 35 1185.1427166
0.1 36 1171.747676116702
0.1 37 1198.5254614507533
0.1 38 1192.1355460528282
0.1 39 1199.0913381124521
0.1 40 1199.0923776520067
0.1 41 1205.0696244232836
0.1 42 1205.158335772
0.1 43 1205.0695358972432
0.1 44 1205.069624947381
0.1 45 2761.6426570081117
0.1 46 1216.9228385171389
0.1 47 1223.7847096308021
0.1 48 1224.1439300874504
0.1 49 1223.548419242
0.1 50 903.6495223017563
0.1 51 1230.4310137819446
0.1 52 1230.4310137941404
0.1 53 1236.8740888125626
0.1 54 1236.874088810618
0.1 55 1240.545787344
0.1 56 1254.4183448956098
0.1 57 1256.2392714926032
0.1 58 1254.4188457848566
0.1 59 1254.418931442744
0.1 60 1254.7937850185992
0.1 61 1256.2376490810873
0.1 62 1260.4140955240425
0.1 63 1261.3624533107172
0.1 64 1273.387932914967
0.1 65 1267.093716504
0.1 66 1273.3879874191987
0.1 67 1266.0060491187369
0.1 68 1273.3879602915968
0.1 69 1273.3879189430108
0.1 70 1254.7937850196274
0.1 71 1307.102708641068
0.1 72 1294.1615096923665
0.1 73 1294.1615024762975
0.1 74 1294.1615621896724
0.1 75 1294.1614996402484
0.1 76 1294.1614963816467
0.1 77 1297.7518835581418
0.1 78 1301.5049289831516
0.1 79 1307.102708644918
0.1 80 1304.7723414247837
0.1 81 1323.431779035812
0.1 82 1339.7097459411993
0.1 83 1346.2389784600355
0.1 84 1307.1027086367267
0.1 85 1321.3678368028818
0.1 86 1326.2218372869283
0.1 87 1304.772458188785
0.1 88 1332.7835662381103
0.1 89 1333.1844612193804
0.1 90 1333.1844612228588
0.1 91 1338.4501726013723
0.1 92 1339.7097459435754
0.1 93 1344.11777162665
0.1 94 1346.2389784627592
0.1 95 1344.1177761165297
0.1 96 1352.279348728
0.1 97 1349.77355022488
0.1 98 1349.7735495740167
0.1 99 1363.3208840515074
0.11 0 1089.399042212544
0.11 1 1089.3990409336302
0.11 2 1089.3990401586802
0.11 3 1094.8744049844306
0.11 4 1098.995135126
0.11 5 1103.0417294863637
0.11 6 1103.3195098624917
0.11 7 1107.529944238
0.11 8 1103.9274082231295
0.11 9 1084.0165662544546
0.11 10 1116.7413429343333
0.11 11 1105.8301859391347
0.11 12 1103.0417294856352
0.11 13 1125.118415232
0.11 14 1155.2234761860664
0.11 15 1154.081521783895
0.11 16 1133.2541993524476
0.11 17 1151.9077893562333
0.11 18 1149.6303878826097
0.11 19 1089.3990442315658
0.11 20 1150.2293660363605
0.11 21 1150.8450960980103
0.11 22 1166.479709939716
0.11 23 1154.081288189002
0.11 24 1155.2234828575308
0.11 25 1159.76199118882
0.11 26 1160.1289535681524
0.11 27 1166.2303047038704
0.11 28 1166.4797099449827
0.11 29 1168.444987325885
0.11 30 1171.7477870478087
0.11 31 1171.7477751388576
0.11 32 1177.271390457845
0.11 33 1177.2713994944038
0.11 34 1175.5370947251345
0.11 35 1185.1427166
0.11 36 1171.7477803951056
0.11 37 1198.5452459436337
0.11 38 1192.1705568292405
0.11 39 1198.546655346083
0.11 40 1199.0926252081824
0.11 41 1205.069275101668
0.11 42 1205.158335772
0.11 43 1205.0691677122418
0.11 44 1205.0691574741204
0.11 45 2634.2481057607397
0.11 46 1216.9215387435415
0.11 47 1223.7852106760188
0.11 48 1224.1414850807778
0.11 49 1223.548419242
0.11 50 903.6498386078796
0.11 51 1230.4310150986544
0.11 52 1230.4310150975716
0.11 53 1236.8740950948618
0.11 54 1236.874095098237
0.11 55 1240.545787344
0.11 56 1254.4245475004284
0.11 57 1256.237598619849
0.11 58 1254.4245260052535
0.11 59 1254.4246423540928
0.11 60 1254.7939086969623
0.11 61 1256.2375811942575
0.11 62 1260.4141183101742
0.11 63 1261.3625663603189
0.11 64 1273.3880705588283
0.11 65 1267.093716504
0.11 66 1273.388046071475
0.11 67 1266.0059087237814
0.11 68 1273.387974451716
0.11 69 1273.3879864047192
0.11 70 1254.793908697081
0.11 71 1304.7726538216973
0.11 72 1294.1612546838423
0.11 73 1294.1612436926823
0.11 74 1294.161308345541
0.11 75 1294.1612405987707
0.11 76 1294.1612408386013
0.11 77 1297.751534900673
0.11 78 1301.5042201291737
0.11 79 1307.1027127891225
0.11 80 1304.7726211801316
0.11 81 1323.425798299592
0.11 82 1339.7096652151429
0.11 83 1346.2388800642166
0.11 84 1307.1027127715304
0.11 85 1321.3661131121285
0.11 86 1326.2115141055256
0.11 87 1304.7726176438568
0.11 88 1332.7836240886488
0.11 89 1333.1843978177087
0.11 90 1333.1843978149207
0.11 91 1338.0911770403343
0.11 92 1339.7096652120215
0.11 93 1344.1177097952025
0.11 94 1346.2388800689089
0.11 95 1344.1177060239295
0.11 96 1352.279348728
0.11 97 1349.773408332806
0.11 98 1349.773406055513
0.11 99 1363.3205418905507
0.12 0 1089.3992438311889
0.12 1 1089.3992360401014
0.12 2 1089.3992366061764
0.12 3 1094.874601652368
0.12 4 1098.995135126
0.12 5 1103.04176969595
0.12 6 1103.323149913332
0.12 7 1107.529944238
0.12 8 1103.928077395432
0.12 9 1084.0067982386784
0.12 10 1116.5233208443922
0.12 11 1105.830345489918
0.12 12 1103.041769694232
0.12 13 1125.1217235051047
0.12 14 1159.771170142521
0.12 15 1154.0819025096164
0.12 16 1133.2543224526166
0.12 17 1155.2237004176413
0.12 18 1149.62815538056
0.12 19 1078.4530122776396
0.12 20 1150.229292837395
0.12 21 1150.8448252451883
0.12 22 1166.479750947398
0.12 23 1153.8563056944554
0.12 24 1155.2236984659135
0.12 25 1159.7678600252036
0.12 26 1160.1290042173136
0.12 27 1166.2304093681041
0.12 28 1166.4797509482553
0.12 29 1168.4448758625413
0.12 30 1171.7478774514216
0.12 31 1171.7478740392273
0.12 32 1177.2714740710908
0.12 33 1177.2714830669315
0.12 34 1175.5373880523566
0.12 35 1185.1427166
0.12 36 1177.2714764633597
0.12 37 1198.5720248851035
0.12 38 1192.1924081415148
0.12 39 1198.5660428985336
0.12 40 1199.0930022625425
0.12 41 1205.0689293413488
0.12 42 1205.158335772
0.12 43 1205.0688002340173
0.12 44 1205.0688089385426
0.12 45 1734.3467113758793
0.12 46 1216.826434622
0.12 47 1223.7857025863682
0.12 48 1224.1390402518844
0.12 49 1223.548419242
0.12 50 903.6504460730451
0.12 51 1230.4310163804
0.12 52 1230.4310163815776
0.12 53 1236.8741013694694
0.12 54 1236.874101366413
0.12 55 1240.545787344
0.12 56 1250.0152041303252
0.12 57 1256.239177768849
0.12 58 1254.4300851161931
0.12 59 1254.430231412508
0.12 60 1254.7940324077945
0.12 61 1256.2375060373329
0.12 62 1260.4141241532031
0.12 63 1261.3626794319628
0.12 64 1273.3880468220093
0.12 65 1267.093716504
0.12 66 1273.3881048437647
0.12 67 1266.0059922905505
0.12 68 1273.3880291709827
0.12 69 1273.3880536015538
0.12 70 1254.430056367621
0.12 71 1304.7726095080636
0.12 72 1294.1609996264212
0.12 73 1294.1610526574946
0.12 74 1294.161054444137
0.12 75 1294.1610082638745
0.12 76 1294.1610233193994
0.12 77 1297.7511690959013
0.12 78 1301.503697964994
0.12 79 1307.1027169176334
0.12 80 1304.772750311027
0.12 81 1323.4187714704651
0.12 82 1339.709584475432
0.12 83 1346.2387816530222
0.12 84 1307.1027169250494
0.12 85 1321.3647291467905
0.12 86 1326.2070581826722
0.12 87 1304.7725787466982
0.12 88 1332.7836890964713
0.12 89 1333.1843344002777
0.12 90 1333.1843343958521
0.12 91 1338.4501742904492
0.12 92 1339.7095844797725
0.12 93 1344.1176343542013
0.12 94 1346.2387816526857
0.12 95 1344.117635310314
0.12 96 1352.279348728
0.12 97 1349.773277607721
0.12 98 1349.7732736804514
0.12 99 1363.3202125839236
0.13 0 1089.399433575827
0.13 1 1089.399428848918
0.13 2 1089.3994285775202
0.13 3 1094.8747798056065
0.13 4 1098.995135126
0.13 5 1103.0418099192318
0.13 6 1103.3268914001565
0.13 7 1107.529944238
0.13 8 1103.326409849353
0.13 9 1083.9970747575771
0.13 10 1116.7373901258659
0.13 11 1105.8305270528963
0.13 12 1103.0418099221904
0.13 13 1125.118415232
0.13 14 1159.78009723524
0.13 15 1156.0098918394144
0.13 16 1133.2544543007418
0.13 17 1151.8990748607707
0.13 18 1149.625800009874
0.13 19 1078.4532100183128
0.13 20 1150.2289686269194
0.13 21 1150.844456753893
0.13 22 1166.4797919332166
0.13 23 1153.8550382410474
0.13 24 1155.2239325195674
0.13 25 1159.779496804736
0.13 26 1160.129054850817
0.13 27 1166.230516498299
0.13 28 1166.4797919363673
0.13 29 1168.4447643518413
0.13 30 1171.7479731475503
0.13 31 1171.7479665822384
0.13 32 1177.2715534179413
0.13 33 1177.2715516099067
0.13 34 1175.5377119217142
0.13 35 1185.1427166
0.13 36 1171.7479616141854
0.13 37 1193.8551229912566
0.13 38 1192.214606771689
0.13 39 1198.598872569349
0.13 40 1199.0933426703732
0.13 41 1205.068931795809
0.13 42 1205.158335772
0.13 43 1205.0684334618702
0.13 44 1205.0684012128854
0.13 45 1568.5473569398166
0.13 46 1216.826434622
0.13 47 1223.7861508997373
0.13 48 1224.1365956393117
0.13 49 1223.548419242
0.13 50 1228.2168023007275
0.13 51 1230.4310176464262
0.13 52 1230.4310176520964
0.13 53 1236.8741076282888
0.13 54 1236.874107628502
0.13 55 1240.545787344
0.13 56 1250.0159483260215
0.13 57 1256.2391516919738
0.13 58 1254.4357075620242
0.13 59 1252.038664797287
0.13 60 1254.7941561507307
0.13 61 1256.237507992838
0.13 62 1260.4141352225495
0.13 63 1261.3627925243518
0.13 64 1273.3881039518617
0.13 65 1267.093716504
0.13 66 1273.3881270205172
0.13 67 1266.005994393937
0.13 68 1273.388126150093
0.13 69 1273.3881163725732
0.13 70 1254.4359017633342
0.13 71 1304.7728824985425
0.13 72 1294.160744520194
0.13 73 1294.1607938752454
0.13 74 1294.1608004856334
0.13 75 1294.1607491548375
0.13 76 1294.1607677007744
0.13 77 1297.750864739759
0.13 78 1301.5032223815701
0.13 79 1307.1027210486686
0.13 80 1304.7728862057577
0.13 81 1323.4147072847225
0.13 82 1339.7095037334911
0.13 83 1346.2386832318734
0.13 84 1307.1027210383536
0.13 85 1321.3632335179118
0.13 86 1326.1984217951954
0.13 87 1304.7728957569761
0.13 88 1332.7837438815782
0.13 89 1333.1842709851671
0.13 90 1333.1842709798275
0.13 91 1338.0918599135725
0.13 92 1339.7095037343897
0.13 93 1344.117562704824
0.13 94 1346.2386832336529
0.13 95 1344.1175629330871
0.13 96 1352.279348728
0.13 97 1349.7731393561196
0.13 98 1349.7731322567406
0.13 99 1363.3198644982092
0.14 0 1089.399617129276
0.14 1 1089.3996098947391
0.14 2 1089.399627092672
0.14 3 1094.8749701009551
0.14 4 1100.3616346142144
0.14 5 1103.0418501674556
0.14 6 1103.3292002240107
0.14 7 1105.8306886634196
0.14 8 1103.3303658224538
0.14 9 1083.9874955839487
0.14 10 1116.5263355146308
0.14 11 1105.8307071139598
0.14 12 1103.0418501667218
0.14 13 1125.118415232
0.14 14 1158.3475695975844
0.14 15 1153.8575931882374
0.14 16 1133.2545833582774
0.14 17 1151.9002296767292
0.14 18 1149.6235627681904
0.14 19 1108.6316462938644
0.14 20 1150.2285180886497
0.14 21 1150.8449845081484
0.14 22 1166.4798329122164
0.14 23 1154.0812853210612
0.14 24 1155.2242056865764
0.14 25 1159.7846903386085
0.14 26 1160.1291054659102
0.14 27 1166.2306328704547
0.14 28 1166.4798329079576
0.14 29 1168.4446528012995
0.14 30 1171.7480549860463
0.14 31 1171.7480567325085
0.14 32 1177.2716277179395
0.14 33 1177.2716326574669
0.14 34 1175.5384239325213
0.14 35 1184.8077314853629
0.14 36 1171.7480598077295
0.14 37 1198.634812507753
0.14 38 1192.2344245563593
0.14 39 1198.6349223371706
0.14 40 1199.0936608751902
0.14 41 1205.0689248639844
0.14 42 1205.158335772
0.14 43 1205.0680191542442
0.14 44 1205.0681125326594
0.14 45 2309.094512700923
0.14 46 1216.826434622
0.14 47 1223.7866457096554
0.14 48 1224.1344548657637
0.14 49 1223.548419242
0.14 50 1228.217001803376
0.14 51 1230.4310189014197
0.14 52 1230.4310188998973
0.14 53 1236.8741138645366
0.14 54 1236.874113867449
0.14 55 1240.545787344
0.14 56 1250.0171978914311
0.14 57 1256.2391073876438
0.14 58 1254.4413599053357
0.14 59 1254.4415907825971
0.14 60 1254.7942799292107
0.14 61 1256.2374567001882
0.14 62 1260.4141579603427
0.14 63 1261.3629056474674
0.14 64 1273.3881611991385
0.14 65 1267.093716504
0.14 66 1273.388222748144
0.14 67 1266.0058851015422
0.14 68 1273.3881816827195
0.14 69 1273.3881368327034
0.14 70 1254.4415753502028
0.14 71 1304.7729145950557
0.14 72 1294.1604893652348
0.14 73 1294.1605350337227
0.14 74 1294.1605464699596
0.14 75 1294.1604899570991
0.14 76 1294.1605120261547
0.14 77 1297.7504918396592
0.14 78 1301.5026545504788
0.14 79 1307.1027252770034
0.14 80 1304.7728465271762
0.14 81 1323.4065601369648
0.14 82 1339.7094229843094
0.14 83 1346.23858479869
0.14 84 1307.1027251972062
0.14 85 1321.3619269599697
0.14 86 1326.1918011123935
0.14 87 1304.772906162945
0.14 88 1332.7838007750313
0.14 89 1333.184207558423
0.14 90 1333.1842075577733
0.14 91 1338.0919570115784
0.14 92 1339.709422985221
0.14 93 1344.1174856498328
0.14 94 1346.2385847948422
0.14 95 1344.1174935287668
0.14 96 1352.279348728
0.14 97 1349.7730000785741
0.14 98 1349.7729974215679
0.14 99 1363.3195187870613
0.15 0 1089.3998222638547
0.15 1 1089.3998310251727
0.15 2 1089.3998189397107
0.15 3 1094.87516517551
0.15 4 1098.995135126
0.15 5 1103.0418904305204
0.15 6 1103.334210433351
0.15 7 1107.529944238
0.15 8 1103.3337284117238
0.15 9 1084.0149165904504
0.15 10 1116.7332006556644
0.15 11 1105.83085924441
0.15 12 1103.0418904316014
0.15 13 1125.118415232
0.15 14 1159.7981896830504
0.15 15 1155.2244029103083
0.15 16 1133.25471585927
0.15 17 1151.8955791579426
0.15 18 1149.621296175589
0.15 19 1108.6448001145654
0.15 20 1150.2283142899284
0.15 21 1150.8438101342026
0.15 22 1166.4798738625263
0.15 23 1153.857635695789
0.15 24 1155.224428040794
0.15 25 1159.797716186249
0.15 26 1160.1291560650907
0.15 27 1166.230733929176
0.15 28 1166.4798738576608
0.15 29 1168.44454120201
0.15 30 1171.7481554215037
0.15 31 1171.7481603415047
0.15 32 1177.271709203883
0.15 33 1177.2717115280818
0.15 34 1175.5383914356828
0.15 35 1185.1427166
0.15 36 1171.7481581483544
0.15 37 1199.0939526746322
0.15 38 1192.2539065810815
0.15 39 1198.6663753775465
0.15 40 1199.093910569036
0.15 41 1205.0679246915386
0.15 42 1205.158335772
0.15 43 1205.0677020252253
0.15 44 1205.067645746665
0.15 45 2228.54005851536
0.15 46 1216.826434622
0.15 47 1226.686460744178
0.15 48 1224.131666433307
0.15 49 1223.548419242
0.15 50 1228.21720086854
0.15 51 1230.4310201231185
0.15 52 1230.4310201286232
0.15 53 1236.874120093689
0.15 54 1236.8741200949194
0.15 55 1240.545787344
0.15 56 1250.0178827379505
0.15 57 1256.2390538328448
0.15 58 1254.447160237668
0.15 59 1232.527308418827
0.15 60 1254.7944037415186
0.15 61 1256.2374328265785
0.15 62 1260.4141834347336
0.15 63 1261.3630187998178
0.15 64 1273.3882185637362
0.15 65 1267.093716504
0.15 66 1273.3882458889043
0.15 67 1266.0058699175363
0.15 68 1273.3883022423122
0.15 69 1273.3882298815138
0.15 70 1254.4471651334081
0.15 71 1304.773046288997
0.15 72 1294.1602610191267
0.15 73 1294.1602761328852
0.15 74 1294.1602923972805
0.15 75 1294.1602850041666
0.15 76 1294.1602562955657
0.15 77 1297.7501481426555
0.15 78 1301.5022714892607
0.15 79 1307.102729340364
0.15 80 1304.7730422916197
0.15 81 1323.4008497131663
0.15 82 1339.7093422167582
0.15 83 1346.238486353035
0.15 84 1307.102729341232
0.15 85 1321.3602979301784
0.15 86 1326.1842726786185
0.15 87 1304.7730447314962
0.15 88 1332.783863555467
0.15 89 1333.1841441235101
0.15 90 1333.184144122597
0.15 91 1338.0922287783708
0.15 92 1339.7093422153703
0.15 93 1344.1174205448967
0.15 94 1346.2384863530433
0.15 95 1344.1174179510474
0.15 96 1352.279348728
0.15 97 1349.7728618861272
0.15 98 1349.7728808105576
0.15 99 1363.319175148807
0.16 0 1089.4000174990854
0.16 1 1089.400001527693
0.16 2 1089.4000140552446
0.16 3 1094.8753401460685
0.16 4 1098.995135126
0.16 5 1103.0419307184382
0.16 6 1103.336520098455
0.16 7 1105.8310295553472
0.16 8 1103.3379405581388
0.16 9 1083.3827321688482
0.16 10 1116.529314221632
0.16 11 1105.8310435459593
0.16 12 1103.041930718192
0.16 13 1125.118415232
0.16 14 1159.803194795115
0.16 15 1153.8415224906912
0.16 16 1133.2548437413732
0.16 17 1151.8943040160746
0.16 18 1149.6189798733378
0.16 19 1078.4538486105218
0.16 20 1150.2281084063097
0.16 21 1150.8433809680973
0.16 22 1166.4799148026918
0.16 23 1155.2246212993161
0.16 24 1155.224622684593
0.16 25 1159.8075199645841
0.16 26 1160.1292066520953
0.16 27 1166.2308383455395
0.16 28 1166.4799148007478
0.16 29 1168.4444295588692
0.16 30 1171.748247855017
0.16 31 1171.74824664066
0.16 32 1177.2717855582428
0.16 33 1177.2717942301726
0.16 34 1175.5387172617845
0.16 35 1185.1427166
0.16 36 1171.7482495178092
0.16 37 1198.6950789376967
0.16 38 1192.272461141517
0.16 39 1198.6950293240218
0.16 40 1199.0942817447674
0.16 41 1205.0678648702772
0.16 42 1205.158335772
0.16 43 1205.0672407913453
0.16 44 1205.0672385727382
0.16 45 2163.0946082535183
0.16 46 1216.826434622
0.16 47 1226.6897738134408
0.16 48 1224.1293235061164
0.16 49 1223.548419242
0.16 50 1228.2173953340382
0.16 51 1230.4310213381573
0.16 52 1230.4310213324538
0.16 53 1236.8741262999138
0.16 54 1236.8741262975898
0.16 55 1240.545787344
0.16 56 1250.0185638086089
0.16 57 1256.2390140226319
0.16 58 1254.4522990500068
0.16 59 1254.452700968897
0.16 60 1254.7945275860993
0.16 61 1256.23738460861
0.16 62 1260.414183409587
0.16 63 1261.3631319806282
0.16 64 1273.388357962079
0.16 65 1267.093716504
0.16 66 1273.388269869824
0.16 67 1266.0059336852587
0.16 68 1273.3882931193664
0.16 69 1273.388274981621
0.16 70 1254.4526143429364
0.16 71 1304.7731388994846
0.16 72 1294.1600057597582
0.16 73 1294.1600171728146
0.16 74 1294.1600382672298
0.16 75 1294.1600258851013
0.16 76 1294.160000509082
0.16 77 1297.7498354501104
0.16 78 1301.5015204491033
0.16 79 1307.1027334974076
0.16 80 1304.7733227631247
0.16 81 1323.3966953945517
0.16 82 1339.709261446916
0.16 83 1346.2383878983883
0.16 84 1307.10273348844
0.16 85 1321.3590162857688
0.16 86 1326.176744196269
0.16 87 1304.773331938633
0.16 88 1332.783914988013
0.16 89 1333.184080680878
0.16 90 1333.1840806867642
0.16 91 1338.09232516805
0.16 92 1339.7092614459664
0.16 93 1344.1173459463446
0.16 94 1346.2383878958726
0.16 95 1344.1173434168136
0.16 96 1352.279348728
0.16 97 1349.772726811411
0.16 98 1349.7727213518456
0.16 99 1363.3188329714953
0.17 0 1089.4001870204863
0.17