
Filling stored sums matrix with 58 X 58 terms guaranteeing 20 digits accuracy...

Processing the barrier for X= 600000183290...600000183291 (N = 218509), y0 = 0.2...1 , t = 0...0.2

Rectangle(1) : 0, 24702, 4848, 0.000000, 4.7439626672117001885, 19388
Rectangle(2) : 0.00017180643944667234186, 24549, 4818, 0.000000, 4.7333081430199577204, 19268
Rectangle(3) : 0.00034424964051473856535, 24397, 4788, 0.000000, 4.7226548756441009981, 19148
Rectangle(4) : 0.00051733054700504889031, 24244, 4758, 0.000000, 4.7120030764958147855, 19028
Rectangle(5) : 0.00069106438121127784533, 24092, 4728, 0.000000, 4.7013520826990464213, 18908
Rectangle(6) : 0.0008654522312319920418, 23941, 4698, 0.000000, 4.6907021057385489173, 18788
Rectangle(7) : 0.0010404951327707142722, 23790, 4669, 0.000000, 4.6800533597707334275, 18672
Rectangle(8) : 0.0012162014530637253452, 23639, 4639, 0.000000, 4.6694056149545716218, 18552
Rectangle(9) : 0.0013925797099677640787, 23489, 4609, 0.000000, 4.6587586386871024733, 18432
Rectangle(10) : 0.0015696310377674619149, 23339, 4580, 0.000000, 4.6481126478973374754, 18316
Rectangle(11) : 0.0017473641303548622952, 23189, 4550, 0.000000, 4.6374674070911548398, 18196
Rectangle(12) : 0.0019257878401781041271, 23040, 4521, 0.000000, 4.6268226778842600871, 18080
Rectangle(13) : 0.0021049034077946084711, 22892, 4492, 0.000000, 4.6161786800130187568, 17964
Rectangle(14) : 0.0022847120169162675117, 22743, 4462, 0.000000, 4.6055356360857709491, 17844
Rectangle(15) : 0.0024652306659988762682, 22595, 4433, 0.000000, 4.5948928376212131162, 17728
Rectangle(16) : 0.0026464607097086002388, 22448, 4404, 0.000000, 4.5842505071874537581, 17612
Rectangle(17) : 0.002828403444348098357, 22300, 4375, 0.000000, 4.5736088703224317618, 17496
Rectangle(18) : 0.003011076487860315028, 22154, 4346, 0.000000, 4.562967203141352839, 17380
Rectangle(19) : 0.0031944730394149486309, 22007, 4318, 0.000000, 4.5523262104505087066, 17268
Rectangle(20) : 0.0033786110959628883186, 21861, 4289, 0.000000, 4.5416851588144415131, 17152
Rectangle(21) : 0.0035634921699674828711, 21716, 4260, 0.000000, 4.531044276658877412, 17036
Rectangle(22) : 0.0037491177122708019636, 21570, 4232, 0.000000, 4.5204037955452434409, 16924
Rectangle(23) : 0.0039355063907847214555, 21426, 4203, 0.000000, 4.5097629656610407208, 16808
Rectangle(24) : 0.0041226511198830618233, 21281, 4175, 0.000000, 4.4991225140037081705, 16696
Rectangle(25) : 0.0043105709786304753927, 21137, 4146, 0.000000, 4.4884816806031809642, 16580
Rectangle(26) : 0.0044992676565224743029, 20994, 4118, 0.000000, 4.4778406999602304839, 16468
Rectangle(27) : 0.0046887427779838551967, 20850, 4090, 0.000000, 4.4671998098897112896, 16356
Rectangle(28) : 0.0048790161501608197669, 20707, 4062, 0.000000, 4.4565582329825410748, 16244
Rectangle(29) : 0.0050700896148337584386, 20565, 4034, 0.000000, 4.4459162067759437181, 16132
Rectangle(30) : 0.0052619649470377916853, 20423, 4006, 0.000000, 4.4352739722388972149, 16020
Rectangle(31) : 0.0054546532872541603488, 20281, 3978, 0.000000, 4.4246312538005387755, 15908
Rectangle(32) : 0.0056481659963809558113, 20140, 3950, 0.000000, 4.4139877720944223167, 15796
Rectangle(33) : 0.0058425050118772031955, 19999, 3922, 0.000000, 4.403343771262285383, 15684
Rectangle(34) : 0.0060376819592876879889, 19859, 3895, 0.000000, 4.3926989679146731848, 15576
Rectangle(35) : 0.0062336988265979590591, 19718, 3867, 0.000000, 4.3820536096067345064, 15464
Rectangle(36) : 0.0064305774963213962488, 19579, 3840, 0.000000, 4.371406870065257292, 15356
Rectangle(37) : 0.0066283101113714630189, 19439, 3812, 0.000000, 4.3607595390335797239, 15244
Rectangle(38) : 0.006826919069601494385, 19301, 3785, 0.000000, 4.350110778164245418, 15136
Rectangle(39) : 0.0070263963390779072868, 19162, 3757, 0.000000, 4.3394613885968912477, 15024
Rectangle(40) : 0.0072267648490767013191, 19024, 3730, 0.000000, 4.3288105196395527635, 14916
Rectangle(41) : 0.0074280269663832379446, 18886, 3703, 0.000000, 4.3181584253956278515, 14808
Rectangle(42) : 0.0076301956852964873278, 18749, 3676, 0.000000, 4.3075048010622537983, 14700
Rectangle(43) : 0.0078332734388333294953, 18612, 3649, 0.000000, 4.2968499043887090582, 14592
Rectangle(44) : 0.008037273541153806019, 18475, 3622, 0.000000, 4.286193425879163386, 14484
Rectangle(45) : 0.0082422095858563317774, 18339, 3596, 0.000000, 4.2755350514027726527, 14380
Rectangle(46) : 0.0084480842274072763574, 18203, 3569, 0.000000, 4.2648750420764954036, 14272
Rectangle(47) : 0.0086549114010641733196, 18068, 3542, 0.000000, 4.2542130788028108285, 14164
Rectangle(48) : 0.0088626938384564032747, 17933, 3516, 0.000000, 4.2435494265070448221, 14060
Rectangle(49) : 0.0090714458278896852031, 17798, 3489, 0.000000, 4.2328837610043016031, 13952
Rectangle(50) : 0.0092811819645906797869, 17664, 3463, 0.000000, 4.2222157530986953337, 13848
Rectangle(51) : 0.0094919052295985316514, 17530, 3436, 0.000000, 4.2115456711610052777, 13740
Rectangle(52) : 0.0097036305958940824373, 17397, 3410, 0.000000, 4.2008731806024957626, 13636
Rectangle(53) : 0.0099163611345273235572, 17264, 3384, 0.000000, 4.1901985537715699125, 13532
Rectangle(54) : 0.010130112209236056754, 17131, 3358, 0.000000, 4.1795214505504271347, 13428
Rectangle(55) : 0.01034489952174264873, 16999, 3332, 0.000000, 4.168841525391542917, 13324
Rectangle(56) : 0.010560726424818802793, 16867, 3306, 0.000000, 4.1581590541585014823, 13220
Rectangle(57) : 0.010777609039045310262, 16736, 3280, 0.000000, 4.1474736854326238718, 13116
Rectangle(58) : 0.010995550822352708916, 16605, 3254, 0.000000, 4.1367856992307549729, 13012
Rectangle(59) : 0.011214568329081450558, 16474, 3229, 0.000000, 4.1260947381087679255, 12912
Rectangle(60) : 0.011434678486791100184, 16344, 3203, 0.000000, 4.1154004387249342276, 12808
Rectangle(61) : 0.011655885072616169581, 16214, 3177, 0.000000, 4.1047030846697200431, 12704
Rectangle(62) : 0.011878205479959805947, 16084, 3152, 0.000000, 4.0940023061914723059, 12604
Rectangle(63) : 0.012101657500986383434, 15955, 3127, 0.000000, 4.0832977272874956779, 12504
Rectangle(64) : 0.012326245262019758281, 15827, 3101, 0.000000, 4.0725896350939613298, 12400
Rectangle(65) : 0.012551972793143405297, 15698, 3076, 0.000000, 4.0618783219841217725, 12300
Rectangle(66) : 0.012778872928318849416, 15571, 3051, 0.000000, 4.0511627238492784487, 12200
Rectangle(67) : 0.013006935526986197592, 15443, 3026, 0.000000, 4.0404438180943632892, 12100
Rectangle(68) : 0.013236194337974630104, 15316, 3001, 0.000000, 4.0297205218511389053, 12000
Rectangle(69) : 0.01346665402208609125, 15189, 2976, 0.000000, 4.0189931302307968237, 11900
Rectangle(70) : 0.013698334391447523657, 15063, 2951, 0.000000, 4.0082612391444908068, 11800
Rectangle(71) : 0.01393124026936988247, 14937, 2926, 0.000000, 3.9975251483050669102, 11700
Rectangle(72) : 0.014165392050069157218, 14812, 2902, 0.000000, 3.9867844459103392605, 11604
Rectangle(73) : 0.014400794726676660544, 14686, 2877, 0.000000, 3.9760394363827480906, 11504
Rectangle(74) : 0.014637485414160165112, 14562, 2853, 0.000000, 3.9652889698186605059, 11408
Rectangle(75) : 0.014875453342316919713, 14437, 2828, 0.000000, 3.9545340849964017341, 11308
Rectangle(76) : 0.015114736717325328783, 14314, 2804, 0.000000, 3.9437736104745559472, 11212
Rectangle(77) : 0.015355324506236503573, 14190, 2779, 0.000000, 3.9330086032205316688, 11112
Rectangle(78) : 0.015597256049803841957, 14067, 2755, 0.000000, 3.9222378696236041152, 11016
Rectangle(79) : 0.015840537337187335532, 13944, 2731, 0.000000, 3.9114617212700247848, 10920
Rectangle(80) : 0.016085191792241123884, 13822, 2707, 0.000000, 3.9006797049282358536, 10824
Rectangle(81) : 0.016331225629958403283, 13700, 2683, 0.000000, 3.8898921371542625056, 10728
Rectangle(82) : 0.016578663012232437043, 13578, 2659, 0.000000, 3.8790985553066144558, 10632
Rectangle(83) : 0.016827528718176362102, 13457, 2635, 0.000000, 3.8682984877295144911, 10536
Rectangle(84) : 0.017077829564407283889, 13337, 2612, 0.000000, 3.8574922544288354761, 10444
Rectangle(85) : 0.017329572254249739874, 13216, 2588, 0.000000, 3.8466801822659947812, 10348
Rectangle(86) : 0.017582801686927251586, 13096, 2564, 0.000000, 3.8358609722971142928, 10252
Rectangle(87) : 0.017837525340890073386, 12977, 2541, 0.000000, 3.8250349477903322747, 10160
Rectangle(88) : 0.018093750581530462711, 12858, 2518, 0.000000, 3.8142024391641059446, 10068
Rectangle(89) : 0.018351504698746523214, 12739, 2494, 0.000000, 3.803362943380689055, 9972
Rectangle(90) : 0.018610815707725304049, 12621, 2471, 0.000000, 3.7925159471067070684, 9880
Rectangle(91) : 0.018871691703851340581, 12503, 2448, 0.000000, 3.7816617841030553874, 9788
Rectangle(92) : 0.01913416165379159935, 12385, 2425, 0.000000, 3.7707999293748688102, 9696
Rectangle(93) : 0.019398255309776651333, 12268, 2402, 0.000000, 3.7599298468817067903, 9604
Rectangle(94) : 0.019663981577047739268, 12152, 2379, 0.000000, 3.7490518734760519073, 9512
Rectangle(95) : 0.019931349242738658615, 12035, 2356, 0.000000, 3.7381663539180553794, 9420
Rectangle(96) : 0.020200411673475514069, 11919, 2333, 0.000000, 3.7272718358068470797, 9328
Rectangle(97) : 0.020471178670355021333, 11804, 2310, 0.000000, 3.7163686587677813893, 9236
Rectangle(98) : 0.020743659918979875737, 11689, 2288, 0.000000, 3.7054571706834965728, 9148
Rectangle(99) : 0.021017888439014395078, 11574, 2265, 0.000000, 3.6945367962762971998, 9056
Rectangle(100) : 0.021293898184675039384, 11460, 2243, 0.000000, 3.6836069475132213676, 8968
Rectangle(101) : 0.021571699838035704425, 11346, 2221, 0.000000, 3.6726679750322125133, 8880
Rectangle(102) : 0.021851328603682823454, 11232, 2198, 0.000000, 3.661719276083689149, 8788
Rectangle(103) : 0.022132820704473750195, 11119, 2176, 0.000000, 3.650760234160155732, 8700
Rectangle(104) : 0.022416187934814622192, 11007, 2154, 0.000000, 3.6397912022201646797, 8612
Rectangle(105) : 0.022701441973355565653, 10894, 2132, 0.000000, 3.628812542391646951, 8524
Rectangle(106) : 0.022988647090153036458, 10783, 2110, 0.000000, 3.6178226147452272067, 8436
Rectangle(107) : 0.023277789500868535596, 10671, 2088, 0.000000, 3.6068227912532567067, 8348
Rectangle(108) : 0.023568935859340399218, 10560, 2066, 0.000000, 3.595811392238883969, 8260
Rectangle(109) : 0.023862099816938778382, 10450, 2044, 0.000000, 3.584788777981125634, 8172
Rectangle(110) : 0.024157294915310177964, 10339, 2023, 0.000000, 3.5737553186498061048, 8088
Rectangle(111) : 0.024454592073512112978, 10230, 2001, 0.000000, 3.5627092645052813057, 8000
Rectangle(112) : 0.024753977143356226497, 10120, 1980, 0.000000, 3.5516520545549778573, 7916
Rectangle(113) : 0.025055523789063240119, 10011, 1958, 0.000000, 3.5405818945840970124, 7828
Rectangle(114) : 0.025359247882019398047, 9903, 1937, 0.000000, 3.5294991513357188907, 7744
Rectangle(115) : 0.025665165195089752373, 9795, 1916, 0.000000, 3.5184042022324323878, 7660
Rectangle(116) : 0.025973322847180863388, 9687, 1895, 0.000000, 3.5072963051559847142, 7576
Rectangle(117) : 0.02628376945657035288, 9579, 1874, 0.000000, 3.4961746989770556483, 7492
Rectangle(118) : 0.026596555206541858846, 9473, 1853, 0.000000, 3.4850386027296203461, 7408
Rectangle(119) : 0.026911665372564198163, 9366, 1832, 0.000000, 3.4738895617324668323, 7324
Rectangle(120) : 0.02722918507806627662, 9260, 1811, 0.000000, 3.4627256009678487352, 7240
Rectangle(121) : 0.027549133847069284043, 9154, 1790, 0.000000, 3.4515470976693346007, 7156
Rectangle(122) : 0.027871566346268468509, 9049, 1770, 0.000000, 3.4403532221889484686, 7076
Rectangle(123) : 0.028196503159417871589, 8944, 1749, 0.000000, 3.4291443570552048189, 6992
Rectangle(124) : 0.028524001410430305043, 8840, 1728, 0.000000, 3.4179196463256020442, 6908
Rectangle(125) : 0.02885408281838568989, 8736, 1708, 0.000000, 3.4066794778238438656, 6828
Rectangle(126) : 0.029186807117587137219, 8632, 1688, 0.000000, 3.3954229679784655925, 6748
Rectangle(127) : 0.029522236099048961314, 8529, 1667, 0.000000, 3.3841492082971290966, 6664
Rectangle(128) : 0.029860394055233406044, 8426, 1647, 0.000000, 3.3728585837665653592, 6584
Rectangle(129) : 0.030201345702962644752, 8324, 1627, 0.000000, 3.3615501552687195145, 6504
Rectangle(130) : 0.030545116745162154545, 8222, 1607, 0.000000, 3.3502243124964337932, 6424
Rectangle(131) : 0.030891775017175829295, 8121, 1587, 0.000000, 3.3388800840505862635, 6344
Rectangle(132) : 0.031241347740245720474, 8020, 1568, 0.000000, 3.3275178642281122976, 6268
Rectangle(133) : 0.031593906077431270636, 7919, 1548, 0.000000, 3.3161366475688851436, 6188
Rectangle(134) : 0.03194952378769378928, 7819, 1528, 0.000000, 3.3047353982547733857, 6108
Rectangle(135) : 0.032308231473875497092, 7719, 1509, 0.000000, 3.2933145043848428261, 6032
Rectangle(136) : 0.032670106652575437865, 7620, 1489, 0.000000, 3.2818728921147689372, 5952
Rectangle(137) : 0.03303518183526766476, 7521, 1470, 0.000000, 3.2704109530742482694, 5876
Rectangle(138) : 0.033403538563505166192, 7422, 1450, 0.000000, 3.2589275731513212793, 5796
Rectangle(139) : 0.033775261491712027049, 7324, 1431, 0.000000, 3.2474216027215219349, 5720
Rectangle(140) : 0.034150387324961825237, 7227, 1412, 0.000000, 3.2358934233934677308, 5644
Rectangle(141) : 0.034528952901742435135, 7129, 1393, 0.000000, 3.2243434329105037614, 5568
Rectangle(142) : 0.034911102352283956213, 7033, 1374, 0.000000, 3.2127688112119423206, 5492
Rectangle(143) : 0.035296822359565620128, 6936, 1355, 0.000000, 3.2011715695292415541, 5416
Rectangle(144) : 0.035686264627375487711, 6840, 1336, 0.000000, 3.1895487872389533547, 5340
Rectangle(145) : 0.036079473514398726506, 6745, 1318, 0.000000, 3.1779008326380062137, 5268
Rectangle(146) : 0.036476493652669742994, 6650, 1299, 0.000000, 3.1662280913695565729, 5192
Rectangle(147) : 0.036877430207762909396, 6555, 1280, 0.000000, 3.1545292147077068402, 5116
Rectangle(148) : 0.037282392711913589311, 6461, 1262, 0.000000, 3.1428028065822521866, 5044
Rectangle(149) : 0.037691431994777271742, 6367, 1244, 0.000000, 3.1310492333487164261, 4972
Rectangle(150) : 0.038104664165870206629, 6274, 1225, 0.000000, 3.1192670369042498671, 4896
Rectangle(151) : 0.038522143770094664688, 6181, 1207, 0.000000, 3.1074565811886181899, 4824
Rectangle(152) : 0.038943994050176952051, 6089, 1189, 0.000000, 3.0956163416347265168, 4752
Rectangle(153) : 0.039370273626730528421, 5997, 1171, 0.000000, 3.0837466786280092731, 4680
Rectangle(154) : 0.03980111349310171556, 5905, 1153, 0.000000, 3.0718459962650919476, 4608
Rectangle(155) : 0.040236650495009436466, 5814, 1135, 0.000000, 3.0599126377131138883, 4536
Rectangle(156) : 0.040676951946284481854, 5724, 1117, 0.000000, 3.0479469315633074795, 4464
Rectangle(157) : 0.041122085931533137948, 5633, 1100, 0.000000, 3.0359492267408810904, 4396
Rectangle(158) : 0.041572281072087173292, 5544, 1082, 0.000000, 3.0239156401076362092, 4324
Rectangle(159) : 0.042027532810923327009, 5454, 1065, 0.000000, 3.011848627274214804, 4256
Rectangle(160) : 0.042488084447753949452, 5366, 1047, 0.000000, 2.9997441322613397785, 4184
Rectangle(161) : 0.042953933149256249075, 5277, 1030, 0.000000, 2.9876046817580442077, 4116
Rectangle(162) : 0.043425338243392698612, 5189, 1013, 0.000000, 2.9754260341379323267, 4048
Rectangle(163) : 0.043902390861264722572, 5102, 996, 0.000000, 2.9632084461408758036, 3980
Rectangle(164) : 0.044385183579050076512, 5015, 979, 0.000000, 2.9509521961260833083, 3912
Rectangle(165) : 0.044873907845476015358, 4928, 962, 0.000000, 2.9386551444325934003, 3844
Rectangle(166) : 0.045368764814719642265, 4842, 945, 0.000000, 2.9263150573018036449, 3776
Rectangle(167) : 0.045869862513460204769, 4757, 928, 0.000000, 2.9139321467897013307, 3708
Rectangle(168) : 0.046377310936161424305, 4672, 911, 0.000000, 2.901506647317709242, 3640
Rectangle(169) : 0.04689133205074141344, 4587, 895, 0.000000, 2.8890361605613835783, 3576
Rectangle(170) : 0.047412159641881893837, 4503, 878, 0.000000, 2.8765181769495212956, 3508
Rectangle(171) : 0.04793992295010963563, 4419, 862, 0.000000, 2.8639528455704774622, 3444
Rectangle(172) : 0.048474874940508023832, 4336, 846, 0.000000, 2.8513374977266521515, 3380
Rectangle(173) : 0.04901715757374756538, 4253, 830, 0.000000, 2.8386722418189532533, 3316
Rectangle(174) : 0.049567045239352774233, 4171, 813, 0.000000, 2.8259542338236729013, 3248
Rectangle(175) : 0.05012469430044691782, 4089, 797, 0.000000, 2.8131835339872644358, 3184
Rectangle(176) : 0.05069040316177909303, 4008, 782, 0.000000, 2.8003571044692882044, 3124
Rectangle(177) : 0.05126434455510975376, 3927, 766, 0.000000, 2.7874749485183638075, 3060
Rectangle(178) : 0.051846843905381809733, 3847, 750, 0.000000, 2.7745338132776348079, 2996
Rectangle(179) : 0.052438092622116313193, 3767, 734, 0.000000, 2.761533634484112594, 2932
Rectangle(180) : 0.053038446653038562355, 3688, 719, 0.000000, 2.7484709198432528643, 2872
Rectangle(181) : 0.053648118811347470398, 3609, 703, 0.000000, 2.7353455250283512431, 2808
Rectangle(182) : 0.054267499671704453286, 3530, 688, 0.000000, 2.7221536900317963755, 2748
Rectangle(183) : 0.054897004966331024498, 3453, 673, 0.000000, 2.7088914399943653378, 2688
Rectangle(184) : 0.055536707092017200385, 3375, 658, 0.000000, 2.6955622487779737793, 2628
Rectangle(185) : 0.056187244054618081504, 3298, 643, 0.000000, 2.6821580161400517991, 2568
Rectangle(186) : 0.056848905066182681807, 3222, 628, 0.000000, 2.6686782448765235878, 2508
Rectangle(187) : 0.057521989561799231648, 3146, 613, 0.000000, 2.6551224453250456258, 2448
Rectangle(188) : 0.058207025304114885058, 3071, 598, 0.000000, 2.6414858286791942723, 2388
Rectangle(189) : 0.05890435054953305317, 2996, 584, 0.000000, 2.6277677428909902992, 2332
Rectangle(190) : 0.059614553400965292923, 2922, 569, 0.000000, 2.6139629600880633504, 2272
Rectangle(191) : 0.060338017795245944309, 2848, 555, 0.000000, 2.6000706328798501535, 2216
Rectangle(192) : 0.061075402146678475964, 2775, 541, 0.000000, 2.5860850298351874993, 2160
Rectangle(193) : 0.061827144499772237225, 2702, 526, 0.000000, 2.5720050674994704198, 2100
Rectangle(194) : 0.062593985753473003479, 2630, 512, 0.000000, 2.557824433198375109, 2044
Rectangle(195) : 0.063376428503738545346, 2559, 498, 0.000000, 2.5435417567080562711, 1988
Rectangle(196) : 0.064174998944030869016, 2488, 485, 0.000000, 2.5291556364049400065, 1936
Rectangle(197) : 0.06499057596830938188, 2417, 471, 0.000000, 2.5146588532301314321, 1880
Rectangle(198) : 0.06582411293696065678, 2348, 457, 0.000000, 2.5000436368377860189, 1824
Rectangle(199) : 0.066675920278032967691, 2278, 444, 0.000000, 2.485314072681868002, 1772
Rectangle(200) : 0.067547436552256790343, 2210, 430, 0.000000, 2.470455337549047121, 1716
Rectangle(201) : 0.06843904530227898361, 2141, 417, 0.000000, 2.4554714919038044901, 1664
Rectangle(202) : 0.069352390230772119757, 2074, 404, 0.000000, 2.4403461298603605808, 1612
Rectangle(203) : 0.070287947670434781561, 2007, 391, 0.000000, 2.4250832280161078534, 1560
Rectangle(204) : 0.071247132138803544816, 1941, 378, 0.000000, 2.4096721318096337817, 1508
Rectangle(205) : 0.072230992072760079479, 1875, 365, 0.000000, 2.3941091816359129269, 1456
Rectangle(206) : 0.07324118363629923304, 1810, 352, 0.000000, 2.3783822133896715156, 1404
Rectangle(207) : 0.074278963864691316751, 1745, 340, 0.000000, 2.3624866115923838976, 1356
Rectangle(208) : 0.075346291435804430732, 1681, 327, 0.000000, 2.3464083589960184262, 1304
Rectangle(209) : 0.076444690221643823014, 1618, 315, 0.000000, 2.3301416084934826701, 1256
Rectangle(210) : 0.077575803700317174479, 1555, 303, 0.000000, 2.3136801264565919923, 1208
Rectangle(211) : 0.078742157479388937818, 1493, 291, 0.000000, 2.297006634780156985, 1160
Rectangle(212) : 0.07994577880208160827, 1432, 279, 0.000000, 2.2801131457474358423, 1112
Rectangle(213) : 0.081188874574251605367, 1372, 267, 0.000000, 2.2629910582287916941, 1064
Rectangle(214) : 0.082473853479666176573, 1312, 255, 0.000000, 2.2456310868297948378, 1016
Rectangle(215) : 0.083804364978774251906, 1253, 244, 0.000000, 2.2280098942617383694, 972
Rectangle(216) : 0.085183463058791600964, 1194, 232, 0.000000, 2.2101153260799153883, 924
Rectangle(217) : 0.08661572045081833077, 1136, 221, 0.000000, 2.1919190318445307007, 880
Rectangle(218) : 0.088105085795751896527, 1079, 210, 0.000000, 2.1734048790676459171, 836
Rectangle(219) : 0.08965597076245036355, 1023, 199, 0.000000, 2.1545550362360220244, 792
Rectangle(220) : 0.091273326614098478921, 968, 188, 0.000000, 2.1353497077094196322, 748
Rectangle(221) : 0.092962737469170193417, 913, 178, 0.000000, 2.1157668133945519725, 708
Rectangle(222) : 0.094732471109251849466, 859, 167, 0.000000, 2.0957599866342488868, 664
Rectangle(223) : 0.096590166087871464002, 806, 157, 0.000000, 2.0752984768862366758, 624
Rectangle(224) : 0.098544630699392849456, 754, 147, 0.000000, 2.0543472450168191949, 584
Rectangle(225) : 0.10060609919411011629, 703, 137, 0.000000, 2.0328660775787170006, 544
Rectangle(226) : 0.10278656303134868955, 653, 127, 0.000000, 2.0108084539091767705, 504
Rectangle(227) : 0.10510020538036733698, 603, 118, 0.000000, 1.9881200769596863599, 468
Rectangle(228) : 0.10756806620451275383, 555, 109, 0.000000, 1.9646988074646238043, 432
Rectangle(229) : 0.11020716315489946339, 508, 99, 0.000000, 1.9405037920008346675, 392
Rectangle(230) : 0.11304280054072787808, 462, 90, 0.000000, 1.9154422915913117023, 356
Rectangle(231) : 0.11610652844460517614, 417, 82, 0.000000, 1.8894005795110624439, 324
Rectangle(232) : 0.11943842431873242421, 373, 73, 0.000000, 1.8622367484057895454, 288
Rectangle(233) : 0.12309053356378816026, 331, 65, 0.000000, 1.8337700566785061372, 256
Rectangle(234) : 0.12712005035133651717, 290, 57, 0.000000, 1.8038529421852712265, 224
Rectangle(235) : 0.13161609497956159036, 250, 50, 0.000000, 1.772198066712471176, 196
Rectangle(236) : 0.13670488724641147506, 213, 42, 0.000000, 1.7384088684739227514, 164
Rectangle(237) : 0.14251901338948153493, 177, 36, 0.000000, 1.7022439289801363767, 140
Rectangle(238) : 0.14931135197129021502, 143, 29, 0.000000, 1.662999408603875731, 112
Rectangle(239) : 0.15744421496852011524, 112, 23, 0.000000, 1.6198423705373191328, 88
Rectangle(240) : 0.16744280756260332178, 83, 18, 0.000000, 1.5718454354360997608, 68
Rectangle(241) : 0.18035660798954428276, 58, 13, 0.000000, 1.5169781268348394778, 48
Rectangle(242) : 0.19789071362462772203, 37, 9, 0.000000, 1.4531729983100765774, 32

Overall winding number: 0.000000 

cpu/wall(s): 1.84467e+10 24.721
