
Filling stored sums matrix with 54 X 54 terms guaranteeing 20 digits accuracy...

Processing the barrier for X= 60000083951.5...60000083952.5 (N = 69098), y0 = 0.2...1 , t = 0...0.2

Rectangle(1) : 0, 12880, 2770, 0.000000, 4.3192484482264584414, 11076
Rectangle(2) : 0.00029652550063870018955, 12767, 2745, 0.000000, 4.3055159461951539638, 10976
Rectangle(3) : 0.00059459990701413325635, 12655, 2721, 0.000000, 4.2917901235662780343, 10880
Rectangle(4) : 0.00089422773187120777506, 12544, 2697, 0.000000, 4.2780714685163701492, 10784
Rectangle(5) : 0.001195413276236352079, 12433, 2673, 0.000000, 4.2643604772281742112, 10688
Rectangle(6) : 0.0014981849706969146312, 12322, 2650, 0.000000, 4.2506565550068974523, 10596
Rectangle(7) : 0.0018025719659092906621, 12212, 2626, 0.000000, 4.2369590981094465887, 10500
Rectangle(8) : 0.002108579098083336403, 12102, 2602, 0.000000, 4.2232686112820483288, 10404
Rectangle(9) : 0.0024162363953302417351, 11993, 2578, 0.000000, 4.2095844804054254415, 10308
Rectangle(10) : 0.0027255488676395409465, 11884, 2555, 0.000000, 4.1959072188574087759, 10216
Rectangle(11) : 0.0030365474555608981306, 11775, 2532, 0.000000, 4.1822362018464326102, 10124
Rectangle(12) : 0.0033492639058238648066, 11667, 2508, 0.000000, 4.1685707946056311173, 10028
Rectangle(13) : 0.0036637038470774545141, 11559, 2485, 0.000000, 4.1549115193689370011, 9936
Rectangle(14) : 0.0039799000162416501193, 11452, 2462, 0.000000, 4.1412577299231730259, 9844
Rectangle(15) : 0.0042978582532241137087, 11345, 2439, 0.000000, 4.127609957620693299, 9752
Rectangle(16) : 0.0046176123261743731445, 11238, 2416, 0.000000, 4.1139675444600038373, 9660
Rectangle(17) : 0.0049391969092371960523, 11132, 2393, 0.000000, 4.1003298214090274326, 9568
Rectangle(18) : 0.0052626185604597101946, 11027, 2370, 0.000000, 4.0866973289572271701, 9476
Rectangle(19) : 0.0055878835762352817163, 10921, 2348, 0.000000, 4.0730706174910566285, 9388
Rectangle(20) : 0.0059150578842190795946, 10816, 2325, 0.000000, 4.0594477607112105636, 9296
Rectangle(21) : 0.0062441488384268468435, 10712, 2302, 0.000000, 4.0458293082409246627, 9204
Rectangle(22) : 0.0065751635236621833504, 10608, 2280, 0.000000, 4.0322158201064059455, 9116
Rectangle(23) : 0.0069081401281216861734, 10504, 2258, 0.000000, 4.0186065880448124436, 9028
Rectangle(24) : 0.0072431179068769044182, 10401, 2235, 0.000000, 4.0050008911539255668, 8936
Rectangle(25) : 0.0075801048207461406038, 10298, 2213, 0.000000, 3.9913992990911066979, 8848
Rectangle(26) : 0.0079191414588400526933, 10196, 2191, 0.000000, 3.9778010764070890597, 8760
Rectangle(27) : 0.0082602361112926899099, 10094, 2169, 0.000000, 3.964206803224268501, 8672
Rectangle(28) : 0.0086034307618994135577, 9992, 2147, 0.000000, 3.9506157290620570713, 8584
Rectangle(29) : 0.008948768605080163865, 9891, 2126, 0.000000, 3.9370270893524377581, 8500
Rectangle(30) : 0.0092962589588717357747, 9790, 2104, 0.000000, 3.9234414740774333591, 8412
Rectangle(31) : 0.0096459465456007892332, 9690, 2082, 0.000000, 3.9098581024071123959, 8324
Rectangle(32) : 0.0099978410866128751358, 9590, 2061, 0.000000, 3.8962775753762045153, 8240
Rectangle(33) : 0.010351988904691728578, 9491, 2039, 0.000000, 3.8826990953227229492, 8152
Rectangle(34) : 0.010708400146428397312, 9392, 2018, 0.000000, 3.8691232746571132466, 8068
Rectangle(35) : 0.01106712281195832845, 9293, 1997, 0.000000, 3.8555492982879083886, 7984
Rectangle(36) : 0.011428206347768928728, 9195, 1976, 0.000000, 3.8419763347865405732, 7900
Rectangle(37) : 0.011791662175369422537, 9097, 1954, 0.000000, 3.8284050068365234148, 7812
Rectangle(38) : 0.012157541586915704104, 8999, 1933, 0.000000, 3.8148344640761988834, 7728
Rectangle(39) : 0.012525897455798490956, 8902, 1913, 0.000000, 3.8012638384345531056, 7648
Rectangle(40) : 0.012896742640974243945, 8806, 1892, 0.000000, 3.7876937627126620641, 7564
Rectangle(41) : 0.013270089650139888059, 8709, 1871, 0.000000, 3.774124884009337457, 7480
Rectangle(42) : 0.013646036932722198021, 8614, 1850, 0.000000, 3.7605547589788520354, 7396
Rectangle(43) : 0.014024555014795433688, 8518, 1830, 0.000000, 3.7469856002490602661, 7316
Rectangle(44) : 0.014405746092542447102, 8423, 1809, 0.000000, 3.7334149081552192401, 7232
Rectangle(45) : 0.014789625340809717581, 8329, 1789, 0.000000, 3.7198433378163066629, 7152
Rectangle(46) : 0.015176207564103787296, 8234, 1769, 0.000000, 3.7062715599882253894, 7072
Rectangle(47) : 0.015565601729756960164, 8141, 1749, 0.000000, 3.692696976525400732, 6992
Rectangle(48) : 0.015957776766794842578, 8047, 1728, 0.000000, 3.6791219139867822769, 6908
Rectangle(49) : 0.01635284597444822673, 7954, 1708, 0.000000, 3.6655437112056212915, 6828
Rectangle(50) : 0.016750827331149964383, 7862, 1689, 0.000000, 3.6519630460260561818, 6752
Rectangle(51) : 0.017151738428329569596, 7770, 1669, 0.000000, 3.6383806134315765428, 6672
Rectangle(52) : 0.017555648417188202356, 7678, 1649, 0.000000, 3.6247953839839567971, 6592
Rectangle(53) : 0.017962628800619298578, 7587, 1629, 0.000000, 3.611206303577157439, 6512
Rectangle(54) : 0.018372699487791719488, 7496, 1610, 0.000000, 3.5976140773989645116, 6436
Rectangle(55) : 0.0187859350904329901, 7406, 1590, 0.000000, 3.5840176222098947202, 6356
Rectangle(56) : 0.019202356589516151688, 7316, 1571, 0.000000, 3.5704176574995906021, 6280
Rectangle(57) : 0.019622041889885149857, 7226, 1552, 0.000000, 3.5568130695707410064, 6204
Rectangle(58) : 0.020045071653180298072, 7137, 1532, 0.000000, 3.5432027164596253261, 6124
Rectangle(59) : 0.020471469679866528327, 7048, 1513, 0.000000, 3.5295873272659152012, 6048
Rectangle(60) : 0.02090132032221413264, 6960, 1494, 0.000000, 3.5159657263611012325, 5972
Rectangle(61) : 0.021334648731174060978, 6872, 1475, 0.000000, 3.502338657693280112, 5896
Rectangle(62) : 0.021771543180780184394, 6784, 1457, 0.000000, 3.488704910336424461, 5824
Rectangle(63) : 0.022212095201761379037, 6697, 1438, 0.000000, 3.4750632407552974056, 5748
Rectangle(64) : 0.022656333404054241126, 6610, 1419, 0.000000, 3.4614144014829217584, 5672
Rectangle(65) : 0.023104353737107633222, 6524, 1401, 0.000000, 3.4477571097693853114, 5600
Rectangle(66) : 0.023556186525239053411, 6438, 1382, 0.000000, 3.4340921334048978962, 5524
Rectangle(67) : 0.024011932429775384243, 6353, 1364, 0.000000, 3.420418148389888986, 5452
Rectangle(68) : 0.024471623622659043772, 6268, 1345, 0.000000, 3.4067359381708946067, 5376
Rectangle(69) : 0.02493536579530915459, 6183, 1327, 0.000000, 3.3930441353162256591, 5304
Rectangle(70) : 0.025403268776922647337, 6099, 1309, 0.000000, 3.379341332506739737, 5232
Rectangle(71) : 0.025875369339720932259, 6015, 1291, 0.000000, 3.3656283198861006289, 5160
Rectangle(72) : 0.02635178302548753253, 5931, 1273, 0.000000, 3.351903641517258674, 5088
Rectangle(73) : 0.026832630039737618295, 5849, 1255, 0.000000, 3.3381657970665511164, 5016
Rectangle(74) : 0.027317869533166674735, 5766, 1238, 0.000000, 3.3244179221261791562, 4948
Rectangle(75) : 0.027807709616782037058, 5684, 1220, 0.000000, 3.3106561256427649059, 4876
Rectangle(76) : 0.028302195212426436232, 5602, 1202, 0.000000, 3.2968812174158975188, 4804
Rectangle(77) : 0.028801459978120098767, 5521, 1185, 0.000000, 3.2830915853538861141, 4736
Rectangle(78) : 0.029305551915333264156, 5440, 1167, 0.000000, 3.2692880547202872126, 4664
Rectangle(79) : 0.029814612219509787541, 5360, 1150, 0.000000, 3.2554689519812679605, 4596
Rectangle(80) : 0.030328692247864501713, 5280, 1133, 0.000000, 3.241635118063756413, 4528
Rectangle(81) : 0.03084794132325536467, 5200, 1116, 0.000000, 3.2277848141375838998, 4460
Rectangle(82) : 0.031372515325974130804, 5121, 1099, 0.000000, 3.2139162423066278913, 4392
Rectangle(83) : 0.03190247358457726064, 5042, 1082, 0.000000, 3.2000302419440083914, 4324
Rectangle(84) : 0.032437981367588765676, 4964, 1065, 0.000000, 3.186124940857908712, 4256
Rectangle(85) : 0.032979102427390922951, 4886, 1048, 0.000000, 3.1722011928418225118, 4188
Rectangle(86) : 0.033526012208979507174, 4808, 1032, 0.000000, 3.1582570463556616245, 4124
Rectangle(87) : 0.03407889429016828871, 4731, 1015, 0.000000, 3.1442904787034767331, 4056
Rectangle(88) : 0.034637822736311488188, 4655, 999, 0.000000, 3.1303023349697680541, 3992
Rectangle(89) : 0.035202871573039687555, 4578, 982, 0.000000, 3.116293497263797847, 3924
Rectangle(90) : 0.035774364254836061048, 4503, 966, 0.000000, 3.1022587864081469921, 3860
Rectangle(91) : 0.036352258722170759469, 4427, 950, 0.000000, 3.0882021387586194183, 3796
Rectangle(92) : 0.036936898916152828459, 4352, 934, 0.000000, 3.0741181610869584092, 3732
Rectangle(93) : 0.037528378273020236182, 4278, 918, 0.000000, 3.0600076910666886387, 3668
Rectangle(94) : 0.038126790543021799678, 4204, 902, 0.000000, 3.0458716074390349903, 3604
Rectangle(95) : 0.038732373703687602483, 4130, 886, 0.000000, 3.0317074799011431887, 3540
Rectangle(96) : 0.03934537793610918679, 4057, 870, 0.000000, 3.0175127777747724007, 3476
Rectangle(97) : 0.039965913498784753071, 3985, 855, 0.000000, 3.0032883521688266753, 3416
Rectangle(98) : 0.040594091253406792387, 3912, 839, 0.000000, 2.9890350992519681812, 3352
Rectangle(99) : 0.041230347669370996932, 3840, 824, 0.000000, 2.974746698621451916, 3292
Rectangle(100) : 0.041874812955470333369, 3769, 808, 0.000000, 2.9604239600237558172, 3228
Rectangle(101) : 0.042527618463568968502, 3698, 793, 0.000000, 2.9460677406090357532, 3168
Rectangle(102) : 0.043189075397211217218, 3627, 778, 0.000000, 2.9316750767672745694, 3108
Rectangle(103) : 0.043859512418652428845, 3557, 763, 0.000000, 2.9172428682765956928, 3048
Rectangle(104) : 0.044539085898628980909, 3488, 748, 0.000000, 2.9027719151559570775, 2988
Rectangle(105) : 0.045227953993570482365, 3419, 733, 0.000000, 2.8882630692436578878, 2928
Rectangle(106) : 0.04592648077603426063, 3350, 718, 0.000000, 2.8737130058896468101, 2868
Rectangle(107) : 0.046635051822568483558, 3282, 704, 0.000000, 2.8591182378488226773, 2812
Rectangle(108) : 0.047353856891992256464, 3214, 689, 0.000000, 2.844479538513901435, 2752
Rectangle(109) : 0.048083315366949910924, 3146, 675, 0.000000, 2.8297931959269460055, 2696
Rectangle(110) : 0.048823872644739785688, 3079, 660, 0.000000, 2.8150553051640455147, 2636
Rectangle(111) : 0.049575758096238338956, 3013, 646, 0.000000, 2.8002665284951274781, 2580
Rectangle(112) : 0.050339205334371471209, 2947, 632, 0.000000, 2.78542758597089508, 2524
Rectangle(113) : 0.051114715204059593055, 2881, 618, 0.000000, 2.7705342371643102731, 2468
Rectangle(114) : 0.05190282149950017281, 2816, 604, 0.000000, 2.755582006019721627, 2412
Rectangle(115) : 0.052703809427774221683, 2752, 590, 0.000000, 2.7405714592494470177, 2356
Rectangle(116) : 0.053517970568489863768, 2688, 576, 0.000000, 2.7255032248826678805, 2300
Rectangle(117) : 0.054345910756318237236, 2624, 563, 0.000000, 2.7103724049263241183, 2248
Rectangle(118) : 0.05518827828868345222, 2561, 549, 0.000000, 2.6951738090795819856, 2192
Rectangle(119) : 0.056045433231705545927, 2498, 536, 0.000000, 2.679907851457996255, 2140
Rectangle(120) : 0.056918094501304423532, 2436, 522, 0.000000, 2.6645689120525127282, 2084
Rectangle(121) : 0.057806669588353895095, 2374, 509, 0.000000, 2.6491572975166483879, 2032
Rectangle(122) : 0.058711959098681042689, 2313, 496, 0.000000, 2.6336668998562779926, 1980
Rectangle(123) : 0.059634426413794003343, 2252, 483, 0.000000, 2.6180978911662518166, 1928
Rectangle(124) : 0.060574967218041894913, 2192, 470, 0.000000, 2.6024436060679391787, 1876
Rectangle(125) : 0.061534111198912305122, 2132, 457, 0.000000, 2.5867040481681144676, 1824
Rectangle(126) : 0.062512865442893597087, 2072, 444, 0.000000, 2.5708719114063373162, 1772
Rectangle(127) : 0.063512320998591636332, 2014, 432, 0.000000, 2.5549393587619145167, 1724
Rectangle(128) : 0.064532648386258922586, 1955, 419, 0.000000, 2.5389137737533652491, 1672
Rectangle(129) : 0.065575571032680081282, 1897, 407, 0.000000, 2.5227786936563128272, 1624
Rectangle(130) : 0.066641875035661796003, 1840, 395, 0.000000, 2.5065332769111658029, 1576
Rectangle(131) : 0.067732382251374386114, 1783, 382, 0.000000, 2.4901767090644203308, 1524
Rectangle(132) : 0.06884857782572347211, 1727, 370, 0.000000, 2.4736990449225346479, 1476
Rectangle(133) : 0.069991426143570915449, 1671, 358, 0.000000, 2.4570990430573274169, 1428
Rectangle(134) : 0.071162640412306599122, 1616, 347, 0.000000, 2.4403655484732922315, 1384
Rectangle(135) : 0.072363361667549973028, 1561, 335, 0.000000, 2.423496774373872502, 1336
Rectangle(136) : 0.073595582535182178346, 1507, 323, 0.000000, 2.4064801149707476023, 1288
Rectangle(137) : 0.074860665557724147558, 1454, 312, 0.000000, 2.3893130812866676036, 1244
Rectangle(138) : 0.076160055572364221563, 1401, 301, 0.000000, 2.3719931204420884882, 1200
Rectangle(139) : 0.077496239098732593075, 1348, 289, 0.000000, 2.3545052556849057536, 1152
Rectangle(140) : 0.078871984837371247195, 1296, 278, 0.000000, 2.3368329940955129823, 1108
Rectangle(141) : 0.080289294246395562768, 1245, 267, 0.000000, 2.3189717540402589394, 1064
Rectangle(142) : 0.081750315735584525771, 1194, 256, 0.000000, 2.3009167252862090758, 1020
Rectangle(143) : 0.083258621200648352468, 1144, 246, 0.000000, 2.282647717867325501, 980
Rectangle(144) : 0.084816879695287623011, 1094, 235, 0.000000, 2.2641582090393856641, 936
Rectangle(145) : 0.086429455754738615391, 1045, 225, 0.000000, 2.2454243384594294079, 896
Rectangle(146) : 0.088099718279580174633, 997, 214, 0.000000, 2.2264372501730825078, 852
Rectangle(147) : 0.089831350426193095905, 949, 204, 0.000000, 2.207187421969868195, 812
Rectangle(148) : 0.091630283431430048692, 902, 194, 0.000000, 2.1876442551360031593, 772
Rectangle(149) : 0.093501285931580828248, 856, 184, 0.000000, 2.1677946460372051078, 732
Rectangle(150) : 0.095449644162932703374, 810, 174, 0.000000, 2.1476242869589389061, 692
Rectangle(151) : 0.097483748220906702023, 765, 165, 0.000000, 2.1270925049065712984, 656
Rectangle(152) : 0.099610666527974115485, 721, 155, 0.000000, 2.1061791946745597437, 616
Rectangle(153) : 0.10183837692280706936, 677, 146, 0.000000, 2.0848619884578891719, 580
Rectangle(154) : 0.10417938429128253342, 634, 137, 0.000000, 2.0630842106454746702, 544
Rectangle(155) : 0.1066448168001870676, 592, 128, 0.000000, 2.0408134373767130278, 508
Rectangle(156) : 0.10924754220116124502, 551, 119, 0.000000, 2.0180127156966101043, 472
Rectangle(157) : 0.11200255620424039221, 510, 110, 0.000000, 1.9946396146428703709, 436
Rectangle(158) : 0.11493322211530484392, 470, 102, 0.000000, 1.9705987630879583919, 404
Rectangle(159) : 0.11806215565378986177, 432, 94, 0.000000, 1.9458245507971687689, 372
Rectangle(160) : 0.12140897174359812281, 394, 86, 0.000000, 1.9202969343969916049, 340
Rectangle(161) : 0.1250137862979052081, 357, 78, 0.000000, 1.8938679233752755147, 308
Rectangle(162) : 0.12891817824013287061, 321, 70, 0.000000, 1.8664230682513291211, 276
Rectangle(163) : 0.13317494792315881803, 286, 63, 0.000000, 1.8378198102886069701, 248
Rectangle(164) : 0.13785263956752457666, 252, 56, 0.000000, 1.8078768889029824246, 220
Rectangle(165) : 0.14304262722190149105, 220, 49, 0.000000, 1.7763580798921366806, 192
Rectangle(166) : 0.1488442548577748396, 189, 42, 0.000000, 1.7430934720048286861, 164
Rectangle(167) : 0.15542146899536652577, 159, 36, 0.000000, 1.7076980889549904934, 140
Rectangle(168) : 0.16301705446049225214, 131, 30, 0.000000, 1.6696191462043084672, 116
Rectangle(169) : 0.17194544488953277479, 105, 24, 0.000000, 1.6283195074622718683, 92
Rectangle(170) : 0.18269134496060203068, 80, 19, 0.000000, 1.5830260685070260528, 72
Rectangle(171) : 0.19622917081693985634, 58, 15, 0.000000, 1.5319492685321455174, 56

Overall winding number: 0.000000 

cpu/wall(s): 61.953 61.993
