
Filling stored sums matrix with 67 X 67 terms guaranteeing 20 digits accuracy...

Processing the barrier for X= 60000000123375...60000000123376 (N = 2185096), y0 = 0.15492...1 , t = 0...0.168

Rectangle(1) : 0, 119074, 20310, 0.0000000000, 4.3174659959376483037, 81236
Rectangle(2) : 3.2059609956309927471e-05, 118877, 20276, 0.0000000000, 4.3157267255584934438, 81100
Rectangle(3) : 6.4157717458673660101e-05, 118681, 20243, 0.0000000000, 4.3139865705574979804, 80968
Rectangle(4) : 9.6294172076999238588e-05, 118484, 20209, 0.0000000000, 4.3122455424213352526, 80832
Rectangle(5) : 0.00012846936486607907428, 118288, 20175, 0.0000000000, 4.3105036233079783861, 80696
Rectangle(6) : 0.0001606831449900813263, 118091, 20142, 0.0000000000, 4.3087608247397347466, 80564
Rectangle(7) : 0.00019293590620592110026, 117895, 20108, 0.0000000000, 4.3070171287828475185, 80428
Rectangle(8) : 0.0002252274972724026942, 117699, 20075, 0.0000000000, 4.3052725469954420249, 80296
Rectangle(9) : 0.00025755803998725534397, 117503, 20041, 0.0000000000, 4.3035270761760661806, 80160
Rectangle(10) : 0.0002899276567304539532, 117307, 20008, 0.0000000000, 4.3017807131091083802, 80028
Rectangle(11) : 0.00032233647046798972157, 117111, 19974, 0.0000000000, 4.3000334545647092941, 79892
Rectangle(12) : 0.00035478460475567157293, 116916, 19941, 0.0000000000, 4.2982852972986729686, 79760
Rectangle(13) : 0.00038727190587184620231, 116720, 19907, 0.0000000000, 4.2965362530071110475, 79624
Rectangle(14) : 0.00041979877575710246557, 116524, 19874, 0.0000000000, 4.2947863034776526727, 79492
Rectangle(15) : 0.00045236533975660173329, 116329, 19840, 0.0000000000, 4.293035445422636036, 79356
Rectangle(16) : 0.00048497144352627770434, 116134, 19807, 0.0000000000, 4.2912836905931726168, 79224
Rectangle(17) : 0.00051761721212628435715, 115938, 19774, 0.0000000000, 4.2895310357208787376, 79092
Rectangle(18) : 0.00055030305314235224462, 115743, 19740, 0.0000000000, 4.2877774624031475896, 78956
Rectangle(19) : 0.00058302881161071013745, 115548, 19707, 0.0000000000, 4.2860229824463442266, 78824
Rectangle(20) : 0.00061579461441514071371, 115353, 19674, 0.0000000000, 4.2842675925379972614, 78692
Rectangle(21) : 0.00064860058905418778888, 115158, 19640, 0.0000000000, 4.2825112893507824477, 78556
Rectangle(22) : 0.00068144686364519130099, 114963, 19607, 0.0000000000, 4.2807540695424289147, 78424
Rectangle(23) : 0.00071433356692835570097, 114768, 19574, 0.0000000000, 4.2789959297556246504, 78292
Rectangle(24) : 0.00074726082827085208193, 114574, 19540, 0.0000000000, 4.2772368666179212275, 78156
Rectangle(25) : 0.00078022848992723067766, 114379, 19507, 0.0000000000, 4.2754768920973588196, 78024
Rectangle(26) : 0.00081323696956158102886, 114185, 19474, 0.0000000000, 4.2737159874514598533, 77892
Rectangle(27) : 0.00084628610900591662332, 113990, 19441, 0.0000000000, 4.271954164686080416, 77760
Rectangle(28) : 0.00087937632889087214938, 113796, 19407, 0.0000000000, 4.2701914049595738638, 77624
Rectangle(29) : 0.00091250747062660604041, 113602, 19374, 0.0000000000, 4.2684277203158087442, 77492
Rectangle(30) : 0.00094567966583721684607, 113408, 19341, 0.0000000000, 4.266663107340884218, 77360
Rectangle(31) : 0.00097889304679218372864, 113214, 19308, 0.0000000000, 4.2648975626054053448, 77228
Rectangle(32) : 0.0010121477464106532231, 113020, 19275, 0.0000000000, 4.2631310826643841005, 77096
Rectangle(33) : 0.0010454438982657619127, 112826, 19242, 0.0000000000, 4.2613636640571395943, 76964
Rectangle(34) : 0.0010787816365889953837, 112632, 19208, 0.0000000000, 4.2595953033071974745, 76828
Rectangle(35) : 0.0011121610962745838263, 112439, 19175, 0.0000000000, 4.2578259969221885166, 76696
Rectangle(36) : 0.0011455821156443949107, 112245, 19142, 0.0000000000, 4.2560557571322422763, 76564
Rectangle(37) : 0.0011790451274233805428, 112052, 19109, 0.0000000000, 4.254284564691359892, 76432
Rectangle(38) : 0.0012125499695028736344, 111859, 19076, 0.0000000000, 4.2525124318686943113, 76300
Rectangle(39) : 0.001246096777822889854, 111665, 19043, 0.0000000000, 4.250739355160216932, 76168
Rectangle(40) : 0.0012796859897976376884, 111472, 19010, 0.0000000000, 4.2489653151645313377, 76036
Rectangle(41) : 0.0013133174426751722382, 111279, 18977, 0.0000000000, 4.2471903242096127853, 75904
Rectangle(42) : 0.0013469912744332722642, 111086, 18944, 0.0000000000, 4.2454143787428152851, 75772
Rectangle(43) : 0.0013807076237369002216, 110893, 18911, 0.0000000000, 4.2436374751951086025, 75640
Rectangle(44) : 0.0014144666299428384558, 110700, 18878, 0.0000000000, 4.2418596099809719543, 75508
Rectangle(45) : 0.0014482684331043648511, 110508, 18845, 0.0000000000, 4.2400807794982868295, 75376
Rectangle(46) : 0.001482112867710893671, 110315, 18812, 0.0000000000, 4.2383009962280043025, 75244
Rectangle(47) : 0.0015160003807075668732, 110123, 18779, 0.0000000000, 4.2365202404523298208, 75112
Rectangle(48) : 0.0015499308061450534093, 109930, 18746, 0.0000000000, 4.2347385246923902237, 74980
Rectangle(49) : 0.0015839045942346776268, 109738, 18714, 0.0000000000, 4.2329558291229095342, 74852
Rectangle(50) : 0.0016179215785894399656, 109546, 18681, 0.0000000000, 4.2311721663054003329, 74720
Rectangle(51) : 0.0016519819017989172658, 109353, 18648, 0.0000000000, 4.2293875325914016739, 74588
Rectangle(52) : 0.0016860860190393350109, 109161, 18615, 0.0000000000, 4.2276019079925621018, 74456
Rectangle(53) : 0.0017202337632702651242, 108969, 18582, 0.0000000000, 4.2258153051312698868, 74324
Rectangle(54) : 0.0017544252792530792263, 108778, 18549, 0.0000000000, 4.2240277203076082259, 74192
Rectangle(55) : 0.0017886603977541328237, 108586, 18517, 0.0000000000, 4.2222391662406845037, 74064
Rectangle(56) : 0.00182293957892150877, 108394, 18484, 0.0000000000, 4.2204496227776219826, 73932
Rectangle(57) : 0.0018572629697252213554, 108203, 18451, 0.0000000000, 4.218659086166230978, 73800
Rectangle(58) : 0.0018916304002601069961, 108011, 18418, 0.0000000000, 4.2168675691876981587, 73668
Rectangle(59) : 0.0019260423357961884893, 107820, 18386, 0.0000000000, 4.2150750515217889919, 73540
Rectangle(60) : 0.0019604986059828123901, 107628, 18353, 0.0000000000, 4.21328154599128051, 73408
Rectangle(61) : 0.0019949996795509478243, 107437, 18320, 0.0000000000, 4.2114870321630666956, 73276
Rectangle(62) : 0.0020295453857058392183, 107246, 18288, 0.0000000000, 4.2096915229017325103, 73148
Rectangle(63) : 0.002064135874142720151, 107055, 18255, 0.0000000000, 4.2078950144053831365, 73016
Rectangle(64) : 0.0020987712953225378441, 106864, 18222, 0.0000000000, 4.2060975028541067025, 72884
Rectangle(65) : 0.0021334518004772588606, 106673, 18190, 0.0000000000, 4.2042989844098542393, 72756
Rectangle(66) : 0.0021681775416152211776, 106483, 18157, 0.0000000000, 4.2024994552163186223, 72624
Rectangle(67) : 0.0022029483449849263758, 106292, 18125, 0.0000000000, 4.2006989283017457708, 72496
Rectangle(68) : 0.0022377646898490906193, 106102, 18092, 0.0000000000, 4.1988973828891627983, 72364
Rectangle(69) : 0.0022726264020023880388, 105911, 18059, 0.0000000000, 4.1970948320495458923, 72232
Rectangle(70) : 0.002307533964314608166, 105721, 18027, 0.0000000000, 4.1952912548891186404, 72104
Rectangle(71) : 0.0023424872021281846422, 105531, 17994, 0.0000000000, 4.1934866645218116919, 71972
Rectangle(72) : 0.0023774862703121477591, 105340, 17962, 0.0000000000, 4.1916810570393288757, 71844
Rectangle(73) : 0.0024125316572215774997, 105150, 17929, 0.0000000000, 4.1898744113706109541, 71712
Rectangle(74) : 0.0024476231875246741326, 104960, 17897, 0.0000000000, 4.1880667406943361554, 71584
Rectangle(75) : 0.0024827610185145210853, 104770, 17864, 0.0000000000, 4.1862580410455354451, 71452
Rectangle(76) : 0.0025179453083021085192, 104581, 17832, 0.0000000000, 4.184448308440130641, 71324
Rectangle(77) : 0.0025531758789453432429, 104391, 17800, 0.0000000000, 4.1826375561828159999, 71196
Rectangle(78) : 0.0025884532261896728882, 104201, 17767, 0.0000000000, 4.180825762962824423, 71064
Rectangle(79) : 0.0026237775106299644825, 104012, 17735, 0.0000000000, 4.1790129247380854799, 70936
Rectangle(80) : 0.0026591485536320996735, 103822, 17702, 0.0000000000, 4.1771990548795310332, 70804
Rectangle(81) : 0.0026945668566399354986, 103633, 17670, 0.0000000000, 4.1753841318933290946, 70676
Rectangle(82) : 0.0027300322405610159372, 103444, 17638, 0.0000000000, 4.1735681691947873107, 70548
Rectangle(83) : 0.002765544867385140945, 103255, 17605, 0.0000000000, 4.171751162725203847, 70416
Rectangle(84) : 0.0028011048999523309489, 103066, 17573, 0.0000000000, 4.1699331084061329961, 70288
Rectangle(85) : 0.0028367125019588717382, 102877, 17541, 0.0000000000, 4.1681140021392502138, 70160
Rectangle(86) : 0.0028723678379634135718, 102688, 17508, 0.0000000000, 4.1662938398062159843, 70028
Rectangle(87) : 0.0029080710733931250861, 102499, 17476, 0.0000000000, 4.1644726172685385021, 69900
Rectangle(88) : 0.0029438223745499026011, 102311, 17444, 0.0000000000, 4.1626503303674351583, 69772
Rectangle(89) : 0.0029796215587076904749, 102122, 17412, 0.0000000000, 4.1608269927385947486, 69644
Rectangle(90) : 0.0030154691428985464584, 101934, 17380, 0.0000000000, 4.1590025823883244658, 69516
Rectangle(91) : 0.0030513649439304722581, 101745, 17347, 0.0000000000, 4.1571771129979295328, 69384
Rectangle(92) : 0.0030873094828561976454, 101557, 17315, 0.0000000000, 4.1553505624457370959, 69256
Rectangle(93) : 0.0031233025760200931632, 101369, 17283, 0.0000000000, 4.1535229444589082605, 69128
Rectangle(94) : 0.0031593443929903593023, 101181, 17251, 0.0000000000, 4.1516942548195982335, 69000
Rectangle(95) : 0.0031954351042387122365, 100993, 17219, 0.0000000000, 4.1498644892891258305, 68872
Rectangle(96) : 0.0032315748811469051393, 100805, 17187, 0.0000000000, 4.1480336436078288931, 68744
Rectangle(97) : 0.0032677638960133088781, 100617, 17155, 0.0000000000, 4.1462017134949184324, 68616
Rectangle(98) : 0.0033040023220595527378, 100430, 17122, 0.0000000000, 4.1443686946483314861, 68484
Rectangle(99) : 0.0033402899721108156223, 100242, 17090, 0.0000000000, 4.1425346010001270749, 68356
Rectangle(100) : 0.0033766273815898775631, 100055, 17058, 0.0000000000, 4.1406994099715820563, 68228
Rectangle(101) : 0.0034130143628499003712, 99867, 17026, 0.0000000000, 4.1388631355417824438, 68100
Rectangle(102) : 0.0034494514555385941583, 99680, 16994, 0.0000000000, 4.1370257549986027046, 67972
Rectangle(103) : 0.0034859384715397839928, 99493, 16962, 0.0000000000, 4.1351872823684028052, 67844
Rectangle(104) : 0.0035224755875415972139, 99306, 16930, 0.0000000000, 4.1333477132866351823, 67716
Rectangle(105) : 0.003559062981186358207, 99119, 16898, 0.0000000000, 4.1315070433668945715, 67588
Rectangle(106) : 0.0035957008310775687174, 98932, 16866, 0.0000000000, 4.1296652682007642942, 67460
Rectangle(107) : 0.00363238931678695258, 98745, 16834, 0.0000000000, 4.1278223833576611725, 67332
Rectangle(108) : 0.0036691286188615655849, 98558, 16803, 0.0000000000, 4.1259783843846790581, 67208
Rectangle(109) : 0.0037059189188309712045, 98372, 16771, 0.0000000000, 4.1241332668064309578, 67080
Rectangle(110) : 0.0037427600247026260551, 98185, 16739, 0.0000000000, 4.1222870448855003059, 66952
Rectangle(111) : 0.0037796524934594168103, 97999, 16707, 0.0000000000, 4.1204396953634005097, 66824
Rectangle(112) : 0.0038165961326329124634, 97812, 16675, 0.0000000000, 4.1185912325513360917, 66696
Rectangle(113) : 0.0038535915036768675619, 97626, 16643, 0.0000000000, 4.1167416330508974054, 66568
Rectangle(114) : 0.0038906384136501420728, 97440, 16611, 0.0000000000, 4.1148909112221649425, 66440
Rectangle(115) : 0.0039277370477965107607, 97254, 16580, 0.0000000000, 4.113039062522980786, 66316
Rectangle(116) : 0.0039648875923758903316, 97068, 16548, 0.0000000000, 4.1111860823880742823, 66188
Rectangle(117) : 0.0040020902346718897782, 96882, 16516, 0.0000000000, 4.1093319662288969598, 66060
Rectangle(118) : 0.0040393451629994314986, 96696, 16484, 0.0000000000, 4.1074767094334559513, 65932
Rectangle(119) : 0.0040766525667124439909, 96511, 16453, 0.0000000000, 4.1056203073661459019, 65808
Rectangle(120) : 0.0041140122491047738382, 96325, 16421, 0.0000000000, 4.1037627746070090904, 65680
Rectangle(121) : 0.0041514247876420903095, 96140, 16389, 0.0000000000, 4.1019040872572298297, 65552
Rectangle(122) : 0.0041888899851380049114, 95954, 16358, 0.0000000000, 4.1000442599470009388, 65428
Rectangle(123) : 0.0042264084237642946017, 95769, 16326, 0.0000000000, 4.0981832686314333197, 65300
Rectangle(124) : 0.004263979905857993328, 95584, 16294, 0.0000000000, 4.0963211279911329404, 65172
Rectangle(125) : 0.0043016046247229825829, 95399, 16263, 0.0000000000, 4.0944578333197165782, 65048
Rectangle(126) : 0.0043392827747383885785, 95214, 16231, 0.0000000000, 4.0925933798865108125, 64920
Rectangle(127) : 0.0043770145513666839008, 95029, 16199, 0.0000000000, 4.0907277629363761089, 64792
Rectangle(128) : 0.0044148001511618661726, 94844, 16168, 0.0000000000, 4.0888609776895292863, 64668
Rectangle(129) : 0.0044526397717777146109, 94660, 16136, 0.0000000000, 4.0869930193413643482, 64540
Rectangle(130) : 0.00449053321166088981, 94475, 16105, 0.0000000000, 4.0851239028001431758, 64416
Rectangle(131) : 0.0045284810698540641226, 94291, 16073, 0.0000000000, 4.0832536034982179075, 64288
Rectangle(132) : 0.0045664831443203251433, 94106, 16042, 0.0000000000, 4.0813821363955910686, 64164
Rectangle(133) : 0.0046045400390602523644, 93922, 16010, 0.0000000000, 4.0795094767720073556, 64036
Rectangle(134) : 0.0046426515515575587181, 93738, 15979, 0.0000000000, 4.077635639639480353, 63912
Rectangle(135) : 0.0046808178836708903484, 93554, 15947, 0.0000000000, 4.0757606201183073946, 63784
Rectangle(136) : 0.0047190392383977679527, 93370, 15916, 0.0000000000, 4.0738844133032352841, 63660
Rectangle(137) : 0.0047573158198832904469, 93186, 15884, 0.0000000000, 4.0720070142632726206, 63532
Rectangle(138) : 0.0047956478334289225442, 93002, 15853, 0.0000000000, 4.0701284180415003732, 63408
Rectangle(139) : 0.0048340354855013672268, 92818, 15822, 0.0000000000, 4.068248619654880686, 63284
Rectangle(140) : 0.0048724789837415241003, 92635, 15790, 0.0000000000, 4.066367614094063893, 63156
Rectangle(141) : 0.0049109781213687067407, 92451, 15759, 0.0000000000, 4.0644854166335781835, 63032
Rectangle(142) : 0.0049495335227882000743, 92268, 15728, 0.0000000000, 4.0626020019267917463, 62908
Rectangle(143) : 0.0049881449807359912018, 92085, 15696, 0.0000000000, 4.0607173853017662674, 62780
Rectangle(144) : 0.005026812704961454266, 91902, 15665, 0.0000000000, 4.0588315617224092309, 62656
Rectangle(145) : 0.005065536906412156201, 91718, 15634, 0.0000000000, 4.0569445261259255117, 62532
Rectangle(146) : 0.0051043182200706084733, 91535, 15602, 0.0000000000, 4.0550562528434527779, 62404
Rectangle(147) : 0.0051431564377233473467, 91353, 15571, 0.0000000000, 4.0531667573106752402, 62280
Rectangle(148) : 0.0051820513482058785743, 91170, 15540, 0.0000000000, 4.0512760550717195847, 62156
Rectangle(149) : 0.0052210035918723447319, 90987, 15509, 0.0000000000, 4.0493841202934255092, 62032
Rectangle(150) : 0.0052600133858021745484, 90804, 15477, 0.0000000000, 4.0474909477764683722, 61904
Rectangle(151) : 0.0052990809483299978642, 90622, 15446, 0.0000000000, 4.0455965322936008759, 61780
Rectangle(152) : 0.0053382060673109693819, 90440, 15415, 0.0000000000, 4.0437008894991758001, 61656
Rectangle(153) : 0.0053773889608259978627, 90257, 15384, 0.0000000000, 4.0418040141928556716, 61532
Rectangle(154) : 0.0054166302829859727751, 90075, 15353, 0.0000000000, 4.0399058801249798451, 61408
Rectangle(155) : 0.0054559298209279653351, 89893, 15322, 0.0000000000, 4.0380065030329633324, 61284
Rectangle(156) : 0.0054952877965549102956, 89711, 15291, 0.0000000000, 4.0361058776318762965, 61160
Rectangle(157) : 0.0055347044330613796951, 89529, 15260, 0.0000000000, 4.0342039986082228021, 61036
Rectangle(158) : 0.0055741799549437666625, 89347, 15228, 0.0000000000, 4.032300860619724375, 60908
Rectangle(159) : 0.0056137145880105705213, 89166, 15197, 0.0000000000, 4.0303964582951014807, 60784
Rectangle(160) : 0.0056533081153449255611, 88984, 15166, 0.0000000000, 4.0284908075971269635, 60660
Rectangle(161) : 0.0056929612081211227085, 88803, 15135, 0.0000000000, 4.0265838817612177552, 60536
Rectangle(162) : 0.0057326736489368746285, 88621, 15104, 0.0000000000, 4.0246756968070470538, 60412
Rectangle(163) : 0.0057724461147949336332, 88440, 15073, 0.0000000000, 4.0227662257951845449, 60288
Rectangle(164) : 0.0058122783878138751138, 88259, 15042, 0.0000000000, 4.0208554848024976489, 60164
Rectangle(165) : 0.0058521706989073896296, 88078, 15012, 0.0000000000, 4.0189434683674596978, 60044
Rectangle(166) : 0.0058921232803507405197, 87897, 14981, 0.0000000000, 4.0170301709986351291, 59920
Rectangle(167) : 0.0059321363657916387885, 87716, 14950, 0.0000000000, 4.0151155871744499346, 59796
Rectangle(168) : 0.0059722101902612275743, 87535, 14919, 0.0000000000, 4.0131997113429598708, 59672
Rectangle(169) : 0.0060123449901851775357, 87354, 14888, 0.0000000000, 4.011282537921616407, 59548
Rectangle(170) : 0.0060525410033948945081, 87174, 14857, 0.0000000000, 4.0093640612970303821, 59424
Rectangle(171) : 0.0060927980073329612525, 86993, 14826, 0.0000000000, 4.0074442978378717975, 59300
Rectangle(172) : 0.0061331167030652370885, 86813, 14795, 0.0000000000, 4.0055232198854089908, 59176
Rectangle(173) : 0.0061734968675554103228, 86632, 14765, 0.0000000000, 4.0036008438672207332, 59056
Rectangle(174) : 0.0062139392080747013554, 86452, 14734, 0.0000000000, 4.001677141940193457, 58932
Rectangle(175) : 0.0062544435011152347549, 86272, 14703, 0.0000000000, 3.9997521305911160603, 58808
Rectangle(176) : 0.0062950099900176725802, 86092, 14672, 0.0000000000, 3.997825804109506929, 58684
Rectangle(177) : 0.0063356389195826670852, 85912, 14642, 0.0000000000, 3.9958981567530527078, 58564
Rectangle(178) : 0.0063763305360827258978, 85732, 14611, 0.0000000000, 3.9939691827473597331, 58440
Rectangle(179) : 0.0064170850872741988569, 85553, 14580, 0.0000000000, 3.992038876285703, 58316
Rectangle(180) : 0.0064579023453047261675, 85373, 14549, 0.0000000000, 3.9901072540974436743, 58192
Rectangle(181) : 0.0064987830365548572824, 85194, 14519, 0.0000000000, 3.9881742877732218569, 58072
Rectangle(182) : 0.0065397269326951162426, 85014, 14488, 0.0000000000, 3.9862399941030870379, 57948
Rectangle(183) : 0.0065807347666295633577, 84835, 14457, 0.0000000000, 3.984304344485417082, 57824
Rectangle(184) : 0.0066218063095597857551, 84656, 14427, 0.0000000000, 3.982367355771258693, 57704
Rectangle(185) : 0.0066629418150853392739, 84477, 14396, 0.0000000000, 3.9804290220513246856, 57580
Rectangle(186) : 0.0067041415383478997896, 84298, 14366, 0.0000000000, 3.9784893373829373694, 57460
Rectangle(187) : 0.0067454057360439653828, 84119, 14335, 0.0000000000, 3.9765482957897642954, 57336
Rectangle(188) : 0.0067867346664376905138, 83940, 14305, 0.0000000000, 3.9746058912615513467, 57216
Rectangle(189) : 0.0068281285893738538608, 83762, 14274, 0.0000000000, 3.9726621177538531405, 57092
Rectangle(190) : 0.006869587271326933457, 83583, 14244, 0.0000000000, 3.9707169924000041158, 56972
Rectangle(191) : 0.0069111114687402831108, 83405, 14213, 0.0000000000, 3.9687704859071330387, 56848
Rectangle(192) : 0.0069527009476193327246, 83226, 14183, 0.0000000000, 3.9668226154712672033, 56728
Rectangle(193) : 0.0069943564713195137643, 83048, 14152, 0.0000000000, 3.9648733515976532956, 56604
Rectangle(194) : 0.0070360778053865310711, 82870, 14122, 0.0000000000, 3.9629227115453274034, 56484
Rectangle(195) : 0.0070778652159276838091, 82692, 14091, 0.0000000000, 3.9609706891603217245, 56360
Rectangle(196) : 0.0071197189706942914825, 82514, 14061, 0.0000000000, 3.9590172782533307133, 56240
Rectangle(197) : 0.0071616393390954516579, 82336, 14031, 0.0000000000, 3.957062472599426971, 56120
Rectangle(198) : 0.0072036265922119429493, 82158, 14000, 0.0000000000, 3.9551062659377742342, 55996
Rectangle(199) : 0.007245681002810275117, 81981, 13970, 0.0000000000, 3.9531486519713374268, 55876
Rectangle(200) : 0.007287802331556830263, 81803, 13939, 0.0000000000, 3.9511896482521838365, 55752
Rectangle(201) : 0.0073299913667786703403, 81626, 13909, 0.0000000000, 3.9492292245590911956, 55632
Rectangle(202) : 0.0073722478686844245264, 81448, 13879, 0.0000000000, 3.9472673985089010579, 55512
Rectangle(203) : 0.00741457263293288859, 81271, 13849, 0.0000000000, 3.9453041396682042765, 55392
Rectangle(204) : 0.0074569654192855630284, 81094, 13818, 0.0000000000, 3.9433394657189391811, 55268
Rectangle(205) : 0.0074994265072294175574, 80917, 13788, 0.0000000000, 3.941373370246974191, 55148
Rectangle(206) : 0.0075419561780062255729, 80740, 13758, 0.0000000000, 3.9394058468007360486, 55028
Rectangle(207) : 0.0075845547146274880952, 80563, 13728, 0.0000000000, 3.9374368888909039129, 54908
Rectangle(208) : 0.0076272224018895178597, 80386, 13697, 0.0000000000, 3.9354664899901002781, 54784
Rectangle(209) : 0.0076699595263886856287, 80210, 13667, 0.0000000000, 3.933494643532578678, 54664
Rectangle(210) : 0.0077127658428521263303, 80033, 13637, 0.0000000000, 3.9315213675045962023, 54544
Rectangle(211) : 0.0077556421734595582172, 79857, 13607, 0.0000000000, 3.9295466307085017067, 54424
Rectangle(212) : 0.0077985882724954411292, 79681, 13577, 0.0000000000, 3.9275704511974866125, 54304
Rectangle(213) : 0.0078416044300637131967, 79504, 13547, 0.0000000000, 3.9255928223591623536, 54184
Rectangle(214) : 0.0078846914800531371547, 79328, 13517, 0.0000000000, 3.9236137126603622628, 54064
Rectangle(215) : 0.0079278491761082546701, 79152, 13487, 0.0000000000, 3.921633140255109003, 53944
Rectangle(216) : 0.0079710778139222721176, 78976, 13457, 0.0000000000, 3.9196510984125861069, 53824
Rectangle(217) : 0.0080143776910800489879, 78801, 13427, 0.0000000000, 3.9176675803619288012, 53704
Rectangle(218) : 0.0080577485566827942424, 78625, 13397, 0.0000000000, 3.9156826044705552099, 53584
Rectangle(219) : 0.0081011912607142162482, 78449, 13367, 0.0000000000, 3.9136961387456983723, 53464
Rectangle(220) : 0.0081447061065216286865, 78274, 13337, 0.0000000000, 3.9117081762945972616, 53344
Rectangle(221) : 0.0081882928425552362352, 78099, 13307, 0.0000000000, 3.9097187355882435793, 53224
Rectangle(222) : 0.0082319517720625057723, 77923, 13277, 0.0000000000, 3.9077278097652932246, 53104
Rectangle(223) : 0.0082756837614592858401, 77748, 13247, 0.0000000000, 3.9057353663658481507, 52984
Rectangle(224) : 0.0083194885585777435258, 77573, 13217, 0.0000000000, 3.9037414239648428312, 52864
Rectangle(225) : 0.0083633664725937651162, 77398, 13187, 0.0000000000, 3.9017459755762182267, 52744
Rectangle(226) : 0.0084073178146901528553, 77223, 13157, 0.0000000000, 3.8997490141717313231, 52624
Rectangle(227) : 0.008451342898074270687, 77049, 13127, 0.0000000000, 3.897750532680598864, 52504
Rectangle(228) : 0.0084954414656440068142, 76874, 13097, 0.0000000000, 3.8957505499348515773, 52384
Rectangle(229) : 0.0085396144051285510239, 76699, 13068, 0.0000000000, 3.8937490328717077023, 52268
Rectangle(230) : 0.0085838620359043330772, 76525, 13038, 0.0000000000, 3.8917459742908681218, 52148
Rectangle(231) : 0.0086281841002531193316, 76351, 13008, 0.0000000000, 3.8897413931314197692, 52028
Rectangle(232) : 0.0086725809174936455824, 76177, 12978, 0.0000000000, 3.8877352822250855689, 51908
Rectangle(233) : 0.0087170528090386668561, 76002, 12949, 0.0000000000, 3.8857276343598616528, 51792
Rectangle(234) : 0.0087616006845466779828, 75828, 12919, 0.0000000000, 3.8837184158558371019, 51672
Rectangle(235) : 0.0088062242855364948988, 75655, 12889, 0.0000000000, 3.8817076457953553736, 51552
Rectangle(236) : 0.0088509233489929135806, 75481, 12859, 0.0000000000, 3.8796953434190965845, 51432
Rectangle(237) : 0.0088956987937196540396, 75307, 12830, 0.0000000000, 3.8776814747911368014, 51316
Rectangle(238) : 0.0089405509518827881015, 75134, 12800, 0.0000000000, 3.8756660324751604112, 51196
Rectangle(239) : 0.0089854795598695206116, 74960, 12771, 0.0000000000, 3.8736490358219882129, 51080
Rectangle(240) : 0.0090304855502086613294, 74787, 12741, 0.0000000000, 3.8716304505120350499, 50960
Rectangle(241) : 0.009075568658910869401, 74613, 12711, 0.0000000000, 3.8696102959698428283, 50840
Rectangle(242) : 0.0091207298278220489921, 74440, 12682, 0.0000000000, 3.867588537616001118, 50724
Rectangle(243) : 0.0091659687925938921022, 74267, 12652, 0.0000000000, 3.8655651949491146823, 50604
Rectangle(244) : 0.00921128589433422246, 74094, 12623, 0.0000000000, 3.8635402603795217191, 50488
Rectangle(245) : 0.0092566814764377601516, 73922, 12593, 0.0000000000, 3.8615137262702046518, 50368
Rectangle(246) : 0.0093021552694394403639, 73749, 12564, 0.0000000000, 3.8594856123596799333, 50252
Rectangle(247) : 0.0093477082343929947162, 73576, 12534, 0.0000000000, 3.8574558835354243338, 50132
Rectangle(248) : 0.0093933407216651408554, 73404, 12505, 0.0000000000, 3.8554245320161728886, 50016
Rectangle(249) : 0.0094390524612435858024, 73231, 12475, 0.0000000000, 3.8533915776543067744, 49896
Rectangle(250) : 0.009484844428820900147, 73059, 12446, 0.0000000000, 3.8513569849320854567, 49780
Rectangle(251) : 0.0095307163540447888597, 72887, 12416, 0.0000000000, 3.8493207737780904295, 49660
Rectangle(252) : 0.009576668592081449587, 72715, 12387, 0.0000000000, 3.8472829363460121115, 49544
Rectangle(253) : 0.0096227015005095044878, 72543, 12358, 0.0000000000, 3.8452434647399365776, 49428
Rectangle(254) : 0.0096688154393421959477, 72371, 12328, 0.0000000000, 3.8432023510139072492, 49308
Rectangle(255) : 0.0097150107710498399936, 72199, 12299, 0.0000000000, 3.8411595871714816651, 49192
Rectangle(256) : 0.0097612878605825410236, 72027, 12270, 0.0000000000, 3.839115165165283263, 49076
Rectangle(257) : 0.009807647075393171527, 71856, 12240, 0.0000000000, 3.8370690768965481045, 48956
Rectangle(258) : 0.0098540881391442368257, 71684, 12211, 0.0000000000, 3.8350213426991257139, 48840
Rectangle(259) : 0.0099006120683711092897, 71513, 12182, 0.0000000000, 3.8329719259325348176, 48724
Rectangle(260) : 0.0099472185864298193819, 71342, 12153, 0.0000000000, 3.8309208470092111036, 48608
Rectangle(261) : 0.009993908065937111175, 71171, 12123, 0.0000000000, 3.8288680977602329263, 48488
Rectangle(262) : 0.010040680882080768464, 71000, 12094, 0.0000000000, 3.826813669964206566, 48372
Rectangle(263) : 0.010087537412643644613, 70829, 12065, 0.0000000000, 3.8247575553467952623, 48256
Rectangle(264) : 0.010134478038027975823, 70658, 12036, 0.0000000000, 3.8226997455802428751, 48140
Rectangle(265) : 0.010181503141279981864, 70487, 12007, 0.0000000000, 3.8206402322828921001, 48024
Rectangle(266) : 0.010228613108114758378, 70317, 11978, 0.0000000000, 3.8185790070186971617, 47908
Rectangle(267) : 0.010275807655763530327, 70146, 11948, 0.0000000000, 3.8165160906202346112, 47788
Rectangle(268) : 0.010323087844093873249, 69976, 11919, 0.0000000000, 3.8144514452669391681, 47672
Rectangle(269) : 0.01037045339007059297, 69806, 11890, 0.0000000000, 3.8123850918724366683, 47556
Rectangle(270) : 0.010417904684971782504, 69636, 11861, 0.0000000000, 3.8103170219249265631, 47440
Rectangle(271) : 0.010465442122818943837, 69466, 11832, 0.0000000000, 3.808247226857039528, 47324
Rectangle(272) : 0.010513066100403043102, 69296, 11803, 0.0000000000, 3.8061756980453306717, 47208
Rectangle(273) : 0.010560777017310878052, 69126, 11774, 0.0000000000, 3.804102426809766871, 47092
Rectangle(274) : 0.010608575275951762333, 68956, 11745, 0.0000000000, 3.8020274044132081495, 46976
Rectangle(275) : 0.010656461281584531174, 68787, 11716, 0.0000000000, 3.7999506220608830153, 46860
Rectangle(276) : 0.010704434744914242936, 68617, 11687, 0.0000000000, 3.7978721011021319634, 46744
Rectangle(277) : 0.010752496771833259098, 68448, 11658, 0.0000000000, 3.7957918024748078181, 46628
Rectangle(278) : 0.010800647072827806898, 68278, 11629, 0.0000000000, 3.7937097476118403416, 46512
Rectangle(279) : 0.010848886765666083361, 68109, 11601, 0.0000000000, 3.7916258971320857139, 46400
Rectangle(280) : 0.010897215560643723404, 67940, 11572, 0.0000000000, 3.7895402725524055526, 46284
Rectangle(281) : 0.010945633874929157693, 67771, 11543, 0.0000000000, 3.7874528648773594927, 46168
Rectangle(282) : 0.01099414212867895273, 67603, 11514, 0.0000000000, 3.7853636650514870377, 46052
Rectangle(283) : 0.011042740026184262954, 67434, 11485, 0.0000000000, 3.7832726948738808609, 45936
Rectangle(284) : 0.011091428709858283194, 67265, 11456, 0.0000000000, 3.7811799143058606685, 45820
Rectangle(285) : 0.011140208608978269229, 67097, 11428, 0.0000000000, 3.7790853141089349345, 45708
Rectangle(286) : 0.011189079427555984104, 66928, 11399, 0.0000000000, 3.7769889162113724296, 45592
Rectangle(287) : 0.011238042326734375396, 66760, 11370, 0.0000000000, 3.7748906800753286744, 45476
Rectangle(288) : 0.011287097010378403687, 66592, 11341, 0.0000000000, 3.7727906277154483741, 45360
Rectangle(289) : 0.011336243914326557345, 66424, 11313, 0.0000000000, 3.7706887498033607852, 45248
Rectangle(290) : 0.011385483477583864354, 66256, 11284, 0.0000000000, 3.7685850369475562606, 45132
Rectangle(291) : 0.011434816142353055918, 66088, 11255, 0.0000000000, 3.766479479692789634, 45016
Rectangle(292) : 0.011484242354066117134, 65920, 11227, 0.0000000000, 3.7643720685194764372, 44904
Rectangle(293) : 0.01153376256141623055, 65753, 11198, 0.0000000000, 3.7622627938430818484, 44788
Rectangle(294) : 0.011583376461829034253, 65585, 11170, 0.0000000000, 3.7601516781044003325, 44676
Rectangle(295) : 0.011633085262288047752, 65418, 11141, 0.0000000000, 3.7580386795535890393, 44560
Rectangle(296) : 0.01168288866012279643, 65251, 11112, 0.0000000000, 3.7559238207203382966, 44444
Rectangle(297) : 0.011732787111038802902, 65083, 11084, 0.0000000000, 3.7538070919240660631, 44332
Rectangle(298) : 0.011782781842257770468, 64916, 11055, 0.0000000000, 3.7516884508819830585, 44216
Rectangle(299) : 0.011832872551033449546, 64749, 11027, 0.0000000000, 3.7495679202574693987, 44104
Rectangle(300) : 0.011883059703271437305, 64583, 10998, 0.0000000000, 3.7474454901681091245, 43988
Rectangle(301) : 0.01193334298974261562, 64416, 10970, 0.0000000000, 3.7453211835392796361, 43876
Rectangle(302) : 0.011983723658885984964, 64249, 10941, 0.0000000000, 3.7431949575343612825, 43760
Rectangle(303) : 0.012034202187073728917, 64083, 10913, 0.0000000000, 3.7410668020641397449, 43648
Rectangle(304) : 0.012084778265004914095, 63916, 10885, 0.0000000000, 3.7389367401913834417, 43536
Rectangle(305) : 0.012135453162373200337, 63750, 10856, 0.0000000000, 3.7368047285238658338, 43420
Rectangle(306) : 0.012186226569879457056, 63584, 10828, 0.0000000000, 3.7346707902161724287, 43308
Rectangle(307) : 0.012237098971587688253, 63418, 10799, 0.0000000000, 3.7325349150733847851, 43192
Rectangle(308) : 0.012288070855202330544, 63252, 10771, 0.0000000000, 3.7303970928291254985, 43080
Rectangle(309) : 0.012339142712105339547, 63086, 10743, 0.0000000000, 3.7282573131448593251, 42968
Rectangle(310) : 0.012390315037393753131, 62920, 10715, 0.0000000000, 3.7261155656091856172, 42856
Rectangle(311) : 0.012441588329917738916, 62755, 10686, 0.0000000000, 3.7239718397371219372, 42740
Rectangle(312) : 0.01249296227366305199, 62589, 10658, 0.0000000000, 3.7218261591433546404, 42628
Rectangle(313) : 0.012544438190503764489, 62424, 10630, 0.0000000000, 3.7196784790833960599, 42516
Rectangle(314) : 0.012596015764499077126, 62259, 10602, 0.0000000000, 3.717528823266412659, 42404
Rectangle(315) : 0.012647695502742004457, 62093, 10573, 0.0000000000, 3.7153771810941888538, 42288
Rectangle(316) : 0.012699478750146610272, 61928, 10545, 0.0000000000, 3.7132235072273360044, 42176
Rectangle(317) : 0.012751365190968650964, 61764, 10517, 0.0000000000, 3.7110678255170127275, 42064
Rectangle(318) : 0.012803354502307246468, 61599, 10489, 0.0000000000, 3.7089101600519944875, 41952
Rectangle(319) : 0.012855448045385088552, 61434, 10461, 0.0000000000, 3.7067504650770600334, 41840
Rectangle(320) : 0.012907646347059683402, 61269, 10433, 0.0000000000, 3.7045887296092725969, 41728
Rectangle(321) : 0.012959949938265827987, 61105, 10405, 0.0000000000, 3.7024249425864274453, 41616
Rectangle(322) : 0.013012358496363961159, 60941, 10377, 0.0000000000, 3.7002591282920287164, 41504
Rectangle(323) : 0.013064872553046523452, 60776, 10349, 0.0000000000, 3.69809127569964795, 41392
Rectangle(324) : 0.013117493509932459479, 60612, 10320, 0.0000000000, 3.6959213380190339691, 41276
Rectangle(325) : 0.013170221044711365206, 60448, 10292, 0.0000000000, 3.6937493396797470514, 41164
Rectangle(326) : 0.013223055701601249852, 60284, 10265, 0.0000000000, 3.6915752694132625904, 41056
Rectangle(327) : 0.013275998029074762933, 60121, 10237, 0.0000000000, 3.6893991158689027278, 40944
Rectangle(328) : 0.013329047697507904476, 59957, 10209, 0.0000000000, 3.6872209038244953775, 40832
Rectangle(329) : 0.01338220614279076545, 59793, 10181, 0.0000000000, 3.685040585621218736, 40720
Rectangle(330) : 0.013435473926404586779, 59630, 10153, 0.0000000000, 3.6828581496574614422, 40608
Rectangle(331) : 0.013488850719120626716, 59467, 10125, 0.0000000000, 3.6806736208614960036, 40496
Rectangle(332) : 0.013542337083337108059, 59303, 10097, 0.0000000000, 3.6784869876673492464, 40384
Rectangle(333) : 0.013595934489668446258, 59140, 10069, 0.0000000000, 3.6762982015360839348, 40272
Rectangle(334) : 0.013649642609410348252, 58977, 10041, 0.0000000000, 3.6741072875463782028, 40160
Rectangle(335) : 0.013703462018460425031, 58814, 10014, 0.0000000000, 3.6719142338734562977, 40052
Rectangle(336) : 0.013757393297303446358, 58652, 9986, 0.0000000000, 3.6697190286046883063, 39940
Rectangle(337) : 0.013811436109630471665, 58489, 9958, 0.0000000000, 3.6675216971826179796, 39828
Rectangle(338) : 0.013865591962819663102, 58327, 9930, 0.0000000000, 3.665322190146532062, 39716
Rectangle(339) : 0.013919860520951343663, 58164, 9903, 0.0000000000, 3.6631205330419820218, 39608
Rectangle(340) : 0.013974243309842100523, 58002, 9875, 0.0000000000, 3.6609166759452621021, 39496
Rectangle(341) : 0.014028739994024460823, 57840, 9847, 0.0000000000, 3.658710644505176562, 39384
Rectangle(342) : 0.01408335117390871353, 57678, 9820, 0.0000000000, 3.6565024264847741128, 39276
Rectangle(343) : 0.014138077454752098774, 57516, 9792, 0.0000000000, 3.6542920095549565962, 39164
Rectangle(344) : 0.014192919446711813577, 57354, 9764, 0.0000000000, 3.6520793812935117944, 39052
Rectangle(345) : 0.014247877764898749306, 57192, 9737, 0.0000000000, 3.6498645291841333311, 38944
Rectangle(346) : 0.014302953029431973066, 57031, 9709, 0.0000000000, 3.6476474406154274523, 38832
Rectangle(347) : 0.014358144897724926503, 56869, 9682, 0.0000000000, 3.6454281417727136469, 38724
Rectangle(348) : 0.014413454963697120733, 56708, 9654, 0.0000000000, 3.6432065810380317874, 38612
Rectangle(349) : 0.014468882885349057528, 56547, 9626, 0.0000000000, 3.6409827847028347065, 38500
Rectangle(350) : 0.014524429294260278896, 56385, 9599, 0.0000000000, 3.6387567399979692156, 38392
Rectangle(351) : 0.01458009581443404797, 56224, 9571, 0.0000000000, 3.6365283945593139815, 38280
Rectangle(352) : 0.014635882104889357339, 56064, 9544, 0.0000000000, 3.6342977748375267345, 38172
Rectangle(353) : 0.014691787815770449069, 55903, 9517, 0.0000000000, 3.632064907571573339, 38064
Rectangle(354) : 0.014747814592644169144, 55742, 9489, 0.0000000000, 3.6298297398711086926, 37952
Rectangle(355) : 0.014803963093592665945, 55582, 9462, 0.0000000000, 3.6275922584675408442, 37844
Rectangle(356) : 0.014860232969784014598, 55421, 9434, 0.0000000000, 3.6253524902635733024, 37732
Rectangle(357) : 0.014916625898281580021, 55261, 9407, 0.0000000000, 3.6231103815931565296, 37624
Rectangle(358) : 0.014973141531035116087, 55101, 9380, 0.0000000000, 3.6208659594681291672, 37516
Rectangle(359) : 0.015029780538665978125, 54941, 9352, 0.0000000000, 3.6186192104472122021, 37404
Rectangle(360) : 0.015086543597409852685, 54781, 9325, 0.0000000000, 3.6163701209841188464, 37296
Rectangle(361) : 0.015143431389180432244, 54621, 9298, 0.0000000000, 3.6141186774264116173, 37188
Rectangle(362) : 0.015200444601634001597, 54461, 9271, 0.0000000000, 3.6118648660143435949, 37080
Rectangle(363) : 0.015257583928234951701, 54302, 9243, 0.0000000000, 3.6096086728796835924, 36968
Rectangle(364) : 0.01531484901373603239, 54142, 9216, 0.0000000000, 3.6073501256135798778, 36860
Rectangle(365) : 0.015372241613300392404, 53983, 9189, 0.0000000000, 3.6050891686470861889, 36752
Rectangle(366) : 0.015429761372644020698, 53824, 9162, 0.0000000000, 3.6028258296834112007, 36644
Rectangle(367) : 0.015487408998790041269, 53664, 9135, 0.0000000000, 3.600560094667812185, 36536
Rectangle(368) : 0.015545186281412801633, 53505, 9107, 0.0000000000, 3.5982919071927685452, 36424
Rectangle(369) : 0.015603092867847579103, 53347, 9080, 0.0000000000, 3.5960212951293641444, 36316
Rectangle(370) : 0.015661128395527286756, 53188, 9053, 0.0000000000, 3.5937482866669701983, 36208
Rectangle(371) : 0.015719294679024823234, 53029, 9026, 0.0000000000, 3.5914728248038684864, 36100
Rectangle(372) : 0.015777592456180792015, 52871, 8999, 0.0000000000, 3.589194894914090072, 35992
Rectangle(373) : 0.0158360213660730598, 52712, 8972, 0.0000000000, 3.5869145253598118671, 35884
Rectangle(374) : 0.01589458325948176772, 52554, 8945, 0.0000000000, 3.5846316582659285337, 35776
Rectangle(375) : 0.015953277776707210665, 52396, 8918, 0.0000000000, 3.5823463221096338009, 35668
Rectangle(376) : 0.016012105670479819906, 52238, 8891, 0.0000000000, 3.5800585020601161809, 35560
Rectangle(377) : 0.016071067700076284476, 52080, 8864, 0.0000000000, 3.5777681831661545465, 35452
Rectangle(378) : 0.016130164631396679148, 51922, 8837, 0.0000000000, 3.5754753503547568357, 35344
Rectangle(379) : 0.016189397237042739717, 51765, 8810, 0.0000000000, 3.5731799884297791772, 35236
Rectangle(380) : 0.016248765149501539662, 51607, 8783, 0.0000000000, 3.5708821264351430972, 35128
Rectangle(381) : 0.016308270296602420223, 51450, 8757, 0.0000000000, 3.5685817046586290622, 35024
Rectangle(382) : 0.016367912312242043723, 51292, 8730, 0.0000000000, 3.5662787522620723814, 34916
Rectangle(383) : 0.016427693150428545953, 51135, 8703, 0.0000000000, 3.5639732089092985136, 34808
Rectangle(384) : 0.016487612446584003047, 50978, 8676, 0.0000000000, 3.561665103880024318, 34700
Rectangle(385) : 0.016547671003292387533, 50821, 8649, 0.0000000000, 3.5593544215030880258, 34592
Rectangle(386) : 0.016607869630267517657, 50664, 8623, 0.0000000000, 3.5570411459773258097, 34488
Rectangle(387) : 0.016668209144438868632, 50508, 8596, 0.0000000000, 3.5547252613700705218, 34380
Rectangle(388) : 0.016728689172580352566, 50351, 8569, 0.0000000000, 3.5524067974915804543, 34272
Rectangle(389) : 0.016789311738120095181, 50195, 8542, 0.0000000000, 3.5500856923704053997, 34164
Rectangle(390) : 0.016850076469515062915, 50038, 8516, 0.0000000000, 3.5477619759376011325, 34060
Rectangle(391) : 0.016910985418232789466, 49882, 8489, 0.0000000000, 3.5454355855602488728, 33952
Rectangle(392) : 0.016972038214543287218, 49726, 8462, 0.0000000000, 3.5431065512900858991, 33844
Rectangle(393) : 0.017033235707832312796, 49570, 8436, 0.0000000000, 3.5407748566831845601, 33740
Rectangle(394) : 0.01709457875517310732, 49414, 8409, 0.0000000000, 3.5384404851566158863, 33632
Rectangle(395) : 0.017156068221420660967, 49258, 8383, 0.0000000000, 3.5361034199868142759, 33528
Rectangle(396) : 0.017217704979307437009, 49103, 8356, 0.0000000000, 3.5337636443079177016, 33420
Rectangle(397) : 0.017279488651268578236, 48947, 8330, 0.0000000000, 3.5314211887864844413, 33316
Rectangle(398) : 0.017341421378275064526, 48792, 8303, 0.0000000000, 3.5290759887025634522, 33208
Rectangle(399) : 0.017403502784831519754, 48637, 8277, 0.0000000000, 3.5267280748462256605, 33104
Rectangle(400) : 0.017465733762787524969, 48482, 8250, 0.0000000000, 3.5243774300898311518, 32996
Rectangle(401) : 0.017528115212193280325, 48327, 8224, 0.0000000000, 3.5220240371586376754, 32892
Rectangle(402) : 0.017590648041401769113, 48172, 8197, 0.0000000000, 3.5196678786290424342, 32784
Rectangle(403) : 0.017653333167172528941, 48017, 8171, 0.0000000000, 3.5173089369267971338, 32680
Rectangle(404) : 0.01771617151477706061, 47863, 8145, 0.0000000000, 3.514947194325195798, 32576
Rectangle(405) : 0.017779162702005717313, 47708, 8118, 0.0000000000, 3.5125826823148491884, 32468
Rectangle(406) : 0.017842308981085009029, 47554, 8092, 0.0000000000, 3.5102153336057197963, 32364
Rectangle(407) : 0.017905609972244653219, 47400, 8066, 0.0000000000, 3.5078451798145816667, 32260
Rectangle(408) : 0.017969066621607830047, 47245, 8039, 0.0000000000, 3.5054722029297140734, 32152
Rectangle(409) : 0.018032681230623169535, 47091, 8013, 0.0000000000, 3.5030963345263655055, 32048
Rectangle(410) : 0.018096453423494978702, 46938, 7987, 0.0000000000, 3.5007176064093663275, 31944
Rectangle(411) : 0.018160382811334455593, 46784, 7960, 0.0000000000, 3.4983360507937941812, 31836
Rectangle(412) : 0.018224471731708809949, 46630, 7934, 0.0000000000, 3.4959515984406224903, 31732
Rectangle(413) : 0.018288721176238954116, 46477, 7908, 0.0000000000, 3.4935642305297921471, 31628
Rectangle(414) : 0.018353130760130551942, 46323, 7882, 0.0000000000, 3.4911739794703519529, 31524
Rectangle(415) : 0.018417702872892470469, 46170, 7856, 0.0000000000, 3.4887807748353496508, 31420
Rectangle(416) : 0.018482437132689640702, 46017, 7830, 0.0000000000, 3.4863846491622350316, 31316
Rectangle(417) : 0.018547334554276494148, 45864, 7804, 0.0000000000, 3.4839855833149869513, 31212
Rectangle(418) : 0.018612396162145737715, 45711, 7778, 0.0000000000, 3.4815835579859734835, 31108
Rectangle(419) : 0.018677622990654979987, 45559, 7751, 0.0000000000, 3.4791785536938113487, 31000
Rectangle(420) : 0.018743014648805813222, 45406, 7725, 0.0000000000, 3.4767706036014181421, 30896
Rectangle(421) : 0.018808573619065281533, 45254, 7699, 0.0000000000, 3.4743596351858691957, 30792
Rectangle(422) : 0.018874299513686439203, 45101, 7673, 0.0000000000, 3.4719456817413102654, 30688
Rectangle(423) : 0.018940194852631059284, 44949, 7647, 0.0000000000, 3.4695286698973644699, 30584
Rectangle(424) : 0.019006259251614292826, 44797, 7622, 0.0000000000, 3.4671086330787536909, 30484
Rectangle(425) : 0.01907249379037980734, 44645, 7596, 0.0000000000, 3.4646855511060067653, 30380
Rectangle(426) : 0.019138899559247676234, 44493, 7570, 0.0000000000, 3.4622594036149032404, 30276
Rectangle(427) : 0.019205477659254753824, 44342, 7544, 0.0000000000, 3.4598301700541212939, 30172
Rectangle(428) : 0.01927222769691778484, 44190, 7518, 0.0000000000, 3.4573978845006106224, 30068
Rectangle(429) : 0.019339152292629498137, 44039, 7492, 0.0000000000, 3.4549624713452063736, 29964
Rectangle(430) : 0.019406251056710090484, 43887, 7466, 0.0000000000, 3.4525239647981523303, 29860
Rectangle(431) : 0.01947352665004748316, 43736, 7441, 0.0000000000, 3.4500822883451757207, 29760
Rectangle(432) : 0.019540978687004341942, 43585, 7415, 0.0000000000, 3.44763747632895706, 29656
Rectangle(433) : 0.019608608318215285089, 43434, 7389, 0.0000000000, 3.4451895074400055557, 29552
Rectangle(434) : 0.019676416705824991899, 43283, 7363, 0.0000000000, 3.4427383601695545478, 29448
Rectangle(435) : 0.019744405023644217797, 43133, 7338, 0.0000000000, 3.4402840128069707013, 29348
Rectangle(436) : 0.019812572876861173972, 42982, 7312, 0.0000000000, 3.4378265003752171723, 29244
Rectangle(437) : 0.019880923035075664158, 42832, 7286, 0.0000000000, 3.4353657439645906993, 29140
Rectangle(438) : 0.01994945510791757186, 42681, 7261, 0.0000000000, 3.4329017787330461298, 29040
Rectangle(439) : 0.020018171908806329062, 42531, 7235, 0.0000000000, 3.4304345248025323607, 28936
Rectangle(440) : 0.020087073052085408612, 42381, 7209, 0.0000000000, 3.4279640174648929711, 28832
Rectangle(441) : 0.020156159765883216426, 42231, 7184, 0.0000000000, 3.4254902341843688627, 28732
Rectangle(442) : 0.020225433290881070345, 42082, 7158, 0.0000000000, 3.4230131522098224299, 28628
Rectangle(443) : 0.02029489322986234078, 41932, 7133, 0.0000000000, 3.4205328074735850945, 28528
Rectangle(444) : 0.020364542490748384496, 41782, 7107, 0.0000000000, 3.4180491180426915358, 28424
Rectangle(445) : 0.020434382352843130835, 41633, 7082, 0.0000000000, 3.4155620605041821577, 28324
Rectangle(446) : 0.020504412426594822574, 41484, 7056, 0.0000000000, 3.41307167099577502, 28220
Rectangle(447) : 0.020574633998068059846, 41335, 7031, 0.0000000000, 3.410577926107095144, 28120
Rectangle(448) : 0.020645048366668691155, 41186, 7006, 0.0000000000, 3.4080808022006893236, 28020
Rectangle(449) : 0.020715656845331360249, 41037, 6980, 0.0000000000, 3.4055802754089645912, 27916
Rectangle(450) : 0.020786460760710383194, 40888, 6955, 0.0000000000, 3.4030763216310741328, 27816
Rectangle(451) : 0.020857461453374027152, 40740, 6930, 0.0000000000, 3.4005689165297495527, 27716
Rectangle(452) : 0.020928658530362975349, 40591, 6904, 0.0000000000, 3.3980580971166895924, 27612
Rectangle(453) : 0.021000055098496716562, 40443, 6879, 0.0000000000, 3.3955437771556370031, 27512
Rectangle(454) : 0.021071650770854247829, 40295, 6854, 0.0000000000, 3.393025993795117994, 27412
Rectangle(455) : 0.021143446924069165759, 40147, 6828, 0.0000000000, 3.3905047222121133135, 27308
Rectangle(456) : 0.021215444949381445962, 39999, 6803, 0.0000000000, 3.387979937337280725, 27208
Rectangle(457) : 0.021287646252847464631, 39851, 6778, 0.0000000000, 3.385451613851558369, 27108
Rectangle(458) : 0.021360052255553834819, 39703, 6753, 0.0000000000, 3.3829197261827084865, 27008
Rectangle(459) : 0.021432664393835141231, 39556, 6728, 0.0000000000, 3.38038424850180023, 26908
Rectangle(460) : 0.021505482278568223449, 39409, 6702, 0.0000000000, 3.3778452188635561218, 26804
Rectangle(461) : 0.02157850735453725479, 39261, 6677, 0.0000000000, 3.375302611429264586, 26704
Rectangle(462) : 0.02165174294740114681, 39114, 6652, 0.0000000000, 3.3727563352929692302, 26604
Rectangle(463) : 0.02172518867873245962, 38967, 6627, 0.0000000000, 3.3702064287129627931, 26504
Rectangle(464) : 0.021798846040826358631, 38820, 6602, 0.0000000000, 3.3676528650561916804, 26404
Rectangle(465) : 0.021872716542244601591, 38674, 6577, 0.0000000000, 3.3650956174180044987, 26304
Rectangle(466) : 0.021946799792423481575, 38527, 6552, 0.0000000000, 3.3625347247893320252, 26204
Rectangle(467) : 0.022021099237612292851, 38381, 6527, 0.0000000000, 3.3599700937334148437, 26104
Rectangle(468) : 0.022095614494998327994, 38234, 6502, 0.0000000000, 3.357401763379192725, 26004
Rectangle(469) : 0.022170349070595419398, 38088, 6477, 0.0000000000, 3.3548296390271564106, 25904
Rectangle(470) : 0.022245302589788528944, 37942, 6452, 0.0000000000, 3.3522537599417892202, 25804
Rectangle(471) : 0.02232047663859833837, 37796, 6428, 0.0000000000, 3.3496740980722546541, 25708
Rectangle(472) : 0.022395872820683010151, 37651, 6403, 0.0000000000, 3.3470906250758452017, 25608
Rectangle(473) : 0.022471490749159699886, 37505, 6378, 0.0000000000, 3.3445033809812275378, 25508
Rectangle(474) : 0.022547334060211059106, 37360, 6353, 0.0000000000, 3.3419122683876781038, 25408
Rectangle(475) : 0.022623402375746061196, 37214, 6328, 0.0000000000, 3.3393173274615273969, 25308
Rectangle(476) : 0.022699699396422729316, 37069, 6304, 0.0000000000, 3.3367184594547248414, 25212
Rectangle(477) : 0.022776224753444896756, 36924, 6279, 0.0000000000, 3.3341157046683477632, 25112
Rectangle(478) : 0.022852980134895128252, 36779, 6254, 0.0000000000, 3.3315090335189288672, 25012
Rectangle(479) : 0.022929967248017261232, 36634, 6229, 0.0000000000, 3.3288984161087666828, 24912
Rectangle(480) : 0.023007187819511194919, 36490, 6205, 0.0000000000, 3.3262838222212901801, 24816
Rectangle(481) : 0.02308464147317579591, 36345, 6180, 0.0000000000, 3.3236652930242571787, 24716
Rectangle(482) : 0.023162332085172611351, 36201, 6156, 0.0000000000, 3.32104272616295407, 24620
Rectangle(483) : 0.023240259289563731874, 36057, 6131, 0.0000000000, 3.3184161629399478032, 24520
Rectangle(484) : 0.02331842486526165316, 35912, 6106, 0.0000000000, 3.3157855724456995648, 24420
Rectangle(485) : 0.023396832794991150252, 35768, 6082, 0.0000000000, 3.3131508501287347037, 24324
Rectangle(486) : 0.023475482729293563993, 35625, 6057, 0.0000000000, 3.3105120374863119019, 24224
Rectangle(487) : 0.023554374295258092047, 35481, 6033, 0.0000000000, 3.3078691767198897607, 24128
Rectangle(488) : 0.023633511556798631765, 35337, 6008, 0.0000000000, 3.3052221616540194076, 24028
Rectangle(489) : 0.02371289639879580242, 35194, 5984, 0.0000000000, 3.3025709596583238048, 23932
Rectangle(490) : 0.023792528465615667277, 35051, 5959, 0.0000000000, 3.2999156131349856684, 23832
Rectangle(491) : 0.023872409656256019498, 34908, 5935, 0.0000000000, 3.2972560893968772533, 23736
Rectangle(492) : 0.023952541892115904832, 34765, 5911, 0.0000000000, 3.2945923553959806842, 23640
Rectangle(493) : 0.024032927117353815969, 34622, 5886, 0.0000000000, 3.2919243777178553989, 23540
Rectangle(494) : 0.024113567299253124368, 34479, 5862, 0.0000000000, 3.2892521225759975401, 23444
Rectangle(495) : 0.024194464428594926553, 34337, 5838, 0.0000000000, 3.2865755558060887253, 23348
Rectangle(496) : 0.024275618156521247686, 34194, 5813, 0.0000000000, 3.2838947208751424766, 23248
Rectangle(497) : 0.024357032870239301803, 34052, 5789, 0.0000000000, 3.2812095050862250535, 23152
Rectangle(498) : 0.024438708234537616881, 33910, 5765, 0.0000000000, 3.2785199520324757551, 23056
Rectangle(499) : 0.024520646304488441882, 33768, 5741, 0.0000000000, 3.2758260267028565072, 22960
Rectangle(500) : 0.02460284916005296618, 33626, 5717, 0.0000000000, 3.2731276936893754409, 22864
Rectangle(501) : 0.024685318906489930893, 33484, 5692, 0.0000000000, 3.2704249171808392062, 22764
Rectangle(502) : 0.024768057674772717872, 33343, 5668, 0.0000000000, 3.2677176609564799965, 22668
Rectangle(503) : 0.02485106513243868914, 33201, 5644, 0.0000000000, 3.2650059696436945669, 22572
Rectangle(504) : 0.024934345936319406425, 33060, 5620, 0.0000000000, 3.2622897251924168467, 22476
Rectangle(505) : 0.02501789976950731982, 32919, 5596, 0.0000000000, 3.2595689723503993583, 22380
Rectangle(506) : 0.025101728833948839895, 32778, 5572, 0.0000000000, 3.2568436739663151482, 22284
Rectangle(507) : 0.025185835358873066973, 32637, 5548, 0.0000000000, 3.2541137924578390807, 22188
Rectangle(508) : 0.025270221601250057477, 32496, 5524, 0.0000000000, 3.2513792898047078708, 22092
Rectangle(509) : 0.025354889846258818798, 32356, 5500, 0.0000000000, 3.2486401275416377189, 21996
Rectangle(510) : 0.025439839782207070674, 32216, 5476, 0.0000000000, 3.2458963514837674726, 21900
Rectangle(511) : 0.025525073714150321465, 32075, 5452, 0.0000000000, 3.243147923059777647, 21804
Rectangle(512) : 0.025610596642382894423, 31935, 5428, 0.0000000000, 3.2403947174813225904, 21708
Rectangle(513) : 0.025696408282197559292, 31795, 5405, 0.0000000000, 3.237636780728950995, 21616
Rectangle(514) : 0.025782511027306191184, 31655, 5381, 0.0000000000, 3.2348740728431057533, 21520
Rectangle(515) : 0.025868907301918198948, 31516, 5357, 0.0000000000, 3.2321065533874224961, 21424
Rectangle(516) : 0.025955596810529298786, 31376, 5333, 0.0000000000, 3.2293342693345035428, 21328
Rectangle(517) : 0.026042584771688608562, 31237, 5309, 0.0000000000, 3.2265570916881258671, 21232
Rectangle(518) : 0.026129870909656023034, 31098, 5286, 0.0000000000, 3.2237750675273144692, 21140
Rectangle(519) : 0.026217457734131144086, 30958, 5262, 0.0000000000, 3.2209881553059637509, 21044
Rectangle(520) : 0.026305350626285222636, 30820, 5238, 0.0000000000, 3.2181962228693178003, 20948
Rectangle(521) : 0.026393546480369236841, 30681, 5215, 0.0000000000, 3.2153994081123835613, 20856
Rectangle(522) : 0.026482050747117790785, 30542, 5191, 0.0000000000, 3.2125975776030070181, 20760
Rectangle(523) : 0.026570866069546020993, 30404, 5167, 0.0000000000, 3.2097906877305083748, 20664
Rectangle(524) : 0.026659992193994465552, 30265, 5144, 0.0000000000, 3.2069787867544489582, 20572
Rectangle(525) : 0.02674943474435806869, 30127, 5120, 0.0000000000, 3.2041617379094843689, 20476
Rectangle(526) : 0.026839193490264049517, 29989, 5097, 0.0000000000, 3.201339589544405339, 20384
Rectangle(527) : 0.026929271171732067968, 29851, 5073, 0.0000000000, 3.1985122967945978961, 20288
Rectangle(528) : 0.027019670565279841842, 29713, 5050, 0.0000000000, 3.1956798142356282882, 20196
Rectangle(529) : 0.027110394484582356845, 29576, 5026, 0.0000000000, 3.192842095873551751, 20100
Rectangle(530) : 0.027201442702592687916, 29438, 5003, 0.0000000000, 3.1899991911764310858, 20008
Rectangle(531) : 0.027292821165503769887, 29301, 4980, 0.0000000000, 3.1871509573011951023, 19916
Rectangle(532) : 0.027384529672288562048, 29164, 4956, 0.0000000000, 3.1842974437939664007, 19820
Rectangle(533) : 0.027476571142724509326, 29027, 4933, 0.0000000000, 3.1814386032969639893, 19728
Rectangle(534) : 0.027568948536299352196, 28890, 4909, 0.0000000000, 3.1785743878490073622, 19632
Rectangle(535) : 0.027661664852943485368, 28753, 4886, 0.0000000000, 3.175704748874850982, 19540
Rectangle(536) : 0.02775472313377939296, 28617, 4863, 0.0000000000, 3.1728296371742784155, 19448
Rectangle(537) : 0.027848123197978095774, 28481, 4840, 0.0000000000, 3.1699491034827911356, 19356
Rectangle(538) : 0.027941868119275901017, 28344, 4816, 0.0000000000, 3.1670630983788643208, 19260
Rectangle(539) : 0.028035964333585062191, 28208, 4793, 0.0000000000, 3.1641714698769470117, 19168
Rectangle(540) : 0.028130411705602821232, 28072, 4770, 0.0000000000, 3.1612742687933845733, 19076
Rectangle(541) : 0.028225213439315894207, 27937, 4747, 0.0000000000, 3.1583714437459220867, 18984
Rectangle(542) : 0.028320369377453343543, 27801, 4724, 0.0000000000, 3.1554630466915941308, 18892
Rectangle(543) : 0.02841588619507470947, 27665, 4701, 0.0000000000, 3.1525489212809609464, 18800
Rectangle(544) : 0.028511767233255839451, 27530, 4678, 0.0000000000, 3.149629014073577813, 18708
Rectangle(545) : 0.028608012384511690444, 27395, 4655, 0.0000000000, 3.1467033770930653534, 18616
Rectangle(546) : 0.028704625028318701407, 27260, 4632, 0.0000000000, 3.143771956622067241, 18524
Rectangle(547) : 0.028801608592391411137, 27125, 4609, 0.0000000000, 3.1408346982247261896, 18432
Rectangle(548) : 0.028898966553616285836, 26990, 4586, 0.0000000000, 3.1378915467333544859, 18340
Rectangle(549) : 0.028996702439008407158, 26856, 4563, 0.0000000000, 3.1349424462347891684, 18248
Rectangle(550) : 0.029094816173229243811, 26722, 4540, 0.0000000000, 3.1319874499891090687, 18156
Rectangle(551) : 0.029193311325163571671, 26587, 4517, 0.0000000000, 3.129026501776104033, 18064
Rectangle(552) : 0.029292195234659795541, 26453, 4494, 0.0000000000, 3.1260594331206875911, 17972
Rectangle(553) : 0.02939146788551681318, 26319, 4472, 0.0000000000, 3.1230862972895749882, 17884
Rectangle(554) : 0.029491133005669158443, 26186, 4449, 0.0000000000, 3.1201070357162683172, 17792
Rectangle(555) : 0.029591190556868893734, 26052, 4426, 0.0000000000, 3.1171217029255798492, 17700
Rectangle(556) : 0.029691648168680869008, 25919, 4403, 0.0000000000, 3.1141301252928680171, 17608
Rectangle(557) : 0.029792505845492970864, 25785, 4381, 0.0000000000, 3.11113235733525198, 17520
Rectangle(558) : 0.029893771401333003906, 25652, 4358, 0.0000000000, 3.1081282220988621156, 17428
Rectangle(559) : 0.029995444885743531823, 25519, 4335, 0.0000000000, 3.1051177740723633359, 17336
Rectangle(560) : 0.030097530303435148396, 25387, 4313, 0.0000000000, 3.1021009509722664465, 17248
Rectangle(561) : 0.030200027682053034182, 25254, 4290, 0.0000000000, 3.0990778086048073848, 17156
Rectangle(562) : 0.030302945152893487472, 25121, 4267, 0.0000000000, 3.0960481644473782835, 17064
Rectangle(563) : 0.030406286905389302857, 24989, 4245, 0.0000000000, 3.0930119535261452308, 16976
Rectangle(564) : 0.030510053040629854509, 24857, 4222, 0.0000000000, 3.0899692315803342684, 16884
Rectangle(565) : 0.03061424780393919732, 24725, 4200, 0.0000000000, 3.0869199331949865348, 16796
Rectangle(566) : 0.030718875505989550669, 24593, 4178, 0.0000000000, 3.0838639920112255451, 16708
Rectangle(567) : 0.030823940524165910834, 24462, 4155, 0.0000000000, 3.0808013407073708611, 16616
Rectangle(568) : 0.030929442990877846524, 24330, 4133, 0.0000000000, 3.0777320363323199804, 16528
Rectangle(569) : 0.031035391697673256306, 24199, 4110, 0.0000000000, 3.0746558847888118846, 16436
Rectangle(570) : 0.031141786833207320188, 24068, 4088, 0.0000000000, 3.0715729430344393486, 16348
Rectangle(571) : 0.03124863297509839711, 23937, 4066, 0.0000000000, 3.0684831412626571802, 16260
Rectangle(572) : 0.031355934773204369336, 23806, 4043, 0.0000000000, 3.0653864086341335503, 16168
Rectangle(573) : 0.031463696951169341761, 23675, 4021, 0.0000000000, 3.0622826732555636441, 16080
Rectangle(574) : 0.031571924308012237796, 23545, 3999, 0.0000000000, 3.0591718621579287459, 15992
Rectangle(575) : 0.031680617103177153012, 23414, 3977, 0.0000000000, 3.0560540335646444884, 15904
Rectangle(576) : 0.031789784867487593111, 23284, 3955, 0.0000000000, 3.0529289806126916725, 15816
Rectangle(577) : 0.031899427926266698577, 23154, 3932, 0.0000000000, 3.0497967613692285737, 15724
Rectangle(578) : 0.032009551307167157616, 23024, 3910, 0.0000000000, 3.0466573000452533009, 15636
Rectangle(579) : 0.032120160119712556039, 22895, 3888, 0.0000000000, 3.0435105196944891968, 15548
Rectangle(580) : 0.032231254704543064412, 22765, 3866, 0.0000000000, 3.0403564798126277742, 15460
Rectangle(581) : 0.032342845149516164688, 22636, 3844, 0.0000000000, 3.0371949640959025252, 15372
Rectangle(582) : 0.032454931868198613112, 22507, 3822, 0.0000000000, 3.0340260318417576073, 15284
Rectangle(583) : 0.032567520219904382766, 22378, 3800, 0.0000000000, 3.0308496030445091619, 15196
Rectangle(584) : 0.032680615653054999852, 22249, 3778, 0.0000000000, 3.0276655964510875551, 15108
Rectangle(585) : 0.032794223707190066038, 22120, 3756, 0.0000000000, 3.024473929534074744, 15020
Rectangle(586) : 0.032908350015035186957, 21992, 3734, 0.0000000000, 3.0212745184639977411, 14932
Rectangle(587) : 0.033022995091356758335, 21863, 3713, 0.0000000000, 3.0180674237614991457, 14848
Rectangle(588) : 0.033138169926638352771, 21735, 3691, 0.0000000000, 3.0148524139481041371, 14760
Rectangle(589) : 0.033253875121667021008, 21607, 3669, 0.0000000000, 3.0116295492529739703, 14672
Rectangle(590) : 0.033370116596617406252, 21479, 3647, 0.0000000000, 3.0083987423487886511, 14584
Rectangle(591) : 0.033486900373438896482, 21352, 3626, 0.0000000000, 3.0051599045001698567, 14500
Rectangle(592) : 0.033604227083091396007, 21224, 3604, 0.0000000000, 3.0019130974342723725, 14412
Rectangle(593) : 0.033722108401289392255, 21097, 3582, 0.0000000000, 2.9986580783737816471, 14324
Rectangle(594) : 0.033840545054764947152, 20970, 3561, 0.0000000000, 2.9953949086914090596, 14240
Rectangle(595) : 0.033959543381359673382, 20843, 3539, 0.0000000000, 2.9921234958355943311, 14152
Rectangle(596) : 0.034079109830327460857, 20716, 3517, 0.0000000000, 2.988843745728781658, 14064
Rectangle(597) : 0.034199250964992878006, 20589, 3496, 0.0000000000, 2.9855555627325411117, 13980
Rectangle(598) : 0.034319973465489868686, 20463, 3474, 0.0000000000, 2.9822588496116721218, 13892
Rectangle(599) : 0.034441278203290370671, 20337, 3453, 0.0000000000, 2.9789536688432827569, 13808
Rectangle(600) : 0.03456317197665140144, 20211, 3431, 0.0000000000, 2.9756399221621362059, 13720
Rectangle(601) : 0.034685661706113681199, 20085, 3410, 0.0000000000, 2.9723175096450760472, 13636
Rectangle(602) : 0.034808754437487595864, 19959, 3389, 0.0000000000, 2.9689863296722490486, 13552
Rectangle(603) : 0.034932457344931468255, 19834, 3367, 0.0000000000, 2.9656462788871697176, 13464
Rectangle(604) : 0.035056771466081370933, 19708, 3346, 0.0000000000, 2.9622974208142745082, 13380
Rectangle(605) : 0.035181710446232288049, 19583, 3325, 0.0000000000, 2.9589394807592212822, 13296
Rectangle(606) : 0.035307275450611556868, 19458, 3303, 0.0000000000, 2.9555725216624259842, 13208
Rectangle(607) : 0.035433474058981503727, 19333, 3282, 0.0000000000, 2.9521964353377268767, 13124
Rectangle(608) : 0.035560313992532309441, 19209, 3261, 0.0000000000, 2.9488111117051393129, 13040
Rectangle(609) : 0.03568779648051737578, 19084, 3240, 0.0000000000, 2.945416615260185355, 12956
Rectangle(610) : 0.035815936106133608507, 18960, 3218, 0.0000000000, 2.9420126564691174745, 12868
Rectangle(611) : 0.035944734242023329893, 18836, 3197, 0.0000000000, 2.9385992991325309917, 12784
Rectangle(612) : 0.03607419905934826783, 18712, 3176, 0.0000000000, 2.9351764278533226377, 12700
Rectangle(613) : 0.036204338885548210254, 18588, 3155, 0.0000000000, 2.9317439251636938067, 12616
Rectangle(614) : 0.03633516220839971089, 18465, 3134, 0.0000000000, 2.9283016714736452649, 12532
Rectangle(615) : 0.036466670557789022845, 18341, 3113, 0.0000000000, 2.9248497317470213949, 12448
Rectangle(616) : 0.036598879801109835309, 18218, 3092, 0.0000000000, 2.9213877963454394444, 12364
Rectangle(617) : 0.036731791635358679279, 18095, 3071, 0.0000000000, 2.9179159293586044841, 12280
Rectangle(618) : 0.036865415063342022992, 17972, 3050, 0.0000000000, 2.9144340051571766619, 12196
Rectangle(619) : 0.036999759265721122517, 17850, 3030, 0.0000000000, 2.9109418957829449706, 12116
Rectangle(620) : 0.037134826038594116633, 17727, 3009, 0.0000000000, 2.9074396668604447246, 12032
Rectangle(621) : 0.037270632416822832418, 17605, 2988, 0.0000000000, 2.9039269907953848304, 11948
Rectangle(622) : 0.037407180385626887222, 17483, 2967, 0.0000000000, 2.9004039321770516507, 11864
Rectangle(623) : 0.037544479701086307897, 17361, 2946, 0.0000000000, 2.8968703563532476352, 11780
Rectangle(624) : 0.037682540317200198089, 17239, 2926, 0.0000000000, 2.8933261261083828786, 11700
Rectangle(625) : 0.037821372391340715688, 17118, 2905, 0.0000000000, 2.8897711015958297689, 11616
Rectangle(626) : 0.03796097813392722286, 16997, 2884, 0.0000000000, 2.8862053483189892805, 11532
Rectangle(627) : 0.038101367929086309127, 16875, 2864, 0.0000000000, 2.882628724374904715, 11452
Rectangle(628) : 0.038242560742382599777, 16755, 2843, 0.0000000000, 2.8790408727770693387, 11368
Rectangle(629) : 0.038384550648248136592, 16634, 2823, 0.0000000000, 2.8754420715596318171, 11288
Rectangle(630) : 0.038527357073134491757, 16513, 2802, 0.0000000000, 2.871831957129085142, 11204
Rectangle(631) : 0.038670991298116571642, 16393, 2782, 0.0000000000, 2.8682103761013074886, 11124
Rectangle(632) : 0.038815456031606555628, 16273, 2761, 0.0000000000, 2.8645773933634072971, 11040
Rectangle(633) : 0.038960762821587715052, 16153, 2741, 0.0000000000, 2.8609328530908307556, 10960
Rectangle(634) : 0.039106923463765071008, 16033, 2720, 0.0000000000, 2.8572765963218840074, 10876
Rectangle(635) : 0.039253950008786082921, 15914, 2700, 0.0000000000, 2.8536084608701746734, 10796
Rectangle(636) : 0.039401845475725266952, 15794, 2680, 0.0000000000, 2.8499285121779482332, 10716
Rectangle(637) : 0.039550631629465798055, 15675, 2660, 0.0000000000, 2.8462363519305586666, 10636
Rectangle(638) : 0.039700311779509214876, 15556, 2639, 0.0000000000, 2.8425320437571067576, 10552
Rectangle(639) : 0.039850898822692366506, 15437, 2619, 0.0000000000, 2.8388154158690952027, 10472
Rectangle(640) : 0.040002405942979280751, 15319, 2599, 0.0000000000, 2.8350862928880510028, 10392
Rectangle(641) : 0.040154836669063754346, 15200, 2579, 0.0000000000, 2.8313447396635433364, 10312
Rectangle(642) : 0.040308214612462671671, 15082, 2559, 0.0000000000, 2.8275903310841027732, 10232
Rectangle(643) : 0.040462543635873631939, 14964, 2539, 0.0000000000, 2.8237021800142464036, 10152
Rectangle(644) : 0.040617829801338363723, 14846, 2519, 0.0000000000, 2.8196011448340284046, 10072
Rectangle(645) : 0.040774073984608876211, 14729, 2499, 0.0000000000, 2.8154878226298216301, 9992
Rectangle(646) : 0.040931280028646476974, 14612, 2479, 0.0000000000, 2.8113622990836817266, 9912
Rectangle(647) : 0.041089462501893375531, 14494, 2459, 0.0000000000, 2.807224380806232646, 9832
Rectangle(648) : 0.041248647294276860604, 14378, 2439, 0.0000000000, 2.8030735843103627444, 9752
Rectangle(649) : 0.041408827679887541001, 14261, 2419, 0.0000000000, 2.7989102809239678978, 9672
Rectangle(650) : 0.041570030280050500674, 14145, 2399, 0.0000000000, 2.7947339769386125614, 9592
Rectangle(651) : 0.04173225961740918661, 14028, 2380, 0.0000000000, 2.7905447570898840522, 9516
Rectangle(652) : 0.041895543389656825906, 13912, 2360, 0.0000000000, 2.7863421118832060403, 9436
Rectangle(653) : 0.042059886554685808514, 13797, 2340, 0.0000000000, 2.7821261233453862928, 9356
Rectangle(654) : 0.042225293971033230874, 13681, 2320, 0.0000000000, 2.777896877468273435, 9276
Rectangle(655) : 0.042391794729564644764, 13566, 2301, 0.0000000000, 2.7736538451338819335, 9200
Rectangle(656) : 0.04255939415792480118, 13451, 2281, 0.0000000000, 2.7693971094051068879, 9120
Rectangle(657) : 0.042728110023615464096, 13336, 2262, 0.0000000000, 2.7651264405398809331, 9044
Rectangle(658) : 0.042897960536553367585, 13221, 2242, 0.0000000000, 2.7608416034619430982, 8964
Rectangle(659) : 0.043068964364059754629, 13107, 2223, 0.0000000000, 2.7565423575877547918, 8888
Rectangle(660) : 0.043241127510286027215, 12993, 2203, 0.0000000000, 2.7522287852101441772, 8808
Rectangle(661) : 0.043414469216220772399, 12879, 2184, 0.0000000000, 2.747900640467221524, 8732
Rectangle(662) : 0.04358900921470413458, 12765, 2165, 0.0000000000, 2.7435576716354753592, 8656
Rectangle(663) : 0.043764767747538876089, 12652, 2145, 0.0000000000, 2.7391996209344954416, 8576
Rectangle(664) : 0.043941751593644985434, 12538, 2126, 0.0000000000, 2.7348265693835851484, 8500
Rectangle(665) : 0.044119995856636179018, 12425, 2107, 0.0000000000, 2.7304379038889751946, 8424
Rectangle(666) : 0.044299507961576941609, 12313, 2088, 0.0000000000, 2.7260337011689084843, 8348
Rectangle(667) : 0.044480295235285128767, 12200, 2069, 0.0000000000, 2.7216140426287510936, 8272
Rectangle(668) : 0.044662394746976010005, 12088, 2050, 0.0000000000, 2.7171782887284743588, 8196
Rectangle(669) : 0.044845814525990609141, 11976, 2031, 0.0000000000, 2.7127265161863033958, 8120
Rectangle(670) : 0.045030577929145778095, 11864, 2012, 0.0000000000, 2.7082584342388258886, 8044
Rectangle(671) : 0.045216708950238059441, 11752, 1993, 0.0000000000, 2.7037737447218018445, 7968
Rectangle(672) : 0.045404232243696347549, 11641, 1974, 0.0000000000, 2.6992721418070590603, 7892
Rectangle(673) : 0.045593156918707691854, 11530, 1955, 0.0000000000, 2.6947536991876337477, 7816
Rectangle(674) : 0.045783508497128128433, 11419, 1936, 0.0000000000, 2.6902181031104070844, 7740
Rectangle(675) : 0.045975313217603687333, 11308, 1917, 0.0000000000, 2.6856650315960477965, 7664
Rectangle(676) : 0.046168598062987136908, 11198, 1898, 0.0000000000, 2.6810941541377978337, 7588
Rectangle(677) : 0.046363373393772794868, 11088, 1880, 0.0000000000, 2.6765055404110958286, 7516
Rectangle(678) : 0.046559667183492410293, 10978, 1861, 0.0000000000, 2.6718988508933373894, 7440
Rectangle(679) : 0.04675750821563791379, 10869, 1842, 0.0000000000, 2.6672737368823217819, 7364
Rectangle(680) : 0.046956907768207821029, 10759, 1824, 0.0000000000, 2.6626302665781870379, 7292
Rectangle(681) : 0.047157914392111361045, 10650, 1805, 0.0000000000, 2.657967648976718739, 7216
Rectangle(682) : 0.047360540462437813509, 10541, 1787, 0.0000000000, 2.6532859445645309508, 7144
Rectangle(683) : 0.047564817660480174855, 10433, 1768, 0.0000000000, 2.6485847745260192202, 7068
Rectangle(684) : 0.047770758882997765119, 10324, 1750, 0.0000000000, 2.6438642009608393757, 6996
Rectangle(685) : 0.047978417174450771645, 10216, 1732, 0.0000000000, 2.6391233755580136771, 6924
Rectangle(686) : 0.048187806698291610885, 10108, 1713, 0.0000000000, 2.6343623514096687357, 6848
Rectangle(687) : 0.048398962451300086225, 10001, 1695, 0.0000000000, 2.6295807156112431775, 6776
Rectangle(688) : 0.048611899229183422209, 9893, 1677, 0.0000000000, 2.6247785224419977655, 6704
Rectangle(689) : 0.048826675184145718557, 9786, 1659, 0.0000000000, 2.6199548595026425035, 6632
Rectangle(690) : 0.049043306582010284519, 9680, 1641, 0.0000000000, 2.6151097705089006125, 6560
Rectangle(691) : 0.049261809657476080037, 9573, 1622, 0.0000000000, 2.610243305504246731, 6484
Rectangle(692) : 0.049482246647500549558, 9467, 1604, 0.0000000000, 2.6053545020756183603, 6412
Rectangle(693) : 0.049704635419241926801, 9361, 1586, 0.0000000000, 2.6004433985302384145, 6340
Rectangle(694) : 0.049929017792762943617, 9255, 1568, 0.0000000000, 2.5955095138848450429, 6268
Rectangle(695) : 0.050155436973085455237, 9149, 1551, 0.0000000000, 2.5905523522670543141, 6200
Rectangle(696) : 0.050383937612747391439, 9044, 1533, 0.0000000000, 2.5855714022718781812, 6128
Rectangle(697) : 0.050614540377262194423, 8939, 1515, 0.0000000000, 2.5805666884969259094, 6056
Rectangle(698) : 0.05084729199248726724, 8835, 1497, 0.0000000000, 2.5755376811155348978, 5984
Rectangle(699) : 0.051082214197480536611, 8730, 1479, 0.0000000000, 2.5704844040168370161, 5912
Rectangle(700) : 0.051319383086829544288, 8626, 1462, 0.0000000000, 2.5654057275949129357, 5844
Rectangle(701) : 0.051558822656455664498, 8522, 1444, 0.0000000000, 2.5603016592305282701, 5772
Rectangle(702) : 0.051800585348221743854, 8419, 1426, 0.0000000000, 2.5551716128675830423, 5700
Rectangle(703) : 0.052044696479337978923, 8315, 1409, 0.0000000000, 2.5500155939439020458, 5632
Rectangle(704) : 0.052291240748002308694, 8212, 1391, 0.0000000000, 2.5448323717385678647, 5560
Rectangle(705) : 0.052540246151282699325, 8110, 1374, 0.0000000000, 2.5396219319450593669, 5492
Rectangle(706) : 0.052791740840795037101, 8007, 1357, 0.0000000000, 2.5343842675178428849, 5424
Rectangle(707) : 0.053045816557982228669, 7905, 1339, 0.0000000000, 2.5291180670665722625, 5352
Rectangle(708) : 0.053302504485504881707, 7803, 1322, 0.0000000000, 2.5238233012314646537, 5284
Rectangle(709) : 0.053561869255622972781, 7702, 1305, 0.0000000000, 2.5184992675358142954, 5216
Rectangle(710) : 0.05382394394629238518, 7600, 1288, 0.0000000000, 2.5131459317537388237, 5148
Rectangle(711) : 0.054088831568891561341, 7499, 1270, 0.0000000000, 2.5077618543745908632, 5076
Rectangle(712) : 0.05435656884777869174, 7399, 1253, 0.0000000000, 2.502346974172630809, 5008
Rectangle(713) : 0.054627192847531716583, 7298, 1236, 0.0000000000, 2.4969012373583409846, 4940
Rectangle(714) : 0.054900815927465717814, 7198, 1219, 0.0000000000, 2.491423100927066746, 4872
Rectangle(715) : 0.055177479320203570932, 7098, 1202, 0.0000000000, 2.4859124802722412348, 4804
Rectangle(716) : 0.055457264115959028982, 6999, 1185, 0.0000000000, 2.4803685193337857217, 4736
Rectangle(717) : 0.055740214325893846201, 6900, 1169, 0.0000000000, 2.4747911238183064159, 4672
Rectangle(718) : 0.056026415938041426841, 6801, 1152, 0.0000000000, 2.4691793960647329163, 4604
Rectangle(719) : 0.05631595856354719554, 6702, 1135, 0.0000000000, 2.4635324030193027373, 4536
Rectangle(720) : 0.056608935645465921702, 6604, 1118, 0.0000000000, 2.4578491742853584677, 4468
Rectangle(721) : 0.056905399784515794274, 6506, 1102, 0.0000000000, 2.4521295638783792663, 4404
Rectangle(722) : 0.057205450439892120629, 6408, 1085, 0.0000000000, 2.4463725507050850121, 4336
Rectangle(723) : 0.057509191474646347379, 6311, 1069, 0.0000000000, 2.4405770713531016074, 4272
Rectangle(724) : 0.057816682691783584204, 6214, 1052, 0.0000000000, 2.4347429396134706051, 4204
Rectangle(725) : 0.058128034951135607153, 6117, 1036, 0.0000000000, 2.4288690336507219466, 4140
Rectangle(726) : 0.058443364202999383833, 6021, 1020, 0.0000000000, 2.4229541834088944713, 4076
Rectangle(727) : 0.058762738755965484891, 5925, 1003, 0.0000000000, 2.4169981542003683892, 4008
Rectangle(728) : 0.05908628274823558926, 5829, 987, 0.0000000000, 2.4109997082424067, 3944
Rectangle(729) : 0.05941412623909892889, 5734, 971, 0.0000000000, 2.4049575524812287714, 3880
Rectangle(730) : 0.059746347646926140046, 5639, 955, 0.0000000000, 2.3988713935364178385, 3816
Rectangle(731) : 0.060083086677523128491, 5544, 939, 0.0000000000, 2.392739859336304534, 3752
Rectangle(732) : 0.060424489971054207952, 5449, 923, 0.0000000000, 2.3865615140467524526, 3688
Rectangle(733) : 0.060770711573925698584, 5355, 907, 0.0000000000, 2.3803348539243081151, 3624
Rectangle(734) : 0.061121847867842469474, 5262, 891, 0.0000000000, 2.3740594712027486943, 3560
Rectangle(735) : 0.061477997520294531179, 5168, 875, 0.0000000000, 2.3677349605306572529, 3496
Rectangle(736) : 0.061839401343926624301, 5075, 859, 0.0000000000, 2.3613584607333384373, 3432
Rectangle(737) : 0.062206171483972602318, 4983, 844, 0.0000000000, 2.3549294682654084242, 3372
Rectangle(738) : 0.062578423032892009989, 4890, 828, 0.0000000000, 2.3484474794181101691, 3308
Rectangle(739) : 0.062956428652404915954, 4799, 812, 0.0000000000, 2.3419093267731789141, 3244
Rectangle(740) : 0.063340239722788991577, 4707, 797, 0.0000000000, 2.3353157580840406299, 3184
Rectangle(741) : 0.063730151717283157846, 4616, 782, 0.0000000000, 2.3286633942443194342, 3124
Rectangle(742) : 0.064126309298358616996, 4525, 766, 0.0000000000, 2.3219515414255380793, 3060
Rectangle(743) : 0.064528950522983045301, 4435, 751, 0.0000000000, 2.3151780084681364845, 3000
Rectangle(744) : 0.06493823530505026886, 4345, 736, 0.0000000000, 2.3083420182649670731, 2940
Rectangle(745) : 0.06535442449222287348, 4255, 720, 0.0000000000, 2.3014412027813570374, 2876
Rectangle(746) : 0.065777794927659150104, 4166, 705, 0.0000000000, 2.2944730579886288391, 2816
Rectangle(747) : 0.066208537380368854578, 4077, 690, 0.0000000000, 2.2874366159425693069, 2756
Rectangle(748) : 0.066646956957494822031, 3988, 675, 0.0000000000, 2.2803291558992437581, 2696
Rectangle(749) : 0.067093378511130540125, 3900, 660, 0.0000000000, 2.2731477922028058698, 2636
Rectangle(750) : 0.06754803179118254163, 3812, 645, 0.0000000000, 2.2658913139890965959, 2576
Rectangle(751) : 0.068011277151620394882, 3725, 631, 0.0000000000, 2.2585565668164644151, 2520
Rectangle(752) : 0.068483372874255687343, 3638, 616, 0.0000000000, 2.2511421765547173877, 2460
Rectangle(753) : 0.068964720366436753145, 3552, 601, 0.0000000000, 2.2436446817306350597, 2400
Rectangle(754) : 0.069455611324131188691, 3466, 587, 0.0000000000, 2.2360625166369351259, 2344
Rectangle(755) : 0.069956494912312647181, 3380, 572, 0.0000000000, 2.2283918670812569249, 2284
Rectangle(756) : 0.07046785345286923207, 3295, 558, 0.0000000000, 2.220628655179264973, 2228
Rectangle(757) : 0.070990047278416808693, 3210, 544, 0.0000000000, 2.2127708885060375637, 2172
Rectangle(758) : 0.071523620763932708245, 3126, 529, 0.0000000000, 2.2048140373559919134, 2112
Rectangle(759) : 0.072068986738774676228, 3042, 515, 0.0000000000, 2.1967558038098124373, 2056
Rectangle(760) : 0.072626763137134246391, 2959, 501, 0.0000000000, 2.1885911296678917985, 2000
Rectangle(761) : 0.073197425904848978327, 2876, 487, 0.0000000000, 2.180317349870255032, 1944
Rectangle(762) : 0.073781680894372710953, 2794, 473, 0.0000000000, 2.1719287831806680378, 1888
Rectangle(763) : 0.074380080602025061718, 2712, 459, 0.0000000000, 2.163422319729952052, 1832
Rectangle(764) : 0.074993436914609852298, 2631, 446, 0.0000000000, 2.1547915374343208347, 1780
Rectangle(765) : 0.075622396069849046838, 2550, 432, 0.0000000000, 2.1460327826837782772, 1724
Rectangle(766) : 0.076267899121881901064, 2469, 418, 0.0000000000, 2.1371387440271134936, 1668
Rectangle(767) : 0.076930976782484215156, 2390, 405, 0.0000000000, 2.1281014578328318673, 1616
Rectangle(768) : 0.077612190781577450247, 2310, 391, 0.0000000000, 2.1189198722859732186, 1560
Rectangle(769) : 0.078313021895121161597, 2232, 378, 0.0000000000, 2.1095811072716684721, 1508
Rectangle(770) : 0.079034160384042160017, 2153, 365, 0.0000000000, 2.1000835539769111893, 1456
Rectangle(771) : 0.079777348286493117374, 2076, 352, 0.0000000000, 2.090412439757001435, 1404
Rectangle(772) : 0.080543442910653522689, 1999, 339, 0.0000000000, 2.0805654094656096743, 1352
Rectangle(773) : 0.081334120954408204867, 1922, 326, 0.0000000000, 2.0705303389838575044, 1300
Rectangle(774) : 0.082151254325367548002, 1846, 313, 0.0000000000, 2.0602937834654027452, 1248
Rectangle(775) : 0.082996483893875350139, 1771, 300, 0.0000000000, 2.0498463959502951804, 1196
Rectangle(776) : 0.083871608905704991686, 1696, 288, 0.0000000000, 2.0391780417397266282, 1148
Rectangle(777) : 0.084779143128428887104, 1623, 275, 0.0000000000, 2.0282713189221788985, 1096
Rectangle(778) : 0.085720776719878165538, 1549, 263, 0.0000000000, 2.0171202913478986452, 1048
Rectangle(779) : 0.086700195887952987129, 1477, 251, 0.0000000000, 2.0056971533991211506, 1000
Rectangle(780) : 0.087719625240288207949, 1405, 239, 0.0000000000, 1.9939934576521558411, 952
Rectangle(781) : 0.088782965779542411395, 1334, 227, 0.0000000000, 1.9819836708618741964, 904
Rectangle(782) : 0.08989389806654531559, 1263, 215, 0.0000000000, 1.9696476849444195814, 856
Rectangle(783) : 0.091057514602526645425, 1194, 203, 0.0000000000, 1.956953032199313916, 808
Rectangle(784) : 0.092277743272710325421, 1125, 191, 0.0000000000, 1.9438837100929049607, 760
Rectangle(785) : 0.093561195459459574275, 1057, 180, 0.0000000000, 1.9303990683833740868, 716
Rectangle(786) : 0.094914458532669956571, 990, 169, 0.0000000000, 1.9164642999936786322, 672
Rectangle(787) : 0.096345230552865591553, 924, 158, 0.0000000000, 1.9020392812568691247, 628
Rectangle(788) : 0.097862589082364367662, 859, 147, 0.0000000000, 1.8870773634645453508, 584
Rectangle(789) : 0.099477347363463954799, 795, 136, 0.0000000000, 1.8715237904227546703, 540
Rectangle(790) : 0.10120253452122842608, 732, 125, 0.0000000000, 1.8553135914608700173, 496
Rectangle(791) : 0.1030540558210383578, 670, 115, 0.0000000000, 1.8383687226267636042, 456
Rectangle(792) : 0.10505162107869024378, 609, 105, 0.0000000000, 1.8205941034577621934, 416
Rectangle(793) : 0.10722008430275881881, 550, 95, 0.0000000000, 1.801871984782666502, 376
Rectangle(794) : 0.10958712427509093972, 492, 85, 0.0000000000, 1.7820891394235151977, 336
Rectangle(795) : 0.11219299650969158037, 436, 76, 0.0000000000, 1.7610650605751656724, 300
Rectangle(796) : 0.11508534756605663925, 381, 66, 0.0000000000, 1.7386122724425584089, 260
Rectangle(797) : 0.11833629841236256683, 328, 58, 0.0000000000, 1.7144267958626644239, 228
Rectangle(798) : 0.12203881913145605593, 277, 49, 0.0000000000, 1.6881592044081357939, 192
Rectangle(799) : 0.12632820254087170861, 229, 41, 0.0000000000, 1.6593198387874416992, 160
Rectangle(800) : 0.13139073458797844092, 183, 33, 0.0000000000, 1.6273205442212300225, 128
Rectangle(801) : 0.13755095614109991646, 141, 26, 0.0000000000, 1.5911087188601214781, 100
Rectangle(802) : 0.14528931584932772836, 102, 20, 0.0000000000, 1.5494382810289642956, 76
Rectangle(803) : 0.15557792644765090773, 69, 14, 0.0000000000, 1.4998183914386539999, 52

Overall winding number: 0.000000 

cpu/wall(s): 1.84467e+10 535.992
