
Filling stored sums matrix with 68 X 68 terms guaranteeing 20 digits accuracy...

Processing the barrier for X= 100000000002659...100000000002660 (N = 2820947), y0 = 0.2...1 , t = 0...0.15

Rectangle(1) : 0, 99070, 16328, 0.000000, 4.2642907606507497905, 65308
Rectangle(2) : 3.7996272944895021606e-05, 98870, 16295, 0.000000, 4.2621315782117683042, 65176
Rectangle(3) : 7.6047568365262861235e-05, 98669, 16261, 0.000000, 4.2599712272951336807, 65040
Rectangle(4) : 0.00011415448368106755856, 98469, 16228, 0.000000, 4.257809680338934801, 64908
Rectangle(5) : 0.00015231684625547102362, 98269, 16195, 0.000000, 4.2556469535210585414, 64776
Rectangle(6) : 0.00019053486977785405939, 98068, 16162, 0.000000, 4.2534830411160178422, 64644
Rectangle(7) : 0.00022880915946578506483, 97868, 16129, 0.000000, 4.2513179153003135107, 64512
Rectangle(8) : 0.00026713954238257414309, 97668, 16096, 0.000000, 4.2491515923303120294, 64380
Rectangle(9) : 0.00030552623600106036201, 97469, 16063, 0.000000, 4.2469840663881710507, 64248
Rectangle(10) : 0.00034396906465825568617, 97269, 16030, 0.000000, 4.2448153538651842489, 64116
Rectangle(11) : 0.00038246864164439910544, 97069, 15997, 0.000000, 4.2426454266654973185, 63984
Rectangle(12) : 0.00042102518829333437126, 96870, 15964, 0.000000, 4.2404742788771312398, 63852
Rectangle(13) : 0.00045963852863479334969, 96671, 15931, 0.000000, 4.2383019269715572854, 63720
Rectangle(14) : 0.00049830888403580872436, 96471, 15898, 0.000000, 4.2361283650568256216, 63588
Rectangle(15) : 0.00053703687861507944429, 96272, 15865, 0.000000, 4.2339535646762714325, 63456
Rectangle(16) : 0.00057582233611753365145, 96073, 15832, 0.000000, 4.2317775423817818537, 63324
Rectangle(17) : 0.00061466548187525727676, 95874, 15799, 0.000000, 4.2296002921852181434, 63192
Rectangle(18) : 0.00065356654256100334079, 95676, 15766, 0.000000, 4.2274218080659421147, 63060
Rectangle(19) : 0.00069252533899967074029, 95477, 15733, 0.000000, 4.225242106742377497, 62928
Rectangle(20) : 0.00073154250655565152621, 95278, 15700, 0.000000, 4.2230611593823979396, 62796
Rectangle(21) : 0.00077061827598177715794, 95080, 15667, 0.000000, 4.2208789598665327518, 62664
Rectangle(22) : 0.00080975246781882525167, 94882, 15635, 0.000000, 4.2186955249955545424, 62536
Rectangle(23) : 0.00084894531287895841225, 94684, 15602, 0.000000, 4.2165108486702840834, 62404
Rectangle(24) : 0.00088819704335792301116, 94486, 15569, 0.000000, 4.2143249247581924356, 62272
Rectangle(25) : 0.00092750789284629369503, 94288, 15536, 0.000000, 4.2121377470931396526, 62140
Rectangle(26) : 0.00096687809634083318736, 94090, 15504, 0.000000, 4.2099493094751108935, 62012
Rectangle(27) : 0.0010063078902559688117, 93892, 15471, 0.000000, 4.2077596056699499149, 61880
Rectangle(28) : 0.0010457975124353871851, 93695, 15438, 0.000000, 4.2055686294090899097, 61748
Rectangle(29) : 0.0010853467800527529987, 93497, 15406, 0.000000, 4.2033763977761014125, 61620
Rectangle(30) : 0.0011249563546677256868, 93300, 15373, 0.000000, 4.2011828810734302748, 61488
Rectangle(31) : 0.0011646260532858760648, 93103, 15340, 0.000000, 4.1989880964409950922, 61356
Rectangle(32) : 0.0012043561167257329448, 92906, 15308, 0.000000, 4.1967920375613274653, 61228
Rectangle(33) : 0.0012441467872697379333, 92709, 15275, 0.000000, 4.1945946980819050498, 61096
Rectangle(34) : 0.0012839983086763101652, 92512, 15243, 0.000000, 4.1923960716148730873, 60968
Rectangle(35) : 0.0013239109261920364828, 92315, 15210, 0.000000, 4.1901961517367631354, 60836
Rectangle(36) : 0.0013638848865639886372, 92118, 15177, 0.000000, 4.1879949319882089659, 60704
Rectangle(37) : 0.0014039204380521691119, 91922, 15145, 0.000000, 4.1857924058736595935, 60576
Rectangle(38) : 0.0014440173942310344498, 91726, 15112, 0.000000, 4.1835885908248240384, 60444
Rectangle(39) : 0.0014841760034675085579, 91529, 15080, 0.000000, 4.1813834803669674267, 60316
Rectangle(40) : 0.001524396955082482691, 91333, 15048, 0.000000, 4.179177043894363473, 60188
Rectangle(41) : 0.0015646800624357324854, 91137, 15015, 0.000000, 4.1769692989254689246, 60056
Rectangle(42) : 0.001605025578515101665, 90941, 14983, 0.000000, 4.1747602388755819085, 59928
Rectangle(43) : 0.0016454337578717788723, 90745, 14950, 0.000000, 4.1725498571228251223, 59796
Rectangle(44) : 0.0016859048566333946652, 90550, 14918, 0.000000, 4.170338147007845694, 59668
Rectangle(45) : 0.0017264386848720235519, 90354, 14886, 0.000000, 4.1681251262618547245, 59540
Rectangle(46) : 0.0017670359481504822225, 90159, 14853, 0.000000, 4.1659107637509734703, 59408
Rectangle(47) : 0.0018076964564053538767, 89964, 14821, 0.000000, 4.163695077265621654, 59280
Rectangle(48) : 0.0018484204690911573276, 89768, 14789, 0.000000, 4.1614780600918300768, 59152
Rectangle(49) : 0.0018892087016472110447, 89573, 14756, 0.000000, 4.1592596807772234483, 59020
Rectangle(50) : 0.0019300609638331066097, 89378, 14724, 0.000000, 4.1570399572013178392, 58892
Rectangle(51) : 0.0019709775200013059187, 89184, 14692, 0.000000, 4.1548188825343638983, 58764
Rectangle(52) : 0.0020119581766497446958, 88989, 14660, 0.000000, 4.152596474815062681, 58636
Rectangle(53) : 0.0020530036595163356529, 88794, 14628, 0.000000, 4.1503727022580998919, 58508
Rectangle(54) : 0.0020941142379592270633, 88600, 14595, 0.000000, 4.1481475579155473062, 58376
Rectangle(55) : 0.0021352897182968743241, 88406, 14563, 0.000000, 4.1459210599172298469, 58248
Rectangle(56) : 0.0021765303700616553327, 88211, 14531, 0.000000, 4.1436932013364651479, 58120
Rectangle(57) : 0.0022178369327503955708, 88017, 14499, 0.000000, 4.1414639499474097932, 57992
Rectangle(58) : 0.002259209212536657427, 87823, 14467, 0.000000, 4.1392333239712187401, 57864
Rectangle(59) : 0.002300647484105280894, 87629, 14435, 0.000000, 4.1370013163601971746, 57736
Rectangle(60) : 0.0023421520238850364221, 87436, 14403, 0.000000, 4.1347679200257239349, 57608
Rectangle(61) : 0.0023837226346177520534, 87242, 14371, 0.000000, 4.1325331533845939462, 57480
Rectangle(62) : 0.0024253600701807216545, 87049, 14339, 0.000000, 4.1302969837507710838, 57352
Rectangle(63) : 0.0024670641332228102608, 86855, 14307, 0.000000, 4.1280594296032828673, 57224
Rectangle(64) : 0.0025088355848330029137, 86662, 14275, 0.000000, 4.1258204580270091291, 57096
Rectangle(65) : 0.0025506742275833088047, 86469, 14243, 0.000000, 4.1235800875634489223, 56968
Rectangle(66) : 0.0025925803452389246777, 86276, 14211, 0.000000, 4.1213383109786880534, 56840
Rectangle(67) : 0.0026345542233855551202, 86083, 14179, 0.000000, 4.1190951209963531235, 56712
Rectangle(68) : 0.0026765961494452458038, 85890, 14147, 0.000000, 4.1168505102972557713, 56584
Rectangle(69) : 0.0027187064126923904746, 85698, 14115, 0.000000, 4.1146044715190331402, 56456
Rectangle(70) : 0.00276088481208933128, 85505, 14083, 0.000000, 4.112357023468319265, 56328
Rectangle(71) : 0.0028031321312340400019, 85313, 14052, 0.000000, 4.1101081325164999179, 56204
Rectangle(72) : 0.002845448169030348887, 85121, 14020, 0.000000, 4.107857817534135988, 56076
Rectangle(73) : 0.0028878332187540849332, 84928, 13988, 0.000000, 4.1056060710932485242, 55948
Rectangle(74) : 0.002930288075469105286, 84736, 13956, 0.000000, 4.1033528592044546438, 55820
Rectangle(75) : 0.0029728125380258043826, 84545, 13925, 0.000000, 4.1010982008344693885, 55696
Rectangle(76) : 0.0030154064016585972076, 84353, 13893, 0.000000, 4.0988421150937254519, 55568
Rectangle(77) : 0.0030580704695055466397, 84161, 13861, 0.000000, 4.0965845677380303191, 55440
Rectangle(78) : 0.0031008050445193657521, 83970, 13829, 0.000000, 4.0943255511152645811, 55312
Rectangle(79) : 0.0031436099218697916731, 83778, 13798, 0.000000, 4.092065084434086559, 55188
Rectangle(80) : 0.0031864859165752523735, 83587, 13766, 0.000000, 4.0898031330786821221, 55060
Rectangle(81) : 0.0032294328237866450795, 83396, 13735, 0.000000, 4.0875397163233699248, 54936
Rectangle(82) : 0.0032724509507510482874, 83205, 13703, 0.000000, 4.0852748264455886463, 54808
Rectangle(83) : 0.0033155406067386162058, 83014, 13671, 0.000000, 4.0830084556762115576, 54680
Rectangle(84) : 0.0033587021030606367271, 82823, 13640, 0.000000, 4.0807405961991461839, 54556
Rectangle(85) : 0.003401935753087792785, 82632, 13608, 0.000000, 4.0784712401509296083, 54428
Rectangle(86) : 0.0034452418722686298652, 82442, 13577, 0.000000, 4.0762003796203193575, 54304
Rectangle(87) : 0.0034886202519733958747, 82251, 13545, 0.000000, 4.0739280341971972728, 54176
Rectangle(88) : 0.0035320717362616987193, 82061, 13514, 0.000000, 4.071654168361141589, 54052
Rectangle(89) : 0.003575596116519813312, 81871, 13482, 0.000000, 4.0693788017693500026, 53924
Rectangle(90) : 0.0036191937127598659558, 81681, 13451, 0.000000, 4.0671019264358002953, 53800
Rectangle(91) : 0.0036628648471293741682, 81491, 13420, 0.000000, 4.064823534325646722, 53676
Rectangle(92) : 0.0037066098439305626028, 81301, 13388, 0.000000, 4.0625436173547946842, 53548
Rectangle(93) : 0.0037504290296398994459, 81112, 13357, 0.000000, 4.0602621673894707091, 53424
Rectangle(94) : 0.0037943221917785407161, 80922, 13325, 0.000000, 4.057979204377529697, 53296
Rectangle(95) : 0.0038382902005323719326, 80733, 13294, 0.000000, 4.0556946919910533246, 53172
Rectangle(96) : 0.0038823328434663772752, 80543, 13263, 0.000000, 4.0534086502467916943, 53048
Rectangle(97) : 0.0039264509996096397771, 80354, 13231, 0.000000, 4.0511210425451432358, 52920
Rectangle(98) : 0.0039706444565942969595, 80165, 13200, 0.000000, 4.0488318889719820263, 52796
Rectangle(99) : 0.0040149135502008831508, 79976, 13169, 0.000000, 4.0465411812127351328, 52672
Rectangle(100) : 0.0040592586184865280335, 79787, 13138, 0.000000, 4.0442489109011442902, 52548
Rectangle(101) : 0.004103680001805880112, 79599, 13107, 0.000000, 4.0419550696188084952, 52424
Rectangle(102) : 0.0041481774838046339719, 79410, 13075, 0.000000, 4.0396596777170837812, 52296
Rectangle(103) : 0.0041927519665866146265, 79222, 13044, 0.000000, 4.0373626978894906788, 52172
Rectangle(104) : 0.0042374032338847072104, 79033, 13013, 0.000000, 4.0350641505580167216, 52048
Rectangle(105) : 0.0042821321971096640856, 78845, 12982, 0.000000, 4.0327639981326365377, 51924
Rectangle(106) : 0.0043269386401070974871, 78657, 12951, 0.000000, 4.0304622611061926705, 51800
Rectangle(107) : 0.0043718229131038580128, 78469, 12920, 0.000000, 4.0281589308693797667, 51676
Rectangle(108) : 0.0044167853687343538744, 78281, 12889, 0.000000, 4.0258539987586041226, 51552
Rectangle(109) : 0.0044618263620629853958, 78094, 12858, 0.000000, 4.0235474560554966236, 51428
Rectangle(110) : 0.0045069456728430132676, 77906, 12827, 0.000000, 4.0212393235271230155, 51304
Rectangle(111) : 0.0045521442367986408575, 77719, 12796, 0.000000, 4.0189295628451418325, 51180
Rectangle(112) : 0.0045974218338192554026, 77531, 12765, 0.000000, 4.0166181948490246509, 51056
Rectangle(113) : 0.0046427794094322234367, 77344, 12734, 0.000000, 4.0143051809142849723, 50932
Rectangle(114) : 0.0046882167436910448704, 77157, 12703, 0.000000, 4.0119905419530167501, 50808
Rectangle(115) : 0.004733734202145274775, 76970, 12672, 0.000000, 4.0096742690450902551, 50684
Rectangle(116) : 0.004779332152892904894, 76783, 12641, 0.000000, 4.0073563532133032979, 50560
Rectangle(117) : 0.0048250109666044465542, 76597, 12610, 0.000000, 4.0050367854228620138, 50436
Rectangle(118) : 0.0048707704191342174593, 76410, 12579, 0.000000, 4.0027155868692061621, 50312
Rectangle(119) : 0.0049166114816505007489, 76224, 12549, 0.000000, 4.0003927181561065553, 50192
Rectangle(120) : 0.0049625339301989383349, 76037, 12518, 0.000000, 3.9980682005532193108, 50068
Rectangle(121) : 0.00500853874628259786, 75851, 12487, 0.000000, 3.9957419943547748681, 49944
Rectangle(122) : 0.0050546257061691487937, 75665, 12456, 0.000000, 3.9934141209048533099, 49820
Rectangle(123) : 0.0051007951916763826972, 75479, 12425, 0.000000, 3.9910845709552226296, 49696
Rectangle(124) : 0.0051470475873222606583, 75294, 12395, 0.000000, 3.988753335197597056, 49576
Rectangle(125) : 0.0051933826649539125437, 75108, 12364, 0.000000, 3.9864204352307473456, 49452
Rectangle(126) : 0.0052398014277385792549, 74922, 12333, 0.000000, 3.984085830702298962, 49328
Rectangle(127) : 0.0052863042684356014775, 74737, 12303, 0.000000, 3.9817495121208330621, 49208
Rectangle(128) : 0.0053328909592597024324, 74552, 12272, 0.000000, 3.9794115011993599203, 49084
Rectangle(129) : 0.0053795618936571613861, 74366, 12241, 0.000000, 3.9770717884681029083, 48960
Rectangle(130) : 0.0054263180966056607394, 74181, 12211, 0.000000, 3.9747303329270833125, 48840
Rectangle(131) : 0.0054731593407642334644, 73997, 12180, 0.000000, 3.9723871564035393713, 48716
Rectangle(132) : 0.0055200853939340043926, 73812, 12150, 0.000000, 3.9700422809113448928, 48596
Rectangle(133) : 0.0055670972928245824137, 73627, 12119, 0.000000, 3.9676956651035821504, 48472
Rectangle(134) : 0.0056141954452021556158, 73443, 12089, 0.000000, 3.9653472991942065665, 48352
Rectangle(135) : 0.0056613796193126114327, 73258, 12058, 0.000000, 3.9629972053140099408, 48228
Rectangle(136) : 0.0057086508689415121663, 73074, 12028, 0.000000, 3.9606453416126416315, 48108
Rectangle(137) : 0.0057560089626768029898, 72890, 11997, 0.000000, 3.9582917302989208594, 47984
Rectangle(138) : 0.0058034543149926065411, 72706, 11967, 0.000000, 3.9559363614777313237, 47864
Rectangle(139) : 0.0058509873433737268245, 72522, 11937, 0.000000, 3.9535792251879049359, 47744
Rectangle(140) : 0.0058986084683452927622, 72338, 11906, 0.000000, 3.9512203114015959286, 47620
Rectangle(141) : 0.0059463181135027701037, 72155, 11876, 0.000000, 3.9488596100236474455, 47500
Rectangle(142) : 0.0059941160430991064276, 71971, 11845, 0.000000, 3.9464971436149118299, 47376
Rectangle(143) : 0.006042003346924465417, 71788, 11815, 0.000000, 3.9441328692699145743, 47256
Rectangle(144) : 0.0060899797896345271902, 71604, 11785, 0.000000, 3.9417668096293434017, 47136
Rectangle(145) : 0.0061380464731945146686, 71421, 11755, 0.000000, 3.9393989214325448367, 47016
Rectangle(146) : 0.0061862031627036582655, 71238, 11724, 0.000000, 3.9370292274002074785, 46892
Rectangle(147) : 0.0062344502952368597518, 71056, 11694, 0.000000, 3.9346577171829697999, 46772
Rectangle(148) : 0.0062827876308198220604, 70873, 11664, 0.000000, 3.9322844137434581199, 46652
Rectangle(149) : 0.0063312162907290040919, 70690, 11634, 0.000000, 3.9299092732603423897, 46532
Rectangle(150) : 0.0063797367218120475548, 70508, 11604, 0.000000, 3.9275322851715675518, 46412
Rectangle(151) : 0.0064283486847832219967, 70325, 11573, 0.000000, 3.9251534725624684563, 46288
Rectangle(152) : 0.0064770533200134028493, 70143, 11543, 0.000000, 3.9227727910587325441, 46168
Rectangle(153) : 0.0065258503887310044994, 69961, 11513, 0.000000, 3.9203902638275263318, 46048
Rectangle(154) : 0.006574740345475869872, 69779, 11483, 0.000000, 3.9180058801821135218, 45928
Rectangle(155) : 0.0066237236481913303045, 69597, 11453, 0.000000, 3.9156196293621459922, 45808
Rectangle(156) : 0.0066728007582587491012, 69416, 11423, 0.000000, 3.9132315005329449538, 45688
Rectangle(157) : 0.0067219714321744593834, 69234, 11393, 0.000000, 3.910841517195694532, 45568
Rectangle(158) : 0.0067712368439258487952, 69053, 11363, 0.000000, 3.9084496340087727717, 45448
Rectangle(159) : 0.0068205967505773885222, 68871, 11333, 0.000000, 3.9060558745569913253, 45328
Rectangle(160) : 0.0068700523396432797003, 68690, 11303, 0.000000, 3.9036601931108204929, 45208
Rectangle(161) : 0.0069196033688048872195, 68509, 11273, 0.000000, 3.9012626133388277982, 45088
Rectangle(162) : 0.0069692503146563640736, 68328, 11243, 0.000000, 3.8988631241224349842, 44968
Rectangle(163) : 0.0070189936574166151417, 68148, 11213, 0.000000, 3.8964617142652316506, 44848
Rectangle(164) : 0.0070688331496139684265, 67967, 11184, 0.000000, 3.8940584077385672088, 44732
Rectangle(165) : 0.0071187700073204813991, 67786, 11154, 0.000000, 3.8916531579988054022, 44612
Rectangle(166) : 0.0071688047218337851108, 67606, 11124, 0.000000, 3.8892459536118735146, 44492
Rectangle(167) : 0.0072189370466808678182, 67426, 11094, 0.000000, 3.8868368186777253891, 44372
Rectangle(168) : 0.00726916747438943314, 67246, 11064, 0.000000, 3.8844257417819667025, 44252
Rectangle(169) : 0.0073194965012725483692, 67066, 11035, 0.000000, 3.8820127114294506069, 44136
Rectangle(170) : 0.0073699246274680789004, 66886, 11005, 0.000000, 3.8795977160434684528, 44016
Rectangle(171) : 0.0074204523569786411773, 66706, 10975, 0.000000, 3.877180743964930225, 43896
Rectangle(172) : 0.0074710801977120824004, 66526, 10946, 0.000000, 3.8747617834515345324, 43780
Rectangle(173) : 0.0075218086615224953898, 66347, 10916, 0.000000, 3.8723408226769279906, 43660
Rectangle(174) : 0.007572637498134202445, 66168, 10886, 0.000000, 3.869917886228348631, 43540
Rectangle(175) : 0.0076235672207528148956, 65989, 10857, 0.000000, 3.8674929622986186056, 43424
Rectangle(176) : 0.007674598346581341144, 65809, 10827, 0.000000, 3.8650660389958762453, 43304
Rectangle(177) : 0.007725732173854143895, 65631, 10798, 0.000000, 3.8626370674554115997, 43188
Rectangle(178) : 0.0077769676733506533433, 65452, 10768, 0.000000, 3.8602061094577934043, 43068
Rectangle(179) : 0.0078283061520748755734, 65273, 10738, 0.000000, 3.8577731158948027675, 42948
Rectangle(180) : 0.0078797481436471152861, 65095, 10709, 0.000000, 3.8553380745271309236, 42832
Rectangle(181) : 0.0079312933940431077728, 64916, 10679, 0.000000, 3.8529010104435149514, 42712
Rectangle(182) : 0.0079829432339969483507, 64738, 10650, 0.000000, 3.8504618738721816366, 42596
Rectangle(183) : 0.0080346974104292165956, 64560, 10621, 0.000000, 3.8480206899913551878, 42480
Rectangle(184) : 0.0080865564669656378345, 64382, 10591, 0.000000, 3.8455774464010442762, 42360
Rectangle(185) : 0.0081385209515483013783, 64204, 10562, 0.000000, 3.8431321306105302646, 42244
Rectangle(186) : 0.0081905914164821143847, 64026, 10532, 0.000000, 3.8406847300374281174, 42124
Rectangle(187) : 0.0082427684184818867915, 63848, 10503, 0.000000, 3.8382352320067349758, 42008
Rectangle(188) : 0.0082950525187200576814, 63671, 10474, 0.000000, 3.8357836237498662053, 41892
Rectangle(189) : 0.0083474434600237888338, 63494, 10444, 0.000000, 3.8333299309183662053, 41772
Rectangle(190) : 0.0083999418052362241223, 63316, 10415, 0.000000, 3.8308741407610977189, 41656
Rectangle(191) : 0.0084525489525727756688, 63139, 10386, 0.000000, 3.8284162016362192822, 41540
Rectangle(192) : 0.0085052646465437954708, 62962, 10357, 0.000000, 3.8259561393320775929, 41424
Rectangle(193) : 0.0085580894637245088788, 62786, 10327, 0.000000, 3.8234939408108912511, 41304
Rectangle(194) : 0.0086110231422644842117, 62609, 10298, 0.000000, 3.8210296321638742548, 41188
Rectangle(195) : 0.0086640671077033807642, 62432, 10269, 0.000000, 3.8185631610001579849, 41072
Rectangle(196) : 0.0087172219507486165085, 62256, 10240, 0.000000, 3.8160945139874298026, 40956
Rectangle(197) : 0.0087704874113305271645, 62080, 10211, 0.000000, 3.8136237173572286187, 40840
Rectangle(198) : 0.0088238640820353794296, 61904, 10182, 0.000000, 3.8111507577933428503, 40724
Rectangle(199) : 0.0088773525602886965473, 61728, 10153, 0.000000, 3.8086756218792833937, 40608
Rectangle(200) : 0.0089309534484088249071, 61552, 10124, 0.000000, 3.8061982960972162669, 40492
Rectangle(201) : 0.0089846673536612491381, 61376, 10095, 0.000000, 3.8037187668268808332, 40376
Rectangle(202) : 0.0090384948883136683383, 61200, 10066, 0.000000, 3.8012370203444933707, 40260
Rectangle(203) : 0.0090924366696918463345, 61025, 10037, 0.000000, 3.7987530428216357461, 40144
Rectangle(204) : 0.0091464924344246875594, 60850, 10008, 0.000000, 3.796266861040230857, 40028
Rectangle(205) : 0.0092006628019027521585, 60674, 9979, 0.000000, 3.7937784611868477809, 39912
Rectangle(206) : 0.0092549492913576561995, 60499, 9950, 0.000000, 3.791287788318302514, 39796
Rectangle(207) : 0.009309351641616640687, 60324, 9921, 0.000000, 3.7887948693588917976, 39680
Rectangle(208) : 0.0093638704876705975168, 60150, 9892, 0.000000, 3.786299690174333304, 39564
Rectangle(209) : 0.0094185055614889571727, 59975, 9863, 0.000000, 3.7838022780160674786, 39448
Rectangle(210) : 0.0094732584131440812657, 59801, 9834, 0.000000, 3.7813025771120048658, 39332
Rectangle(211) : 0.0095281287761331952415, 59626, 9805, 0.000000, 3.7788006148107529836, 39216
Rectangle(212) : 0.0095831182205837831224, 59452, 9777, 0.000000, 3.7762963348001571625, 39104
Rectangle(213) : 0.0096382264816145332597, 59278, 9748, 0.000000, 3.7737897645258447857, 38988
Rectangle(214) : 0.0096934542181192372778, 59104, 9719, 0.000000, 3.7712808894241997321, 38872
Rectangle(215) : 0.0097488020945645573869, 58930, 9690, 0.000000, 3.7687696948178909107, 38756
Rectangle(216) : 0.0098042707810539157937, 58756, 9662, 0.000000, 3.7662561659146189767, 38644
Rectangle(217) : 0.0098598609533923087915, 58583, 9633, 0.000000, 3.7637402878058455128, 38528
Rectangle(218) : 0.0099155723421536533029, 58409, 9604, 0.000000, 3.761222088424381447, 38412
Rectangle(219) : 0.0099714065815418363132, 58236, 9576, 0.000000, 3.7587015097478285255, 38300
Rectangle(220) : 0.010027363403949759737, 58063, 9547, 0.000000, 3.7561785798078408583, 38184
Rectangle(221) : 0.01008344349936005271, 57890, 9519, 0.000000, 3.7536532834712449748, 38072
Rectangle(222) : 0.010139647563679818558, 57717, 9490, 0.000000, 3.751125605484866665, 37956
Rectangle(223) : 0.010195976298809587373, 57544, 9462, 0.000000, 3.7485955304741884378, 37844
Rectangle(224) : 0.010252430412713281736, 57372, 9433, 0.000000, 3.7460630429419879092, 37728
Rectangle(225) : 0.01030900963329025287, 57199, 9405, 0.000000, 3.743528171422668081, 37616
Rectangle(226) : 0.010365715662616336684, 57027, 9376, 0.000000, 3.7409908560990747026, 37500
Rectangle(227) : 0.010422548230629717621, 56855, 9348, 0.000000, 3.7384511256062283218, 37388
Rectangle(228) : 0.010479508060470650315, 56683, 9319, 0.000000, 3.7359089642072287404, 37272
Rectangle(229) : 0.010536595881584692069, 56511, 9291, 0.000000, 3.7333643560384091702, 37160
Rectangle(230) : 0.010593812429797224305, 56339, 9263, 0.000000, 3.7308172851078961604, 37048
Rectangle(231) : 0.010651158447389086002, 56167, 9234, 0.000000, 3.7282677352941487528, 36932
Rectangle(232) : 0.010708634683173339189, 55996, 9206, 0.000000, 3.7257156903444765008, 36820
Rectangle(233) : 0.010766240863799535284, 55825, 9178, 0.000000, 3.7231611794643715552, 36708
Rectangle(234) : 0.010823977741174624788, 55653, 9149, 0.000000, 3.7206041864088062976, 36592
Rectangle(235) : 0.010881847113650660335, 55482, 9121, 0.000000, 3.7180446488398948025, 36480
Rectangle(236) : 0.010939848711445258489, 55311, 9093, 0.000000, 3.7154825961157829176, 36368
Rectangle(237) : 0.010997983306663493251, 55141, 9065, 0.000000, 3.7129180115883425478, 36256
Rectangle(238) : 0.011056250621575960245, 54970, 9036, 0.000000, 3.7103509249976510036, 36140
Rectangle(239) : 0.011114652493960854752, 54799, 9008, 0.000000, 3.7077812729874536443, 36028
Rectangle(240) : 0.011173189716774910732, 54629, 8980, 0.000000, 3.7052090384941948196, 35916
Rectangle(241) : 0.011231862016075542169, 54459, 8952, 0.000000, 3.7026342514144305911, 35804
Rectangle(242) : 0.011290670188304456226, 54289, 8924, 0.000000, 3.70005689468901561, 35692
Rectangle(243) : 0.011349615037071039062, 54119, 8896, 0.000000, 3.697476951116862309, 35580
Rectangle(244) : 0.011408697373239794256, 53949, 8868, 0.000000, 3.6948944033532768774, 35468
Rectangle(245) : 0.011467918015019128013, 53779, 8840, 0.000000, 3.6923092339082704589, 35356
Rectangle(246) : 0.011527277788051506273, 53610, 8812, 0.000000, 3.6897214251448451252, 35244
Rectangle(247) : 0.011586776415642344645, 53440, 8784, 0.000000, 3.6871310075656972185, 35132
Rectangle(248) : 0.011646415843179127902, 53271, 8756, 0.000000, 3.6845379150461096493, 35020
Rectangle(249) : 0.011706195796907162098, 53102, 8728, 0.000000, 3.6819421781939273618, 34908
Rectangle(250) : 0.01176611712149369231, 52933, 8700, 0.000000, 3.6793437790744833408, 34796
Rectangle(251) : 0.011826180669357491516, 52764, 8672, 0.000000, 3.6767426996008526006, 34684
Rectangle(252) : 0.011886387300765285705, 52596, 8644, 0.000000, 3.674138921532032268, 34572
Rectangle(253) : 0.011946736736492946217, 52427, 8617, 0.000000, 3.6715324759946451455, 34464
Rectangle(254) : 0.012007230994718567464, 52259, 8589, 0.000000, 3.6689232950146329949, 34352
Rectangle(255) : 0.012067869799422343522, 52090, 8561, 0.000000, 3.666311409825432271, 34240
Rectangle(256) : 0.012128655197959979004, 51922, 8533, 0.000000, 3.6636967517115831938, 34128
Rectangle(257) : 0.012189586917687870518, 51754, 8505, 0.000000, 3.6610793520125844213, 34016
Rectangle(258) : 0.012250665855586633598, 51587, 8478, 0.000000, 3.6584591918506400627, 33908
Rectangle(259) : 0.012311891730164543537, 51419, 8450, 0.000000, 3.6558363029946852629, 33796
Rectangle(260) : 0.012373266636385875832, 51251, 8422, 0.000000, 3.6532106155361342167, 33684
Rectangle(261) : 0.012434791496691745654, 51084, 8395, 0.000000, 3.6505821101015253482, 33576
Rectangle(262) : 0.012496466034905306169, 50917, 8367, 0.000000, 3.6479508186225357708, 33464
Rectangle(263) : 0.012558291178150637507, 50750, 8340, 0.000000, 3.6453167217202032348, 33356
Rectangle(264) : 0.012620267862322464172, 50583, 8312, 0.000000, 3.642679799845872553, 33244
Rectangle(265) : 0.012682397032198625581, 50416, 8284, 0.000000, 3.6400400332791049877, 33132
Rectangle(266) : 0.012744679641554367905, 50249, 8257, 0.000000, 3.6373974021255549135, 33024
Rectangle(267) : 0.012807116653278492861, 50083, 8229, 0.000000, 3.6347518863148131312, 32912
Rectangle(268) : 0.012869707789718299045, 49916, 8202, 0.000000, 3.6321035184421226471, 32804
Rectangle(269) : 0.01293245527586386605, 49750, 8175, 0.000000, 3.6294522253514852782, 32696
Rectangle(270) : 0.01299535883818248887, 49584, 8147, 0.000000, 3.6267980397465802527, 32584
Rectangle(271) : 0.013058419463379055913, 49418, 8120, 0.000000, 3.6241409411883593736, 32476
Rectangle(272) : 0.01312163814768818132, 49252, 8092, 0.000000, 3.6214809090549415423, 32364
Rectangle(273) : 0.013185015896998969543, 49086, 8065, 0.000000, 3.6188179225393133741, 32256
Rectangle(274) : 0.013248553726981842732, 48921, 8038, 0.000000, 3.6161519606469930655, 32148
Rectangle(275) : 0.013312251361139913766, 48756, 8010, 0.000000, 3.6134830567116899741, 32036
Rectangle(276) : 0.013376109820749227286, 48590, 7983, 0.000000, 3.6108111897256056796, 31928
Rectangle(277) : 0.013440131454618863131, 48425, 7956, 0.000000, 3.6081362834805285844, 31820
Rectangle(278) : 0.013504315993255528667, 48260, 7929, 0.000000, 3.6054583714727591965, 31712
Rectangle(279) : 0.013568664488312983271, 48096, 7901, 0.000000, 3.6027774321159453649, 31600
Rectangle(280) : 0.013633176660471082601, 47931, 7874, 0.000000, 3.6000934993914172349, 31492
Rectangle(281) : 0.013697854916701735356, 47766, 7847, 0.000000, 3.5974064956784998599, 31384
Rectangle(282) : 0.013762700340134271048, 47602, 7820, 0.000000, 3.5947163987925103368, 31276
Rectangle(283) : 0.013827712658919038712, 47438, 7793, 0.000000, 3.5920232428808145141, 31168
Rectangle(284) : 0.013892892962533879442, 47274, 7766, 0.000000, 3.5893270057383240542, 31060
Rectangle(285) : 0.013958242351325568828, 47110, 7739, 0.000000, 3.5866276649546493884, 30952
Rectangle(286) : 0.014023761936656807406, 46946, 7712, 0.000000, 3.583925197911433036, 30844
Rectangle(287) : 0.014089452841055721755, 46783, 7685, 0.000000, 3.5812195817796388958, 30736
Rectangle(288) : 0.014155314790519835619, 46619, 7658, 0.000000, 3.5785108513759069572, 30628
Rectangle(289) : 0.014221350330779727657, 46456, 7631, 0.000000, 3.5757989257193069008, 30520
Rectangle(290) : 0.014287559193482485254, 46293, 7604, 0.000000, 3.5730838397364639702, 30412
Rectangle(291) : 0.014353942530914418029, 46130, 7577, 0.000000, 3.5703655701432867706, 30304
Rectangle(292) : 0.014420501507071870593, 45967, 7550, 0.000000, 3.5676440934362979185, 30196
Rectangle(293) : 0.014487237297822546032, 45804, 7523, 0.000000, 3.5649193858897314671, 30088
Rectangle(294) : 0.014554151091069636493, 45641, 7496, 0.000000, 3.5621914235525815127, 29980
Rectangle(295) : 0.014621244086918819936, 45479, 7470, 0.000000, 3.5594601822456009841, 29876
Rectangle(296) : 0.014688516018628963101, 45317, 7443, 0.000000, 3.5567256976414529865, 29768
Rectangle(297) : 0.01475596809395701776, 45155, 7416, 0.000000, 3.5539879455286003988, 29660
Rectangle(298) : 0.014823601533122749138, 44993, 7389, 0.000000, 3.5512469014638148091, 29552
Rectangle(299) : 0.014891417568983078852, 44831, 7363, 0.000000, 3.5485025407690640479, 29448
Rectangle(300) : 0.014959417447209508422, 44669, 7336, 0.000000, 3.5457548385283465633, 29340
Rectangle(301) : 0.015027602426468689209, 44508, 7309, 0.000000, 3.5430037695844715335, 29232
Rectangle(302) : 0.015095972242447490133, 44346, 7283, 0.000000, 3.5402493703762865927, 29128
Rectangle(303) : 0.01516452970806730447, 44185, 7256, 0.000000, 3.5374915535677411983, 29020
Rectangle(304) : 0.015233274566131528555, 44024, 7229, 0.000000, 3.5347303557060622726, 28912
Rectangle(305) : 0.015302208110464303002, 43863, 7203, 0.000000, 3.5319657511007287859, 28808
Rectangle(306) : 0.015371331648551089788, 43702, 7176, 0.000000, 3.5291977138095036831, 28700
Rectangle(307) : 0.015440646501734227944, 43541, 7150, 0.000000, 3.5264262176349741841, 28596
Rectangle(308) : 0.015510154005412025289, 43381, 7123, 0.000000, 3.5236512361210316166, 28488
Rectangle(309) : 0.015579853902512623053, 43221, 7097, 0.000000, 3.5208728065491238556, 28384
Rectangle(310) : 0.015649747537702672424, 43061, 7071, 0.000000, 3.5180909024155932965, 28280
Rectangle(311) : 0.01571983627002230256, 42900, 7044, 0.000000, 3.5153054969538800678, 28172
Rectangle(312) : 0.015790123111443138925, 42741, 7018, 0.000000, 3.5125164981706374379, 28068
Rectangle(313) : 0.015860606172161667678, 42581, 6991, 0.000000, 3.5097240088429742908, 27960
Rectangle(314) : 0.015931288495471194798, 42421, 6965, 0.000000, 3.5069279362731105065, 27856
Rectangle(315) : 0.016002171500027266331, 42262, 6939, 0.000000, 3.5041282526056432594, 27752
Rectangle(316) : 0.016073254937929060928, 42103, 6913, 0.000000, 3.5013249959839176771, 27648
Rectangle(317) : 0.016144540238168566847, 41944, 6886, 0.000000, 3.4985181384944189708, 27540
Rectangle(318) : 0.016216028845323211587, 41785, 6860, 0.000000, 3.4957076519409910403, 27436
Rectangle(319) : 0.016287722219786320143, 41626, 6834, 0.000000, 3.4928935078408241158, 27332
Rectangle(320) : 0.016359621838001878307, 41467, 6808, 0.000000, 3.4900756774203699568, 27228
Rectangle(321) : 0.016431729192703698307, 41309, 6782, 0.000000, 3.4872541316111830128, 27124
Rectangle(322) : 0.016504044042533304035, 41150, 6755, 0.000000, 3.4844289093859708467, 27016
Rectangle(323) : 0.016576569653940010496, 40992, 6729, 0.000000, 3.4815999129165716195, 26912
Rectangle(324) : 0.016649305795453392902, 40834, 6703, 0.000000, 3.4787671812778824945, 26808
Rectangle(325) : 0.016722254004820045263, 40676, 6677, 0.000000, 3.4759306847276378426, 26704
Rectangle(326) : 0.016795415836974820507, 40519, 6651, 0.000000, 3.473090393214736577, 26600
Rectangle(327) : 0.016868791053372429939, 40361, 6625, 0.000000, 3.4702463465110335645, 26496
Rectangle(328) : 0.016942383044316931651, 40204, 6599, 0.000000, 3.4673984439886671531, 26392
Rectangle(329) : 0.017016191581875101662, 40046, 6573, 0.000000, 3.4645467255212481546, 26288
Rectangle(330) : 0.017090220117197512094, 39889, 6547, 0.000000, 3.4616910890980472309, 26184
Rectangle(331) : 0.0171644684335027102, 39732, 6522, 0.000000, 3.4588315746903623871, 26084
Rectangle(332) : 0.017238938170105205981, 39576, 6496, 0.000000, 3.4559681508828717113, 25980
Rectangle(333) : 0.017313629097709887397, 39419, 6470, 0.000000, 3.4531008583204367529, 25876
Rectangle(334) : 0.01738854476929771146, 39262, 6444, 0.000000, 3.4502295927237929947, 25772
Rectangle(335) : 0.017463686881078155477, 39106, 6418, 0.000000, 3.4473543216650828707, 25668
Rectangle(336) : 0.017539055221528855699, 38950, 6392, 0.000000, 3.444475085936319176, 25564
Rectangle(337) : 0.017614651501013741942, 38794, 6367, 0.000000, 3.4415918530132315344, 25464
Rectangle(338) : 0.017690477449691713575, 38638, 6341, 0.000000, 3.438704590021679707, 25360
Rectangle(339) : 0.017766534817827271309, 38482, 6315, 0.000000, 3.4358132637323840891, 25256
Rectangle(340) : 0.017842825376107308316, 38327, 6290, 0.000000, 3.4329178405555552218, 25156
Rectangle(341) : 0.017919348919315896392, 38172, 6264, 0.000000, 3.4300183621259972829, 25052
Rectangle(342) : 0.017996107233318987592, 38016, 6239, 0.000000, 3.4271147947480394732, 24952
Rectangle(343) : 0.018073104150268378361, 37861, 6213, 0.000000, 3.4242070279359729872, 24848
Rectangle(344) : 0.018150339485519321891, 37706, 6187, 0.000000, 3.4212951034566378375, 24744
Rectangle(345) : 0.018227815088963246939, 37552, 6162, 0.000000, 3.4183789864919764308, 24644
Rectangle(346) : 0.018305530762868550955, 37397, 6136, 0.000000, 3.4154587195421115975, 24540
Rectangle(347) : 0.018383490458019020554, 37243, 6111, 0.000000, 3.4125341895381349306, 24440
Rectangle(348) : 0.018461693991288041174, 37088, 6086, 0.000000, 3.4096054390675067777, 24340
Rectangle(349) : 0.018540145389019585252, 36934, 6060, 0.000000, 3.4066723533983093955, 24236
Rectangle(350) : 0.018618844483442022827, 36780, 6035, 0.000000, 3.4037349751992547993, 24136
Rectangle(351) : 0.018697793232088005829, 36627, 6009, 0.000000, 3.4007932679475609935, 24032
Rectangle(352) : 0.018776991453835557116, 36473, 5984, 0.000000, 3.3978472750752242927, 23932
Rectangle(353) : 0.018856443302465371617, 36320, 5959, 0.000000, 3.3948968791053625145, 23832
Rectangle(354) : 0.018936148613013426752, 36166, 5933, 0.000000, 3.3919421235509520897, 23728
Rectangle(355) : 0.019016111620355984737, 36013, 5908, 0.000000, 3.3889828891689946326, 23628
Rectangle(356) : 0.019096332176520952794, 35860, 5883, 0.000000, 3.3860192195465518595, 23528
Rectangle(357) : 0.019176812355537867235, 35707, 5858, 0.000000, 3.3830510763287600619, 23428
Rectangle(358) : 0.019257554257022975479, 35555, 5833, 0.000000, 3.3800784207204332799, 23328
Rectangle(359) : 0.019338557728284976134, 35402, 5808, 0.000000, 3.3771012971416491741, 23228
Rectangle(360) : 0.019419827184732116103, 35250, 5782, 0.000000, 3.3741195824914622242, 23124
Rectangle(361) : 0.019501362492036838435, 35098, 5757, 0.000000, 3.371133321259287194, 23024
Rectangle(362) : 0.019583165823316663132, 34946, 5732, 0.000000, 3.3681424735826115414, 22924
Rectangle(363) : 0.019665239378904787997, 34794, 5707, 0.000000, 3.3651469991343039501, 22824
Rectangle(364) : 0.019747585386812309522, 34642, 5682, 0.000000, 3.3621468571150432435, 22724
Rectangle(365) : 0.019830206103200365733, 34491, 5657, 0.000000, 3.3591420062455902295, 22624
Rectangle(366) : 0.019913101409403305347, 34340, 5632, 0.000000, 3.3561324919393037432, 22524
Rectangle(367) : 0.019996273584474339236, 34188, 5607, 0.000000, 3.3531182727319063812, 22424
Rectangle(368) : 0.020079727377405540428, 34037, 5583, 0.000000, 3.3500992184420122187, 22328
Rectangle(369) : 0.02016346270127198025, 33887, 5558, 0.000000, 3.3470753745609784318, 22228
Rectangle(370) : 0.020247479444405364098, 33736, 5533, 0.000000, 3.3440467874195104266, 22128
Rectangle(371) : 0.02033178246750885919, 33585, 5508, 0.000000, 3.3410133245294701149, 22028
Rectangle(372) : 0.02041637419966694971, 33435, 5483, 0.000000, 3.3379749418894998875, 21928
Rectangle(373) : 0.020501254562816030011, 33285, 5458, 0.000000, 3.3349316859056650292, 21828
Rectangle(374) : 0.020586426011994508756, 33135, 5434, 0.000000, 3.3318835123588029347, 21732
Rectangle(375) : 0.020671891034247679209, 32985, 5409, 0.000000, 3.3288303764929074217, 21632
Rectangle(376) : 0.020757652149193651845, 32835, 5384, 0.000000, 3.325772233006022604, 21532
Rectangle(377) : 0.020843711909601936377, 32686, 5360, 0.000000, 3.3227090360409400638, 21436
Rectangle(378) : 0.020930070259844882595, 32537, 5335, 0.000000, 3.3196408329615755303, 21336
Rectangle(379) : 0.021016729780789086901, 32387, 5311, 0.000000, 3.3165675776715939368, 21240
Rectangle(380) : 0.021103695772627528064, 32238, 5286, 0.000000, 3.3134891285443813086, 21140
Rectangle(381) : 0.021190968219074093649, 32090, 5261, 0.000000, 3.3104055329789631186, 21040
Rectangle(382) : 0.021278547076443335254, 31941, 5237, 0.000000, 3.3073168393031106619, 20944
Rectangle(383) : 0.02136643777614914004, 31792, 5213, 0.000000, 3.30422290324381195, 20848
Rectangle(384) : 0.021454643076326663063, 31644, 5188, 0.000000, 3.3011236757603178112, 20748
Rectangle(385) : 0.021543162975067666659, 31496, 5164, 0.000000, 3.2980192052091972492, 20652
Rectangle(386) : 0.021632000262507633552, 31348, 5139, 0.000000, 3.2949094422684286171, 20552
Rectangle(387) : 0.021721157766726991362, 31200, 5115, 0.000000, 3.2917943369909806014, 20456
Rectangle(388) : 0.021810638354451061253, 31052, 5091, 0.000000, 3.2886738387937537337, 20360
Rectangle(389) : 0.021900444931766330921, 30905, 5066, 0.000000, 3.2855478964462726633, 20260
Rectangle(390) : 0.021990577528318548124, 30758, 5042, 0.000000, 3.2824165592874384071, 20164
Rectangle(391) : 0.022081039084963565304, 30611, 5018, 0.000000, 3.2792797757774954302, 20068
Rectangle(392) : 0.022171832583241226779, 30464, 4994, 0.000000, 3.2761374937122285016, 19972
Rectangle(393) : 0.022262961046138818313, 30317, 4969, 0.000000, 3.2729896602110035755, 19872
Rectangle(394) : 0.022354427538872631144, 30170, 4945, 0.000000, 3.2698362217045344561, 19776
Rectangle(395) : 0.022446235169688160957, 30024, 4921, 0.000000, 3.2666771239223675895, 19680
Rectangle(396) : 0.022538384021404200378, 29878, 4897, 0.000000, 3.2635124171873322931, 19584
Rectangle(397) : 0.022630877241070420751, 29731, 4873, 0.000000, 3.2603420468769590662, 19488
Rectangle(398) : 0.022723721142953201655, 29586, 4849, 0.000000, 3.2571658509250469116, 19392
Rectangle(399) : 0.022816912715011778242, 29440, 4825, 0.000000, 3.253983987033506265, 19296
Rectangle(400) : 0.022910458366745253319, 29294, 4801, 0.000000, 3.2507962913234619049, 19200
Rectangle(401) : 0.023004361428509555289, 29149, 4777, 0.000000, 3.2476027062100192854, 19104
Rectangle(402) : 0.023098622044867235459, 29004, 4753, 0.000000, 3.2444032829892209629, 19008
Rectangle(403) : 0.023193243589584833755, 28859, 4729, 0.000000, 3.241197963675146559, 18912
Rectangle(404) : 0.023288229485273358879, 28714, 4705, 0.000000, 3.2379866894990261169, 18816
Rectangle(405) : 0.02338358320434764411, 28569, 4681, 0.000000, 3.2347694008944950503, 18720
Rectangle(406) : 0.023479308270009532697, 28424, 4658, 0.000000, 3.2315460374824951632, 18628
Rectangle(407) : 0.023575408257255609786, 28280, 4634, 0.000000, 3.2283165380558113896, 18532
Rectangle(408) : 0.023671883382363665351, 28136, 4610, 0.000000, 3.2250809548643324931, 18436
Rectangle(409) : 0.023768737269016506284, 27992, 4586, 0.000000, 3.2218392262434600451, 18340
Rectangle(410) : 0.02386597359461823035, 27848, 4563, 0.000000, 3.218591289675829637, 18248
Rectangle(411) : 0.023963596091374759711, 27705, 4539, 0.000000, 3.2153370817748637587, 18152
Rectangle(412) : 0.024061605009684626657, 27561, 4515, 0.000000, 3.2120766558355420815, 18056
Rectangle(413) : 0.024160007703920523108, 27418, 4492, 0.000000, 3.208809829577625434, 17964
Rectangle(414) : 0.024258804473545500329, 27275, 4468, 0.000000, 3.2055366561732410998, 17868
Rectangle(415) : 0.024357999218043144365, 27132, 4445, 0.000000, 3.2022570699312185244, 17776
Rectangle(416) : 0.024457595896132898844, 26989, 4421, 0.000000, 3.1989710042292229198, 17680
Rectangle(417) : 0.024557598526990997437, 26847, 4398, 0.000000, 3.1956783914953532299, 17588
Rectangle(418) : 0.024658007451321289583, 26704, 4374, 0.000000, 3.1923792859510377711, 17492
Rectangle(419) : 0.02475883052224516008, 26562, 4351, 0.000000, 3.1890734958058391114, 17400
Rectangle(420) : 0.024860068135971755936, 26420, 4328, 0.000000, 3.1857610751108081849, 17308
Rectangle(421) : 0.024961724497633785012, 26278, 4304, 0.000000, 3.1824419537483286019, 17212
Rectangle(422) : 0.025063803877866235297, 26137, 4281, 0.000000, 3.1791160605812748328, 17120
Rectangle(423) : 0.025166306692289515506, 25995, 4258, 0.000000, 3.1757834508071959025, 17028
Rectangle(424) : 0.025269241235501948509, 25854, 4234, 0.000000, 3.1724439243434273804, 16932
Rectangle(425) : 0.025372607984335530445, 25713, 4211, 0.000000, 3.1690975361773139535, 16840
Rectangle(426) : 0.025476411412024921569, 25572, 4188, 0.000000, 3.1657442124166511373, 16748
Rectangle(427) : 0.025580656062909351849, 25431, 4165, 0.000000, 3.1623838780726643327, 16656
Rectangle(428) : 0.025685346553966434321, 25291, 4142, 0.000000, 3.1590164570373319943, 16564
Rectangle(429) : 0.025790483419137338279, 25150, 4119, 0.000000, 3.1556420053454756894, 16472
Rectangle(430) : 0.02589607554658646256, 25010, 4095, 0.000000, 3.152260311869187328, 16376
Rectangle(431) : 0.026002123539863919071, 24870, 4072, 0.000000, 3.1488714323681866931, 16284
Rectangle(432) : 0.026108632242411896019, 24730, 4049, 0.000000, 3.1454752876750832347, 16192
Rectangle(433) : 0.026215606576729529793, 24591, 4026, 0.000000, 3.1420717974156637465, 16100
Rectangle(434) : 0.026323047176844029559, 24451, 4003, 0.000000, 3.1386610185357066174, 16008
Rectangle(435) : 0.026430963459144782355, 24312, 3981, 0.000000, 3.1352427302299675274, 15920
Rectangle(436) : 0.026539356134787673418, 24173, 3958, 0.000000, 3.131816989113605904, 15828
Rectangle(437) : 0.026648230374191702951, 24034, 3935, 0.000000, 3.128383711486183022, 15736
Rectangle(438) : 0.026757591434002228999, 23895, 3912, 0.000000, 3.124942812343395212, 15644
Rectangle(439) : 0.026867444659042756105, 23757, 3889, 0.000000, 3.1214942053487838337, 15552
Rectangle(440) : 0.026977790839341143268, 23619, 3866, 0.000000, 3.1180379481297699525, 15460
Rectangle(441) : 0.027088635411428436124, 23481, 3844, 0.000000, 3.1145739534390942252, 15372
Rectangle(442) : 0.027199983903973008085, 23343, 3821, 0.000000, 3.1111021326482664607, 15280
Rectangle(443) : 0.027311841939900192529, 23205, 3798, 0.000000, 3.107622395717108996, 15188
Rectangle(444) : 0.027424215238573629675, 23067, 3776, 0.000000, 3.1041346511624432614, 15100
Rectangle(445) : 0.027537109618040506307, 22930, 3753, 0.000000, 3.1006388060258901386, 15008
Rectangle(446) : 0.027650526050924321839, 22793, 3731, 0.000000, 3.0971349184782134142, 14920
Rectangle(447) : 0.027764470460106009787, 22656, 3708, 0.000000, 3.0936228945091078086, 14828
Rectangle(448) : 0.027878948871763368006, 22519, 3686, 0.000000, 3.0901026385761719799, 14740
Rectangle(449) : 0.027993967417816752792, 22383, 3663, 0.000000, 3.0865740535701425629, 14648
Rectangle(450) : 0.028109527175381428776, 22246, 3641, 0.000000, 3.0830371986151737208, 14560
Rectangle(451) : 0.02822563960901512354, 22110, 3618, 0.000000, 3.0794918162883164753, 14468
Rectangle(452) : 0.028342305905545576569, 21974, 3596, 0.000000, 3.0759379651258994191, 14380
Rectangle(453) : 0.028459532535432074222, 21838, 3573, 0.000000, 3.0723755435719424039, 14288
Rectangle(454) : 0.028577326085371260155, 21703, 3551, 0.000000, 3.068804448365055248, 14200
Rectangle(455) : 0.028695687807177694991, 21567, 3529, 0.000000, 3.0652247392484492503, 14112
Rectangle(456) : 0.02881462992890294418, 21432, 3507, 0.000000, 3.061636145500749209, 14024
Rectangle(457) : 0.028934153825202904482, 21297, 3484, 0.000000, 3.0580387261723046747, 13932
Rectangle(458) : 0.029054266457318803655, 21163, 3462, 0.000000, 3.0544323731180554171, 13844
Rectangle(459) : 0.029174969210856489967, 21028, 3440, 0.000000, 3.0508171469587343671, 13756
Rectangle(460) : 0.029296274953055402577, 20894, 3418, 0.000000, 3.0471927660243904894, 13668
Rectangle(461) : 0.029418185203176221496, 20759, 3396, 0.000000, 3.0435592901625864577, 13580
Rectangle(462) : 0.029540713229100523555, 20625, 3374, 0.000000, 3.0399164307356681783, 13492
Rectangle(463) : 0.029663860692408919588, 20492, 3352, 0.000000, 3.0362642467323380313, 13404
Rectangle(464) : 0.029787629199471789881, 20358, 3330, 0.000000, 3.0326027991947969657, 13316
Rectangle(465) : 0.029912032519994178964, 20225, 3308, 0.000000, 3.0289317910913479428, 13228
Rectangle(466) : 0.030037072410777434734, 20091, 3286, 0.000000, 3.0252512825540774823, 13140
Rectangle(467) : 0.030162763082349485776, 19958, 3264, 0.000000, 3.0215609689827709303, 13052
Rectangle(468) : 0.030289106451874627119, 19826, 3242, 0.000000, 3.0178609095010057454, 12964
Rectangle(469) : 0.030416104379318438566, 19693, 3221, 0.000000, 3.014151165400862583, 12880
Rectangle(470) : 0.0305437716298846734, 19561, 3199, 0.000000, 3.0104314229261516605, 12792
Rectangle(471) : 0.03067211023337765186, 19429, 3177, 0.000000, 3.0067017422983139917, 12704
Rectangle(472) : 0.030801128800586376653, 19297, 3155, 0.000000, 3.0029619937614108745, 12616
Rectangle(473) : 0.030930836112280495473, 19165, 3134, 0.000000, 2.999212045163466608, 12532
Rectangle(474) : 0.031061241123768283973, 19033, 3112, 0.000000, 2.9954517618949117466, 12444
Rectangle(475) : 0.031192352969609449935, 18902, 3091, 0.000000, 2.991681006825006342, 12360
Rectangle(476) : 0.031324173994200763359, 18771, 3069, 0.000000, 2.987899840023062219, 12272
Rectangle(477) : 0.031456713541375823943, 18640, 3047, 0.000000, 2.9841081222131644562, 12184
Rectangle(478) : 0.031589981144498847787, 18509, 3026, 0.000000, 2.9803057114761574709, 12100
Rectangle(479) : 0.031723986531687575296, 18379, 3005, 0.000000, 2.9764924631798621855, 12016
Rectangle(480) : 0.031858732299312574599, 18248, 2983, 0.000000, 2.9726684377030687284, 11928
Rectangle(481) : 0.031994235830532602478, 18118, 2962, 0.000000, 2.9688332781886932737, 11844
Rectangle(482) : 0.032130499947884887127, 17988, 2940, 0.000000, 2.9649870434590877919, 11756
Rectangle(483) : 0.032267535029242408129, 17859, 2919, 0.000000, 2.9611295807315159842, 11672
Rectangle(484) : 0.03240534395363523617, 17729, 2898, 0.000000, 2.9572609505535980459, 11588
Rectangle(485) : 0.032543945169189051842, 17600, 2877, 0.000000, 2.9533807790120217063, 11504
Rectangle(486) : 0.032683341804360189439, 17471, 2855, 0.000000, 2.949489124909215366, 11416
Rectangle(487) : 0.032823544948136116138, 17342, 2834, 0.000000, 2.9455858266135334934, 11332
Rectangle(488) : 0.032964565927643297173, 17214, 2813, 0.000000, 2.9416707192441801631, 11248
Rectangle(489) : 0.033106408074688968148, 17085, 2792, 0.000000, 2.9377438623924705579, 11164
Rectangle(490) : 0.033249091356069856094, 16957, 2771, 0.000000, 2.933804858008335598, 11080
Rectangle(491) : 0.033392619389213002617, 16829, 2750, 0.000000, 2.9298537636252063281, 10996
Rectangle(492) : 0.033537004305941578666, 16702, 2729, 0.000000, 2.925890404431894579, 10912
Rectangle(493) : 0.033682249809739440873, 16574, 2708, 0.000000, 2.9219148396966575536, 10828
Rectangle(494) : 0.033828377168234472703, 16447, 2687, 0.000000, 2.9179266510760544202, 10744
Rectangle(495) : 0.033975390401716326805, 16320, 2666, 0.000000, 2.9139258955224549864, 10660
Rectangle(496) : 0.034123302527667457626, 16193, 2645, 0.000000, 2.9099123873852459845, 10576
Rectangle(497) : 0.034272126858389698469, 16066, 2625, 0.000000, 2.9058859370767737883, 10496
Rectangle(498) : 0.034421877010081269102, 15940, 2604, 0.000000, 2.9018463509562476921, 10412
Rectangle(499) : 0.034572557458698348631, 15814, 2583, 0.000000, 2.8977936850930911647, 10328
Rectangle(500) : 0.034724182201653520704, 15688, 2562, 0.000000, 2.8937277419386496516, 10244
Rectangle(501) : 0.034876765561032577923, 15562, 2542, 0.000000, 2.8896483196532773881, 10164
Rectangle(502) : 0.035030322193833842374, 15437, 2521, 0.000000, 2.8855552119767324969, 10080
Rectangle(503) : 0.035184857091286503675, 15311, 2501, 0.000000, 2.8814484737395496392, 10000
Rectangle(504) : 0.035340395493333368651, 15186, 2480, 0.000000, 2.8773276256209805092, 9916
Rectangle(505) : 0.035496942814920421232, 15062, 2459, 0.000000, 2.8731927191977380804, 9832
Rectangle(506) : 0.03565450440828104652, 14937, 2439, 0.000000, 2.8690438093465790062, 9752
Rectangle(507) : 0.035813106792250155378, 14813, 2419, 0.000000, 2.864880397793841815, 9672
Rectangle(508) : 0.035972755776101761522, 14689, 2398, 0.000000, 2.8607025359031822215, 9588
Rectangle(509) : 0.036133468046229284309, 14565, 2378, 0.000000, 2.856509993515872383, 9508
Rectangle(510) : 0.0362952606994057946, 14441, 2358, 0.000000, 2.8523025351706064448, 9428
Rectangle(511) : 0.036458151256511992678, 14318, 2337, 0.000000, 2.8480799199336411598, 9344
Rectangle(512) : 0.036622146222284701238, 14195, 2317, 0.000000, 2.8438421967418059616, 9264
Rectangle(513) : 0.036787263671861439946, 14072, 2297, 0.000000, 2.8395891190130250093, 9184
Rectangle(514) : 0.036953522136828255253, 13949, 2277, 0.000000, 2.8353204343313814929, 9104
Rectangle(515) : 0.037120940620901047675, 13826, 2257, 0.000000, 2.8310358842552059626, 9024
Rectangle(516) : 0.037289538616290546154, 13704, 2237, 0.000000, 2.8267352041170835739, 8944
Rectangle(517) : 0.037459323730426352019, 13582, 2217, 0.000000, 2.8224184373204956611, 8864
Rectangle(518) : 0.037630316105431542393, 13461, 2197, 0.000000, 2.8180853125815487527, 8784
Rectangle(519) : 0.037802523616952346847, 13339, 2177, 0.000000, 2.8137358745576853081, 8704
Rectangle(520) : 0.0379759800885437469, 13218, 2157, 0.000000, 2.8093695183464920943, 8624
Rectangle(521) : 0.038150694078432269527, 13097, 2137, 0.000000, 2.8049862831395920095, 8544
Rectangle(522) : 0.038326687533661680233, 12976, 2117, 0.000000, 2.8005858767093634524, 8464
Rectangle(523) : 0.038503982992717580622, 12855, 2097, 0.000000, 2.7961679994474185352, 8384
Rectangle(524) : 0.038682603607221463822, 12735, 2078, 0.000000, 2.7917323441054084736, 8308
Rectangle(525) : 0.038862559032749960758, 12615, 2058, 0.000000, 2.7872789446439623187, 8228
Rectangle(526) : 0.039043873257454198754, 12495, 2038, 0.000000, 2.7828074853621638859, 8148
Rectangle(527) : 0.039226570935354331918, 12376, 2019, 0.000000, 2.7783176423449206104, 8072
Rectangle(528) : 0.039410662535414522659, 12257, 1999, 0.000000, 2.7738094468212883228, 7992
Rectangle(529) : 0.03959617362677629865, 12138, 1979, 0.000000, 2.7692825656853153674, 7912
Rectangle(530) : 0.039783130503171529773, 12019, 1960, 0.000000, 2.764736656983002514, 7836
Rectangle(531) : 0.03997156021088290364, 11900, 1941, 0.000000, 2.7601713695854549665, 7760
Rectangle(532) : 0.040161490578074958679, 11782, 1921, 0.000000, 2.7555863428465618142, 7680
Rectangle(533) : 0.040352933995393458239, 11664, 1902, 0.000000, 2.7509815963924720111, 7604
Rectangle(534) : 0.040545919386030672918, 11546, 1882, 0.000000, 2.7463567586063636178, 7524
Rectangle(535) : 0.040740476527777283312, 11429, 1863, 0.000000, 2.74171144757665285, 7448
Rectangle(536) : 0.040936618924100378321, 11311, 1844, 0.000000, 2.7370456782139556195, 7372
Rectangle(537) : 0.041134395042764860296, 11194, 1825, 0.000000, 2.7323586430348364023, 7296
Rectangle(538) : 0.041333819613341493885, 11078, 1806, 0.000000, 2.7276503467445541423, 7220
Rectangle(539) : 0.041534907386111357953, 10961, 1787, 0.000000, 2.7229207987075314949, 7144
Rectangle(540) : 0.041737710122969995988, 10845, 1768, 0.000000, 2.7181691479212071712, 7068
Rectangle(541) : 0.041942243930984860641, 10729, 1749, 0.000000, 2.7133953924653248838, 6992
Rectangle(542) : 0.042148544181936983382, 10614, 1730, 0.000000, 2.7085990890976663633, 6916
Rectangle(543) : 0.042356627759202638777, 10498, 1711, 0.000000, 2.7037802345968852127, 6840
Rectangle(544) : 0.042566551576558028872, 10383, 1692, 0.000000, 2.6989379101865570071, 6764
Rectangle(545) : 0.042778334097042143001, 10268, 1673, 0.000000, 2.6940720994333200474, 6688
Rectangle(546) : 0.042992014667692057303, 10154, 1654, 0.000000, 2.6891823156115967721, 6612
Rectangle(547) : 0.043207612689714077863, 10039, 1635, 0.000000, 2.6842685400316690409, 6536
Rectangle(548) : 0.043425190988352554708, 9925, 1617, 0.000000, 2.6793297773726254095, 6464
Rectangle(549) : 0.043644770814788083716, 9812, 1598, 0.000000, 2.6743659933956212985, 6388
Rectangle(550) : 0.043866373545464359837, 9698, 1579, 0.000000, 2.6693771588497034462, 6312
Rectangle(551) : 0.044090066797562700056, 9585, 1561, 0.000000, 2.6643622178357434476, 6240
Rectangle(552) : 0.044315874019037477672, 9472, 1542, 0.000000, 2.6593211237167695225, 6164
Rectangle(553) : 0.044543842887673116346, 9359, 1524, 0.000000, 2.6542533010876698121, 6092
Rectangle(554) : 0.044774022746748623325, 9247, 1506, 0.000000, 2.6491581556875565879, 6020
Rectangle(555) : 0.045006439547406951062, 9135, 1487, 0.000000, 2.6440356263680234669, 5944
Rectangle(556) : 0.045241145144163166001, 9023, 1469, 0.000000, 2.6388850945693481822, 5872
Rectangle(557) : 0.045478193253945871108, 8912, 1451, 0.000000, 2.6337059208907007186, 5800
Rectangle(558) : 0.045717612679539531422, 8801, 1432, 0.000000, 2.628498027249627874, 5724
Rectangle(559) : 0.045959459972716400855, 8690, 1414, 0.000000, 2.6232607470172805855, 5652
Rectangle(560) : 0.04620379377559525938, 8579, 1396, 0.000000, 2.6179933904487730179, 5580
Rectangle(561) : 0.046450674926131309388, 8469, 1378, 0.000000, 2.6126952435670508144, 5508
Rectangle(562) : 0.046700137110989858309, 8359, 1360, 0.000000, 2.6073661948456853611, 5436
Rectangle(563) : 0.0469522445634178623, 8249, 1342, 0.000000, 2.6020054979143213923, 5364
Rectangle(564) : 0.047207063995823526186, 8140, 1324, 0.000000, 2.5966123793741176702, 5292
Rectangle(565) : 0.047464633084198724917, 8031, 1306, 0.000000, 2.5911867024842662203, 5220
Rectangle(566) : 0.047725022413358763047, 7922, 1289, 0.000000, 2.5857276571892313568, 5152
Rectangle(567) : 0.047988305379426578164, 7814, 1271, 0.000000, 2.5802344031612312369, 5080
Rectangle(568) : 0.048254524269004416817, 7706, 1253, 0.000000, 2.5747067739924830315, 5008
Rectangle(569) : 0.048523756915512654947, 7598, 1236, 0.000000, 2.5691438876881313046, 4940
Rectangle(570) : 0.048796084355324201579, 7490, 1218, 0.000000, 2.5635448281972295351, 4868
Rectangle(571) : 0.049071591007954005255, 7383, 1200, 0.000000, 2.5579086435800540807, 4796
Rectangle(572) : 0.049350327110294524567, 7276, 1183, 0.000000, 2.5522351106632807127, 4728
Rectangle(573) : 0.049632382513079472438, 7170, 1165, 0.000000, 2.5465232269025323829, 4656
Rectangle(574) : 0.04991781113607843093, 7063, 1148, 0.000000, 2.540772749145796678, 4588
Rectangle(575) : 0.050206749653584560999, 6958, 1131, 0.000000, 2.5349818025393298568, 4520
Rectangle(576) : 0.050499216138571529935, 6852, 1114, 0.000000, 2.5291509280337310379, 4452
Rectangle(577) : 0.050795356087204590507, 6747, 1096, 0.000000, 2.5232781540804250858, 4380
Rectangle(578) : 0.05109523427811616974, 6642, 1079, 0.000000, 2.5173631588455846334, 4312
Rectangle(579) : 0.051398962546536161404, 6537, 1062, 0.000000, 2.5114047276847552987, 4244
Rectangle(580) : 0.051706657930915043964, 6433, 1045, 0.000000, 2.505401592916174953, 4176
Rectangle(581) : 0.05201839453792828428, 6329, 1028, 0.000000, 2.4993533682937088403, 4108
Rectangle(582) : 0.052334298056382022445, 6226, 1011, 0.000000, 2.4932587076614294436, 4040
Rectangle(583) : 0.052654448828573064758, 6123, 994, 0.000000, 2.4871171874801637301, 3972
Rectangle(584) : 0.052978982094534221663, 6020, 977, 0.000000, 2.4809273757642365204, 3904
Rectangle(585) : 0.053308039798149543344, 5917, 961, 0.000000, 2.4746877739125442386, 3840
Rectangle(586) : 0.053641771042684365761, 5815, 944, 0.000000, 2.4683968123803426286, 3772
Rectangle(587) : 0.053980274363815981002, 5713, 927, 0.000000, 2.462053933676168933, 3704
Rectangle(588) : 0.054323711075469432592, 5612, 911, 0.000000, 2.4556574596064728014, 3640
Rectangle(589) : 0.054672188883667307289, 5511, 894, 0.000000, 2.4492067751016896475, 3572
Rectangle(590) : 0.055025882727815681386, 5410, 878, 0.000000, 2.4427000819217455851, 3508
Rectangle(591) : 0.055384977012828943047, 5310, 861, 0.000000, 2.4361354905091946595, 3440
Rectangle(592) : 0.055749597632510523962, 5210, 845, 0.000000, 2.4295122570518293748, 3376
Rectangle(593) : 0.056119945474555020963, 5111, 829, 0.000000, 2.4228283482839224539, 3312
Rectangle(594) : 0.056496159199517635413, 5012, 813, 0.000000, 2.4160829383729704622, 3248
Rectangle(595) : 0.056878458269424453143, 4913, 797, 0.000000, 2.4092738337675063803, 3184
Rectangle(596) : 0.057267074966710735736, 4815, 781, 0.000000, 2.402398720655797265, 3120
Rectangle(597) : 0.057662173351062926238, 4717, 765, 0.000000, 2.3954565928426256041, 3056
Rectangle(598) : 0.058064008541404801498, 4619, 749, 0.000000, 2.3884449416456741183, 2992
Rectangle(599) : 0.058472851351893148352, 4522, 733, 0.000000, 2.3813611135328361729, 2928
Rectangle(600) : 0.058888897595487318227, 4425, 717, 0.000000, 2.3742038758106250835, 2864
Rectangle(601) : 0.059312446493975595082, 4329, 701, 0.000000, 2.3669703353590296639, 2800
Rectangle(602) : 0.059743717072714109673, 4233, 686, 0.000000, 2.3596591055612176248, 2740
Rectangle(603) : 0.060183041217661243532, 4138, 670, 0.000000, 2.3522670208552230365, 2676
Rectangle(604) : 0.060630664953972317248, 4043, 655, 0.000000, 2.3447925155202613253, 2616
Rectangle(605) : 0.061086957933324348246, 3948, 639, 0.000000, 2.337232112563960874, 2552
Rectangle(606) : 0.06155231561127874563, 3854, 624, 0.000000, 2.3295821072276045439, 2492
Rectangle(607) : 0.062027038524415124598, 3760, 609, 0.000000, 2.3218405471283561829, 2432
Rectangle(608) : 0.062511570584821602307, 3667, 593, 0.000000, 2.3140033331199778795, 2368
Rectangle(609) : 0.063006253795380636362, 3574, 578, 0.000000, 2.3060682352773874006, 2308
Rectangle(610) : 0.063511589059867874023, 3482, 563, 0.000000, 2.2980306961728992266, 2248
Rectangle(611) : 0.064027967777895702635, 3390, 548, 0.000000, 2.2898881557539379482, 2188
Rectangle(612) : 0.064555958384312793475, 3299, 534, 0.000000, 2.2816355202681595542, 2132
Rectangle(613) : 0.065096011588395291066, 3208, 519, 0.000000, 2.2732698340872191594, 2072
Rectangle(614) : 0.065648776499270359383, 3118, 504, 0.000000, 2.2647853708966237018, 2012
Rectangle(615) : 0.066214775656068506817, 3028, 489, 0.000000, 2.2561786972250899179, 1952
Rectangle(616) : 0.066794755410766356856, 2939, 475, 0.000000, 2.2474433342768721064, 1896
Rectangle(617) : 0.067389326126750321506, 2850, 460, 0.000000, 2.238575266198744066, 1836
Rectangle(618) : 0.067999352535942863284, 2762, 446, 0.000000, 2.2295671105561091173, 1780
Rectangle(619) : 0.068625553517317269192, 2674, 432, 0.000000, 2.2204141346670011427, 1724
Rectangle(620) : 0.069268939506347561317, 2587, 418, 0.000000, 2.2111078594806811666, 1668
Rectangle(621) : 0.069930365041515973055, 2501, 404, 0.000000, 2.2016426602509848274, 1612
Rectangle(622) : 0.07061074995165231245, 2415, 390, 0.000000, 2.1920125420867743673, 1556
Rectangle(623) : 0.071311376263075407426, 2329, 376, 0.000000, 2.1822070682131365106, 1500
Rectangle(624) : 0.072033663540109815546, 2245, 362, 0.000000, 2.1722147520535030252, 1444
Rectangle(625) : 0.072778525345033424911, 2160, 348, 0.000000, 2.1620319320503166495, 1388
Rectangle(626) : 0.073547984572834497434, 2077, 335, 0.000000, 2.1516406882928253489, 1336
Rectangle(627) : 0.074343189526273508195, 1994, 321, 0.000000, 2.1410360808012004158, 1280
Rectangle(628) : 0.075166176527678322846, 1912, 308, 0.000000, 2.1302023768263345389, 1228
Rectangle(629) : 0.076018792833549836727, 1830, 295, 0.000000, 2.119127738165469503, 1176
Rectangle(630) : 0.076903562089377962138, 1750, 282, 0.000000, 2.1077930760217189009, 1124
Rectangle(631) : 0.07782230098996180151, 1670, 269, 0.000000, 2.0961900417261079146, 1072
Rectangle(632) : 0.07877810341015707571, 1590, 256, 0.000000, 2.084295908402372578, 1020
Rectangle(633) : 0.079774515931164857206, 1512, 243, 0.000000, 2.0720848350765182682, 968
Rectangle(634) : 0.080814254578702237013, 1434, 231, 0.000000, 2.0595437279989503977, 920
Rectangle(635) : 0.08190180250617709782, 1357, 218, 0.000000, 2.0466409327124330907, 868
Rectangle(636) : 0.08304155264082148477, 1281, 206, 0.000000, 2.0333495528015607887, 820
Rectangle(637) : 0.084238546827239565011, 1206, 194, 0.000000, 2.0196390837601183011, 772
Rectangle(638) : 0.085498612402496711198, 1131, 182, 0.000000, 2.0054746981630529737, 724
Rectangle(639) : 0.086829712931376510467, 1058, 170, 0.000000, 1.9908035092265494657, 676
Rectangle(640) : 0.088238789972233362514, 986, 158, 0.000000, 1.9755909142752441702, 628
Rectangle(641) : 0.089735332481640303863, 915, 147, 0.000000, 1.9597823904680235023, 584
Rectangle(642) : 0.091330723072315739385, 845, 136, 0.000000, 1.9433134612526101245, 540
Rectangle(643) : 0.093038786340070307579, 776, 124, 0.000000, 1.9261069818954002695, 492
Rectangle(644) : 0.094876553069316957411, 708, 114, 0.000000, 1.9080694062336796959, 452
Rectangle(645) : 0.096865351665692211219, 642, 103, 0.000000, 1.8890855302330440668, 408
Rectangle(646) : 0.099029036292223432507, 577, 93, 0.000000, 1.8690416727791888586, 368
Rectangle(647) : 0.10140172549981301458, 514, 82, 0.000000, 1.8477624421442178281, 324
Rectangle(648) : 0.10402383141838153176, 452, 73, 0.000000, 1.8250620594589126282, 288
Rectangle(649) : 0.10695538464727293138, 392, 63, 0.000000, 1.8006486248217734924, 248
Rectangle(650) : 0.11027336583304276172, 335, 54, 0.000000, 1.774182975285234854, 212
Rectangle(651) : 0.11407689710255092546, 280, 45, 0.000000, 1.7452785742852391646, 176
Rectangle(652) : 0.11852432058214106533, 227, 37, 0.000000, 1.7132961572284034153, 144
Rectangle(653) : 0.12386923757433667509, 178, 29, 0.000000, 1.677253094801215329, 112
Rectangle(654) : 0.13048301900580417694, 132, 22, 0.000000, 1.6359499737045618975, 84
Rectangle(655) : 0.13908870062477813071, 92, 15, 0.000000, 1.5870818454390320614, 56

Overall winding number: 0.000000 

cpu/wall(s): 1619.77 1620.9
