
Filling stored sums matrix with 54 X 54 terms guaranteeing 20 digits accuracy...

Processing the barrier for X= 60000155019...60000155020 (N = 69098), y0 = 0.2...1 , t = 0...0.2

Rectangle(1) : 0, 12880, 2770, 0.000000, 4.6295791526613631141, 11076
Rectangle(2) : 0.00032061949943023005544, 12758, 2744, 0.000000, 4.614940433284710646, 10972
Rectangle(3) : 0.0006431575487549447949, 12637, 2717, 0.000000, 4.6002924173972816219, 10864
Rectangle(4) : 0.00096762478127827166219, 12517, 2691, 0.000000, 4.5856355203733802906, 10760
Rectangle(5) : 0.0012940317094857798743, 12397, 2666, 0.000000, 4.5709701672512488026, 10660
Rectangle(6) : 0.0016224152028512109304, 12277, 2640, 0.000000, 4.5562956124780297, 10556
Rectangle(7) : 0.0019528131512488674996, 12158, 2614, 0.000000, 4.5416110947562938455, 10452
Rectangle(8) : 0.0022852371597006107012, 12039, 2589, 0.000000, 4.5269170418175539788, 10352
Rectangle(9) : 0.0026197264895301276028, 11921, 2563, 0.000000, 4.5122126737156098699, 10248
Rectangle(10) : 0.0029562932770240970576, 11803, 2538, 0.000000, 4.4974984245255042342, 10148
Rectangle(11) : 0.0032949782236076354999, 11686, 2512, 0.000000, 4.4827734949074217703, 10044
Rectangle(12) : 0.003635794028408886721, 11569, 2487, 0.000000, 4.468038325386630336, 9944
Rectangle(13) : 0.0039787829060462478011, 11452, 2462, 0.000000, 4.4532920964433414579, 9844
Rectangle(14) : 0.0043239882934408811803, 11336, 2437, 0.000000, 4.4385339702129262533, 9744
Rectangle(15) : 0.0046714242470588175117, 11221, 2412, 0.000000, 4.4237643890564660553, 9644
Rectangle(16) : 0.0050211047023708633236, 11105, 2387, 0.000000, 4.408983806720157697, 9544
Rectangle(17) : 0.0053731068461547586588, 10991, 2363, 0.000000, 4.394190032321037396, 9448
Rectangle(18) : 0.0057274140094994076804, 10877, 2338, 0.000000, 4.3793848524889713264, 9348
Rectangle(19) : 0.0060840734608636598939, 10763, 2313, 0.000000, 4.3645673815044667182, 9248
Rectangle(20) : 0.0064431338883935741109, 10649, 2289, 0.000000, 4.349736712950571079, 9152
Rectangle(21) : 0.0068046454587711279732, 10536, 2265, 0.000000, 4.3348919188494100758, 9056
Rectangle(22) : 0.0071686253295806771451, 10424, 2240, 0.000000, 4.3200334549891288049, 8956
Rectangle(23) : 0.0075350905497446380819, 10312, 2216, 0.000000, 4.3051617898216623318, 8860
Rectangle(24) : 0.0079040938264922779512, 10200, 2192, 0.000000, 4.2902759656198110106, 8764
Rectangle(25) : 0.0082756895093961809914, 10089, 2168, 0.000000, 4.2753750011789116258, 8668
Rectangle(26) : 0.0086498965667040322775, 9979, 2144, 0.000000, 4.2604593649000756862, 8572
Rectangle(27) : 0.0090267338615131389702, 9869, 2121, 0.000000, 4.2455295386920883992, 8480
Rectangle(28) : 0.0094062585893165727932, 9759, 2097, 0.000000, 4.2305845086894495099, 8384
Rectangle(29) : 0.0097885297757792687159, 9650, 2074, 0.000000, 4.215007805813597432, 8292
Rectangle(30) : 0.010173504677936118191, 9541, 2050, 0.000000, 4.1982387825648442214, 8196
Rectangle(31) : 0.010561120104260910584, 9432, 2027, 0.000000, 4.1814734530114327098, 8104
Rectangle(32) : 0.010951437476293505231, 9325, 2004, 0.000000, 4.164710611339387204, 8012
Rectangle(33) : 0.011344435933273600373, 9217, 1980, 0.000000, 4.1479526075106240624, 7916
Rectangle(34) : 0.011740221178745079603, 9111, 1957, 0.000000, 4.1311964114021889107, 7824
Rectangle(35) : 0.012138771986713709711, 9004, 1935, 0.000000, 4.1144444216005460327, 7736
Rectangle(36) : 0.012540198510658683726, 8899, 1912, 0.000000, 4.0976935323640538815, 7644
Rectangle(37) : 0.012944479163806683937, 8793, 1889, 0.000000, 4.0809461925901332627, 7552
Rectangle(38) : 0.013351728816097157412, 8689, 1867, 0.000000, 4.0641992174345833147, 7464
Rectangle(39) : 0.013761925526585658196, 8584, 1844, 0.000000, 4.0474551078718644905, 7372
Rectangle(40) : 0.014175189169161597676, 8481, 1822, 0.000000, 4.0307105962423514738, 7284
Rectangle(41) : 0.014591497457835380422, 8377, 1800, 0.000000, 4.0139682374478265404, 7196
Rectangle(42) : 0.015010975580963926028, 8275, 1777, 0.000000, 3.9972246770515417588, 7104
Rectangle(43) : 0.015433600919580426543, 8172, 1755, 0.000000, 3.9804825258218744988, 7016
Rectangle(44) : 0.015859504312363328464, 8071, 1733, 0.000000, 3.9637383383124382356, 6928
Rectangle(45) : 0.016288662822871622137, 7970, 1712, 0.000000, 3.94699478319153939, 6844
Rectangle(46) : 0.016721159031553120178, 7869, 1690, 0.000000, 3.9302504125623896801, 6756
Rectangle(47) : 0.017157078514659282293, 7769, 1668, 0.000000, 3.9135037425705781281, 6668
Rectangle(48) : 0.01759645343325505757, 7669, 1647, 0.000000, 3.8967553991424493332, 6584
Rectangle(49) : 0.018039373683501823685, 7570, 1626, 0.000000, 3.8800038505658406127, 6500
Rectangle(50) : 0.018485873531661115708, 7471, 1604, 0.000000, 3.8632497298611131823, 6412
Rectangle(51) : 0.018936047501659926199, 7373, 1583, 0.000000, 3.8464914546481039986, 6328
Rectangle(52) : 0.01938993214219269495, 7275, 1562, 0.000000, 3.8297296647830023536, 6244
Rectangle(53) : 0.019847626941475581871, 7178, 1541, 0.000000, 3.8129627241766841528, 6160
Rectangle(54) : 0.02030917092645422274, 7082, 1521, 0.000000, 3.7961912792018948019, 6080
Rectangle(55) : 0.020774603188414388625, 6986, 1500, 0.000000, 3.7794159961361884948, 5996
Rectangle(56) : 0.021244030041568724224, 6890, 1479, 0.000000, 3.7626351698596506692, 5912
Rectangle(57) : 0.021717561996555611114, 6795, 1459, 0.000000, 3.7458470474428621683, 5832
Rectangle(58) : 0.022195243681241830712, 6700, 1439, 0.000000, 3.7290522871100239572, 5752
Rectangle(59) : 0.022677191783795565631, 6606, 1418, 0.000000, 3.7122490714961915307, 5668
Rectangle(60) : 0.023163454131887632166, 6513, 1398, 0.000000, 3.6954380639254288102, 5588
Rectangle(61) : 0.02365407873866260972, 6420, 1378, 0.000000, 3.6786199499827166959, 5508
Rectangle(62) : 0.024149190880404465903, 6327, 1358, 0.000000, 3.6617928287805015128, 5428
Rectangle(63) : 0.024648921057230845153, 6235, 1338, 0.000000, 3.6449547418826052549, 5348
Rectangle(64) : 0.025153324383916106621, 6143, 1319, 0.000000, 3.6281063607608921912, 5272
Rectangle(65) : 0.025662539158580096885, 6052, 1299, 0.000000, 3.6112456486607580529, 5192
Rectangle(66) : 0.026176624692066672902, 5962, 1280, 0.000000, 3.5943732797353060472, 5116
Rectangle(67) : 0.026695640673236633661, 5872, 1260, 0.000000, 3.5774899530310887842, 5036
Rectangle(68) : 0.027219736373684707364, 5783, 1241, 0.000000, 3.5605935292484519832, 4960
Rectangle(69) : 0.027748976133195074299, 5694, 1222, 0.000000, 3.5436847100584486148, 4884
Rectangle(70) : 0.028283518583152652208, 5605, 1203, 0.000000, 3.5267612657489460872, 4808
Rectangle(71) : 0.028823529513705541786, 5517, 1184, 0.000000, 3.5098208914197581256, 4732
Rectangle(72) : 0.029369083418258697147, 5430, 1165, 0.000000, 3.4928642620196019051, 4656
Rectangle(73) : 0.029920255473879249984, 5343, 1147, 0.000000, 3.4758920802705559933, 4584
Rectangle(74) : 0.030477225730340143863, 5257, 1128, 0.000000, 3.4589019133502134084, 4508
Rectangle(75) : 0.031040075628257247422, 5171, 1110, 0.000000, 3.4418944620468776264, 4436
Rectangle(76) : 0.031608997396202882236, 5085, 1091, 0.000000, 3.4248671805673264169, 4360
Rectangle(77) : 0.032184192515291835317, 5001, 1073, 0.000000, 3.4078174295841939426, 4288
Rectangle(78) : 0.032765639711769378597, 4916, 1055, 0.000000, 3.3907492652517601204, 4216
Rectangle(79) : 0.033353668447581372112, 4833, 1037, 0.000000, 3.3736565302568546775, 4144
Rectangle(80) : 0.033948259080781631719, 4749, 1019, 0.000000, 3.3565433973185288433, 4072
Rectangle(81) : 0.034549763270572856996, 4667, 1001, 0.000000, 3.3394034425913014778, 4000
Rectangle(82) : 0.035158163408261158148, 4584, 984, 0.000000, 3.3222409604063288322, 3932
Rectangle(83) : 0.035773835520042643496, 4503, 966, 0.000000, 3.3050492396514520955, 3860
Rectangle(84) : 0.036396764509527753888, 4422, 949, 0.000000, 3.2878327015236564029, 3792
Rectangle(85) : 0.037027210620229621007, 4341, 931, 0.000000, 3.2705882048757916461, 3720
Rectangle(86) : 0.037665447939943003096, 4261, 914, 0.000000, 3.2533124779258522666, 3652
Rectangle(87) : 0.038311613740911285721, 4181, 897, 0.000000, 3.2360061495862101861, 3584
Rectangle(88) : 0.038966004113928795931, 4102, 880, 0.000000, 3.2186657607537139523, 3516
Rectangle(89) : 0.039628770023425069444, 4024, 863, 0.000000, 3.2012919126079570963, 3448
Rectangle(90) : 0.040300065230335595562, 3946, 846, 0.000000, 3.1838852434112661283, 3380
Rectangle(91) : 0.040980218611838704059, 3868, 830, 0.000000, 3.1664420353829318066, 3316
Rectangle(92) : 0.041669577979828086635, 3792, 813, 0.000000, 3.1489583998250730681, 3248
Rectangle(93) : 0.042368142958684909702, 3715, 797, 0.000000, 3.1314394562185184213, 3184
Rectangle(94) : 0.043076471210695278052, 3639, 781, 0.000000, 3.1138764942676444321, 3120
Rectangle(95) : 0.043794766482546787926, 3564, 764, 0.000000, 3.096269986515358542, 3052
Rectangle(96) : 0.044523237298067371131, 3489, 748, 0.000000, 3.0786204440600275467, 2988
Rectangle(97) : 0.04526230879249558195, 3415, 732, 0.000000, 3.0609233778886719692, 2924
Rectangle(98) : 0.046012213149124768471, 3342, 717, 0.000000, 3.0431792355383959536, 2864
Rectangle(99) : 0.046773188384175156249, 3268, 701, 0.000000, 3.0253885053010825276, 2800
Rectangle(100) : 0.047545951084695683338, 3196, 685, 0.000000, 3.0075408693944037379, 2736
Rectangle(101) : 0.048330538340451128813, 3124, 670, 0.000000, 2.9896421327768519875, 2676
Rectangle(102) : 0.049127478843900825352, 3052, 655, 0.000000, 2.9716870382864925005, 2616
Rectangle(103) : 0.049937336982264682658, 2982, 639, 0.000000, 2.9536700362306810624, 2552
Rectangle(104) : 0.050760163956185098843, 2911, 624, 0.000000, 2.935597308817094346, 2492
Rectangle(105) : 0.051596851454919930291, 2841, 609, 0.000000, 2.9174568811764462741, 2432
Rectangle(106) : 0.052447769047731069423, 2772, 594, 0.000000, 2.8992487708330290231, 2372
Rectangle(107) : 0.053313298907338944251, 2704, 580, 0.000000, 2.8809730284745581507, 2316
Rectangle(108) : 0.054193836269940482029, 2635, 565, 0.000000, 2.8626297407574792248, 2256
Rectangle(109) : 0.055090469947647305264, 2568, 551, 0.000000, 2.8442051554527732338, 2200
Rectangle(110) : 0.056003322422512092349, 2501, 536, 0.000000, 2.8257060619713789882, 2140
Rectangle(111) : 0.05693323288311640222, 2435, 522, 0.000000, 2.8071250233658872553, 2084
Rectangle(112) : 0.057880717492301571524, 2369, 508, 0.000000, 2.7884617191557947421, 2028
Rectangle(113) : 0.058846720750704186443, 2304, 494, 0.000000, 2.7697079991741553258, 1972
Rectangle(114) : 0.059831837069790191359, 2239, 480, 0.000000, 2.7508632649847185657, 1916
Rectangle(115) : 0.060837135535616327386, 2175, 466, 0.000000, 2.7319185383154159884, 1860
Rectangle(116) : 0.061863304978519966921, 2112, 453, 0.000000, 2.7128728742366482536, 1808
Rectangle(117) : 0.062911066756094137496, 2049, 439, 0.000000, 2.6937253251554216248, 1752
Rectangle(118) : 0.063981698930401322281, 1987, 426, 0.000000, 2.6744656217307103614, 1700
Rectangle(119) : 0.06507604499065834813, 1925, 413, 0.000000, 2.6550923651899562747, 1648
Rectangle(120) : 0.066195573492055728012, 1864, 400, 0.000000, 2.6355940901515842495, 1596
Rectangle(121) : 0.067341278476042629434, 1803, 387, 0.000000, 2.6159688267903594844, 1544
Rectangle(122) : 0.06851486074270394917, 1744, 374, 0.000000, 2.5962036809514832414, 1492
Rectangle(123) : 0.069716812394625671212, 1684, 361, 0.000000, 2.5763072702114617736, 1440
Rectangle(124) : 0.070949773956508962052, 1626, 349, 0.000000, 2.5562538446474820036, 1392
Rectangle(125) : 0.072214382717054768942, 1568, 336, 0.000000, 2.5360521010647363667, 1340
Rectangle(126) : 0.073512885332529728359, 1511, 324, 0.000000, 2.5156861224165886183, 1292
Rectangle(127) : 0.07484689335530708681, 1454, 312, 0.000000, 2.495151920139229762, 1244
Rectangle(128) : 0.076219074868470243455, 1398, 300, 0.000000, 2.4744311891537909049, 1196
Rectangle(129) : 0.077631400468723312772, 1343, 288, 0.000000, 2.4535185488635874369, 1148
Rectangle(130) : 0.079085993580311985472, 1288, 277, 0.000000, 2.4324082795397121344, 1104
Rectangle(131) : 0.080586310567532258868, 1234, 265, 0.000000, 2.4110779130942813882, 1056
Rectangle(132) : 0.082134996072470898567, 1181, 254, 0.000000, 2.3895197171696628174, 1012
Rectangle(133) : 0.08373492809378306014, 1129, 242, 0.000000, 2.3677253772063722199, 964
Rectangle(134) : 0.085389246408403407544, 1077, 231, 0.000000, 2.3456859303254308234, 920
Rectangle(135) : 0.08710297522021903505, 1026, 220, 0.000000, 2.3233712278112953001, 876
Rectangle(136) : 0.088880140159606262438, 975, 210, 0.000000, 2.3007689733531650173, 836
Rectangle(137) : 0.090727082696378739379, 926, 199, 0.000000, 2.27784252461249576, 792
Rectangle(138) : 0.092646999029653572813, 877, 189, 0.000000, 2.2545996697735694645, 752
Rectangle(139) : 0.094647682803625715874, 829, 178, 0.000000, 2.2309975667765797306, 708
Rectangle(140) : 0.096735737769580576828, 781, 168, 0.000000, 2.2070153730259822524, 668
Rectangle(141) : 0.098921416864364164859, 735, 158, 0.000000, 2.1825990238808602191, 628
Rectangle(142) : 0.10121066723699118557, 689, 149, 0.000000, 2.1577520192207441265, 592
Rectangle(143) : 0.10361669338970634395, 644, 139, 0.000000, 2.1324085013713697026, 552
Rectangle(144) : 0.10615148919928921616, 600, 130, 0.000000, 2.1065299145764885046, 516
Rectangle(145) : 0.108829039056916697, 557, 120, 0.000000, 2.0800718484536967434, 476
Rectangle(146) : 0.1116657928243380556, 515, 111, 0.000000, 2.0529827194597617769, 440
Rectangle(147) : 0.11468129325047351537, 474, 103, 0.000000, 2.0252020492707781922, 408
Rectangle(148) : 0.11789901909281692927, 434, 94, 0.000000, 1.9966581799931714563, 372
Rectangle(149) : 0.12134754024487492802, 394, 86, 0.000000, 1.9672651857108867735, 340
Rectangle(150) : 0.12507156355886195029, 356, 78, 0.000000, 1.9368432586790363019, 308
Rectangle(151) : 0.12910764012818508597, 319, 70, 0.000000, 1.9053329067827750168, 276
Rectangle(152) : 0.13351307243784895749, 283, 62, 0.000000, 1.872570158977442553, 244
Rectangle(153) : 0.1383631436709847969, 249, 55, 0.000000, 1.8383438710557397165, 216
Rectangle(154) : 0.14373801865514439416, 216, 48, 0.000000, 1.8025149389268645957, 188
Rectangle(155) : 0.14976818040943543395, 184, 41, 0.000000, 1.7647494252398197015, 160
Rectangle(156) : 0.15664181859008662798, 154, 35, 0.000000, 1.7245787625095028371, 136
Rectangle(157) : 0.16459362873625223082, 126, 29, 0.000000, 1.6815813244300620163, 112
Rectangle(158) : 0.17397125829522097698, 99, 23, 0.000000, 1.6351702007183157461, 88
Rectangle(159) : 0.18543762395904234816, 75, 18, 0.000000, 1.583994531236124361, 68
Rectangle(160) : 0.1998908843755240063, 54, 14, 0.000000, 1.52701678359787555, 52

Overall winding number: 0.000000 

cpu/wall(s): 56.76 56.781
