
Filling stored sums matrix with 55 X 55 terms guaranteeing 20 digits accuracy...

Processing the barrier for X= 100000078031...100000078032 (N = 89206), y0 = 0.2...1 , t = 0...0.19

Rectangle(1) : 0, 14907, 3139, 0.000000, 4.5944960494057763727, 12552
Rectangle(2) : 0.00027466935328407971911, 14781, 3112, 0.000000, 4.5802252721955848931, 12444
Rectangle(3) : 0.00055071463250710826204, 14655, 3086, 0.000000, 4.5659579337569265702, 12340
Rectangle(4) : 0.00082815973204698725011, 14530, 3059, 0.000000, 4.5516934711503617315, 12232
Rectangle(5) : 0.0011070099365308387113, 14405, 3033, 0.000000, 4.5374322914594152359, 12128
Rectangle(6) : 0.0013872898595755742362, 14280, 3006, 0.000000, 4.5231738216119841034, 12020
Rectangle(7) : 0.0016690247210329960922, 14156, 2980, 0.000000, 4.5089174793085904894, 11916
Rectangle(8) : 0.0019522203609954565676, 14033, 2954, 0.000000, 4.4946636769654870289, 11812
Rectangle(9) : 0.0022368824914711557786, 13910, 2928, 0.000000, 4.4804128342851506767, 11708
Rectangle(10) : 0.002523037260291080342, 13787, 2902, 0.000000, 4.4661643568486084862, 11604
Rectangle(11) : 0.0028107114720012862234, 13665, 2877, 0.000000, 4.4519176404127708006, 11504
Rectangle(12) : 0.0030999114456868164686, 13543, 2851, 0.000000, 4.4376731101877653339, 11400
Rectangle(13) : 0.003390664831951880733, 13422, 2825, 0.000000, 4.4234301503599271238, 11296
Rectangle(14) : 0.0036829782092697116915, 13301, 2800, 0.000000, 4.4091891927669316369, 11196
Rectangle(15) : 0.0039768801108385359631, 13181, 2774, 0.000000, 4.3949496096446266018, 11092
Rectangle(16) : 0.0042723773879529147357, 13061, 2749, 0.000000, 4.3807118396120086263, 10992
Rectangle(17) : 0.0045694994949594233205, 12942, 2724, 0.000000, 4.3664752425571911715, 10892
Rectangle(18) : 0.0048682535702613234265, 12823, 2699, 0.000000, 4.3522402640387041987, 10792
Rectangle(19) : 0.0051686700300631408014, 12704, 2674, 0.000000, 4.3380062511813214739, 10692
Rectangle(20) : 0.0054707800939155747965, 12586, 2649, 0.000000, 4.3237725394867848585, 10592
Rectangle(21) : 0.0057745916734076123667, 12469, 2624, 0.000000, 4.3095395801176982682, 10492
Rectangle(22) : 0.006080112531545209469, 12351, 2599, 0.000000, 4.2953078330239851921, 10392
Rectangle(23) : 0.0063874000251104256614, 12235, 2575, 0.000000, 4.2810754693846891654, 10296
Rectangle(24) : 0.0066964376605321411632, 12118, 2550, 0.000000, 4.2668441056407956787, 10196
Rectangle(25) : 0.0070072846737059978788, 12003, 2526, 0.000000, 4.2526118766185482573, 10100
Rectangle(26) : 0.0073199241702167492124, 11887, 2501, 0.000000, 4.2383804284092103804, 10000
Rectangle(27) : 0.0076344173500274003759, 11772, 2477, 0.000000, 4.224147858269694059, 9904
Rectangle(28) : 0.0079507737769956040846, 11658, 2453, 0.000000, 4.2099146373999967595, 9808
Rectangle(29) : 0.008269002858947911235, 11544, 2429, 0.000000, 4.195681246769575205, 9712
Rectangle(30) : 0.0085891415670880338273, 11430, 2405, 0.000000, 4.1814469479731556902, 9616
Rectangle(31) : 0.008911227914242290668, 11317, 2381, 0.000000, 4.1672109881979144841, 9520
Rectangle(32) : 0.0092352723596074859039, 11205, 2357, 0.000000, 4.1529738540086126609, 9424
Rectangle(33) : 0.009561285197983979671, 11092, 2334, 0.000000, 4.1387360423610643243, 9332
Rectangle(34) : 0.009889335688640404511, 10981, 2310, 0.000000, 4.1244955012700690696, 9236
Rectangle(35) : 0.010219405400075617066, 10869, 2287, 0.000000, 4.1102540155911916958, 9144
Rectangle(36) : 0.010551566041863379666, 10758, 2263, 0.000000, 4.096009488811021653, 9048
Rectangle(37) : 0.010885829798027259723, 10648, 2240, 0.000000, 4.0817624206546971133, 8956
Rectangle(38) : 0.011222208688021126845, 10538, 2217, 0.000000, 4.0675133220920510412, 8864
Rectangle(39) : 0.011560746676452712633, 10429, 2194, 0.000000, 4.0532613674108134329, 8772
Rectangle(40) : 0.011901456367450009923, 10320, 2171, 0.000000, 4.0390070760850480017, 8680
Rectangle(41) : 0.012244383409706313024, 10211, 2148, 0.000000, 4.0247496023205248192, 8588
Rectangle(42) : 0.012589574830950121154, 10103, 2125, 0.000000, 4.0104880821445539324, 8496
Rectangle(43) : 0.012937044699518324058, 9995, 2102, 0.000000, 3.9962230402400249654, 8404
Rectangle(44) : 0.013286841902143639212, 9888, 2080, 0.000000, 3.9819535907186503112, 8316
Rectangle(45) : 0.013638981221593340902, 9781, 2057, 0.000000, 3.967680266948744959, 8224
Rectangle(46) : 0.013993513505301422382, 9675, 2035, 0.000000, 3.9534021601856763604, 8136
Rectangle(47) : 0.014350454297051879887, 9569, 2012, 0.000000, 3.9391198126630297059, 8044
Rectangle(48) : 0.01470985651386273052, 9463, 1990, 0.000000, 3.924832291782452572, 7956
Rectangle(49) : 0.015071774752453288754, 9359, 1968, 0.000000, 3.9105386434575487103, 7868
Rectangle(50) : 0.015436187472130342789, 9254, 1946, 0.000000, 3.896240937108200499, 7780
Rectangle(51) : 0.015803189950745882069, 9150, 1924, 0.000000, 3.8819366711421640485, 7692
Rectangle(52) : 0.016172800515898031145, 9046, 1902, 0.000000, 3.8676264010811869454, 7604
Rectangle(53) : 0.016545078473125666227, 8943, 1880, 0.000000, 3.8533091196221027275, 7516
Rectangle(54) : 0.016920043151602922486, 8840, 1859, 0.000000, 3.8389853913784451583, 7432
Rectangle(55) : 0.017297756431170619902, 8738, 1837, 0.000000, 3.8246541803936680556, 7344
Rectangle(56) : 0.017678238713202396974, 8636, 1816, 0.000000, 3.8103160605248114557, 7260
Rectangle(57) : 0.018061554607195543275, 8535, 1794, 0.000000, 3.7959699657874439612, 7172
Rectangle(58) : 0.018447725663526819662, 8434, 1773, 0.000000, 3.7816164794289890768, 7088
Rectangle(59) : 0.018836819388856318011, 8334, 1752, 0.000000, 3.7672545039700176966, 7004
Rectangle(60) : 0.019228858566198532758, 8234, 1731, 0.000000, 3.752884632188926882, 6920
Rectangle(61) : 0.019623913780212247463, 8134, 1710, 0.000000, 3.7385057335434825189, 6836
Rectangle(62) : 0.020022058079885653231, 8035, 1689, 0.000000, 3.7241166479609385209, 6752
Rectangle(63) : 0.020423317152438352487, 7937, 1668, 0.000000, 3.7097179702079420037, 6668
Rectangle(64) : 0.020827716543922281176, 7839, 1647, 0.000000, 3.6953103125167115055, 6584
Rectangle(65) : 0.021235333626779369007, 7741, 1627, 0.000000, 3.680892472616385598, 6504
Rectangle(66) : 0.021646248556713019129, 7644, 1606, 0.000000, 3.6664632156513458911, 6420
Rectangle(67) : 0.022060490212345063332, 7547, 1586, 0.000000, 3.6520231549324263403, 6340
Rectangle(68) : 0.022478142677554077025, 7451, 1566, 0.000000, 3.6375710149352817501, 6260
Rectangle(69) : 0.022899236626679735561, 7355, 1546, 0.000000, 3.6231074183083250916, 6180
Rectangle(70) : 0.02332386034092967779, 7259, 1525, 0.000000, 3.6086310466082194057, 6096
Rectangle(71) : 0.023752105422429639135, 7165, 1505, 0.000000, 3.5941405434092492396, 6016
Rectangle(72) : 0.024183946391502807208, 7070, 1486, 0.000000, 3.5796385460962782376, 5940
Rectangle(73) : 0.024619538830837500028, 6976, 1466, 0.000000, 3.5651216379184180482, 5860
Rectangle(74) : 0.025058919799575805367, 6883, 1446, 0.000000, 3.5505904481229682147, 5780
Rectangle(75) : 0.025502126315357146093, 6790, 1426, 0.000000, 3.5360456272842885062, 5700
Rectangle(76) : 0.025949261164736275475, 6697, 1407, 0.000000, 3.5214857122289329074, 5624
Rectangle(77) : 0.026400431197919631143, 6605, 1388, 0.000000, 3.5069091950017892592, 5548
Rectangle(78) : 0.026855678615785155633, 6513, 1368, 0.000000, 3.4923167213005614886, 5468
Rectangle(79) : 0.027315116159359631526, 6422, 1349, 0.000000, 3.4777067259392973039, 5392
Rectangle(80) : 0.027778788960035324037, 6331, 1330, 0.000000, 3.4630798624643675176, 5316
Rectangle(81) : 0.028246816106215132522, 6241, 1311, 0.000000, 3.4484345048223294883, 5240
Rectangle(82) : 0.028719245925927090459, 6151, 1292, 0.000000, 3.433771314069447536, 5164
Rectangle(83) : 0.02919620435773808827, 6062, 1273, 0.000000, 3.4190885993233346949, 5088
Rectangle(84) : 0.02967774322268750013, 5973, 1255, 0.000000, 3.4043870287248118493, 5016
Rectangle(85) : 0.0301639958643625063, 5885, 1236, 0.000000, 3.3896648422387104121, 4940
Rectangle(86) : 0.030655017927614623617, 5797, 1217, 0.000000, 3.3749227145635247415, 4864
Rectangle(87) : 0.031150950774701655658, 5709, 1199, 0.000000, 3.3601588117821397601, 4792
Rectangle(88) : 0.031651941983631790491, 5622, 1181, 0.000000, 3.345371235827508136, 4720
Rectangle(89) : 0.032158055686198049497, 5536, 1162, 0.000000, 3.3305606440918946266, 4644
Rectangle(90) : 0.03266935638057881081, 5450, 1144, 0.000000, 3.3157277222038189096, 4572
Rectangle(91) : 0.033186003669056575747, 5364, 1126, 0.000000, 3.3008704713451410917, 4500
Rectangle(92) : 0.03370816445789795179, 5279, 1108, 0.000000, 3.2859868193730163196, 4428
Rectangle(93) : 0.034235913429175280132, 5194, 1091, 0.000000, 3.2710774284094472496, 4360
Rectangle(94) : 0.034769428528984569168, 5110, 1073, 0.000000, 3.2561401287321005097, 4288
Rectangle(95) : 0.035308790589401809972, 5027, 1055, 0.000000, 3.2411755826869680139, 4216
Rectangle(96) : 0.035854081136982269095, 4944, 1038, 0.000000, 3.2261844843294654583, 4148
Rectangle(97) : 0.036405493856304571979, 4861, 1020, 0.000000, 3.2111645372699238105, 4076
Rectangle(98) : 0.036963231880840659988, 4779, 1003, 0.000000, 3.1961133542630360766, 4008
Rectangle(99) : 0.037527390356308966344, 4697, 986, 0.000000, 3.1810315927504589297, 3940
Rectangle(100) : 0.038098186948335889685, 4616, 969, 0.000000, 3.165916742409075076, 3872
Rectangle(101) : 0.038675725237419311495, 4535, 952, 0.000000, 3.1507694546278868608, 3804
Rectangle(102) : 0.03926023889885875733, 4455, 935, 0.000000, 3.1355870854533222546, 3736
Rectangle(103) : 0.039851840938242219115, 4375, 918, 0.000000, 3.1203702772748476689, 3668
Rectangle(104) : 0.04045078271590504144, 4296, 902, 0.000000, 3.1051162406856947087, 3604
Rectangle(105) : 0.041057187799863536484, 4217, 885, 0.000000, 3.0898256055671491851, 3536
Rectangle(106) : 0.041671327141947280658, 4139, 869, 0.000000, 3.0744954237683079288, 3472
Rectangle(107) : 0.042293336183688838505, 4061, 852, 0.000000, 3.0591263084803690267, 3404
Rectangle(108) : 0.042923507646008555084, 3983, 836, 0.000000, 3.0437151378128351588, 3340
Rectangle(109) : 0.04356215066328518957, 3907, 820, 0.000000, 3.0282586439027983159, 3276
Rectangle(110) : 0.044209260631010502679, 3830, 804, 0.000000, 3.0127612970595078317, 3212
Rectangle(111) : 0.044865334076717945977, 3754, 788, 0.000000, 2.9972157010028134741, 3148
Rectangle(112) : 0.045530548701385717281, 3679, 772, 0.000000, 2.981622343700624725, 3084
Rectangle(113) : 0.0462050858972815109, 3604, 756, 0.000000, 2.9659817535000723686, 3020
Rectangle(114) : 0.046889320568063994909, 3530, 741, 0.000000, 2.9502901726292047838, 2960
Rectangle(115) : 0.047583453761443373035, 3456, 725, 0.000000, 2.9345480858892077373, 2896
Rectangle(116) : 0.04828789475851779657, 3383, 710, 0.000000, 2.9187514777857512036, 2836
Rectangle(117) : 0.049002867113760407035, 3310, 694, 0.000000, 2.9029007791769647117, 2772
Rectangle(118) : 0.049728819010792722658, 3238, 679, 0.000000, 2.8869916876164015055, 2712
Rectangle(119) : 0.05046599989022953597, 3166, 664, 0.000000, 2.8710245674371290272, 2652
Rectangle(120) : 0.051214902154107340464, 3095, 649, 0.000000, 2.8549947953591632919, 2592
Rectangle(121) : 0.051975805157454404533, 3024, 634, 0.000000, 2.8389026539025525415, 2532
Rectangle(122) : 0.052749251802263449685, 2954, 620, 0.000000, 2.8227431594585828927, 2476
Rectangle(123) : 0.053535556189351663258, 2884, 605, 0.000000, 2.8065164940737864495, 2416
Rectangle(124) : 0.054335319190070729294, 2815, 590, 0.000000, 2.7902172674921245789, 2356
Rectangle(125) : 0.055148895484028855255, 2747, 576, 0.000000, 2.7738455383938531921, 2300
Rectangle(126) : 0.055976651413549733738, 2678, 562, 0.000000, 2.7574014048894771704, 2244
Rectangle(127) : 0.05681959443255252581, 2611, 548, 0.000000, 2.7408727536517039696, 2188
Rectangle(128) : 0.057677837540040731084, 2544, 534, 0.000000, 2.7242655988019518042, 2132
Rectangle(129) : 0.058552155778563510881, 2478, 520, 0.000000, 2.7075734070537425121, 2076
Rectangle(130) : 0.059443024788673980014, 2412, 506, 0.000000, 2.6907959313035544064, 2020
Rectangle(131) : 0.060351314975781589636, 2346, 492, 0.000000, 2.6739260146105563474, 1964
Rectangle(132) : 0.061277967155922491744, 2281, 478, 0.000000, 2.6569559955696237237, 1908
Rectangle(133) : 0.062223585742318644188, 2217, 465, 0.000000, 2.6398850867292102712, 1856
Rectangle(134) : 0.063188802290234390815, 2154, 452, 0.000000, 2.6227125094230239252, 1804
Rectangle(135) : 0.06417427699284489403, 2090, 438, 0.000000, 2.6054374958734217424, 1748
Rectangle(136) : 0.065181663354506818308, 2028, 425, 0.000000, 2.5880427878546650794, 1696
Rectangle(137) : 0.066211270251871051582, 1966, 412, 0.000000, 2.5705353837554220215, 1644
Rectangle(138) : 0.067264441861105752509, 1905, 399, 0.000000, 2.5529052324535284279, 1592
Rectangle(139) : 0.068342082403076108639, 1844, 387, 0.000000, 2.5351507021622189747, 1544
Rectangle(140) : 0.069445743304465598321, 1784, 374, 0.000000, 2.5172605098223466867, 1492
Rectangle(141) : 0.070576494711316689513, 1724, 362, 0.000000, 2.499232414491433298, 1444
Rectangle(142) : 0.071736142283527497691, 1665, 349, 0.000000, 2.481053652931128616, 1392
Rectangle(143) : 0.07292596429729994731, 1606, 337, 0.000000, 2.4627212035259731293, 1344
Rectangle(144) : 0.074148082107714625473, 1549, 325, 0.000000, 2.4442205037935415142, 1296
Rectangle(145) : 0.075403227687955775579, 1492, 313, 0.000000, 2.4255594668357478764, 1248
Rectangle(146) : 0.076693817142939520804, 1435, 301, 0.000000, 2.4067221362857216595, 1200
Rectangle(147) : 0.078022543370316330323, 1379, 289, 0.000000, 2.387690926242198307, 1152
Rectangle(148) : 0.079391427290724015825, 1324, 278, 0.000000, 2.3684601890134180504, 1108
Rectangle(149) : 0.080802650998438077797, 1269, 266, 0.000000, 2.3490239146922027369, 1060
Rectangle(150) : 0.08225972264122153149, 1215, 255, 0.000000, 2.3293603704417230214, 1016
Rectangle(151) : 0.083765369036646817927, 1162, 244, 0.000000, 2.3094614845039150104, 972
Rectangle(152) : 0.08532256480644364668, 1109, 233, 0.000000, 2.2893185643120433373, 928
Rectangle(153) : 0.086936017073632143828, 1057, 222, 0.000000, 2.2689040368984218719, 884
Rectangle(154) : 0.088609530826610783253, 1006, 211, 0.000000, 2.2482060936825967495, 840
Rectangle(155) : 0.090347310243790302884, 956, 201, 0.000000, 2.2272118410725203937, 800
Rectangle(156) : 0.092154017190518880702, 906, 190, 0.000000, 2.2059071502615661684, 756
Rectangle(157) : 0.094036916914869395237, 857, 180, 0.000000, 2.1842529067135998562, 716
Rectangle(158) : 0.096002206187580713622, 809, 170, 0.000000, 2.1622293982302229169, 676
Rectangle(159) : 0.09805687787884180499, 761, 160, 0.000000, 2.1398146369215983197, 636
Rectangle(160) : 0.10021169343327228898, 715, 151, 0.000000, 2.1169543912325224651, 600
Rectangle(161) : 0.10247316810632476796, 669, 141, 0.000000, 2.0936492211903018777, 560
Rectangle(162) : 0.10485530446086931486, 624, 132, 0.000000, 2.0698323950615578268, 524
Rectangle(163) : 0.10737106150423719599, 580, 122, 0.000000, 2.0454626859535227843, 484
Rectangle(164) : 0.11003565234208809734, 536, 113, 0.000000, 2.0204923151089148163, 448
Rectangle(165) : 0.11287239173594801305, 494, 105, 0.000000, 1.9948184374750833747, 416
Rectangle(166) : 0.11589833998994615753, 453, 96, 0.000000, 1.9684191564004484331, 380
Rectangle(167) : 0.11913988338155862648, 412, 88, 0.000000, 1.9412149369105390214, 348
Rectangle(168) : 0.12263797788862304158, 373, 79, 0.000000, 1.9130425862625676451, 312
Rectangle(169) : 0.12642629581425995215, 335, 71, 0.000000, 1.8838449626171698311, 280
Rectangle(170) : 0.13055717629968433971, 298, 64, 0.000000, 1.8534718803210231209, 252
Rectangle(171) : 0.13509902824707032334, 262, 56, 0.000000, 1.8217308517032961723, 220
Rectangle(172) : 0.14014380249021267514, 228, 49, 0.000000, 1.7883686935469240688, 192
Rectangle(173) : 0.14579454237419041228, 195, 42, 0.000000, 1.7531917057798255157, 164
Rectangle(174) : 0.1522211665063946457, 164, 36, 0.000000, 1.7157731399513705538, 140
Rectangle(175) : 0.15963441735975666127, 134, 30, 0.000000, 1.6757250714160171095, 116
Rectangle(176) : 0.16840848505689111731, 107, 24, 0.000000, 1.6322028323487957208, 92
Rectangle(177) : 0.1789898199386555633, 81, 19, 0.000000, 1.5846629375952767479, 72

Overall winding number: 0.000000 

cpu/wall(s): 72.994 73.068
