
Filling stored sums matrix with 61 X 61 terms guaranteeing 20 digits accuracy...

Processing the barrier for X= 5000000194858...5000000194859 (N = 630783), y0 = 0.2...1 , t = 0...0.17

Rectangle(1) : 0, 44306, 8055, 0.000000, 4.6831497980927944858, 32216
Rectangle(2) : 9.441497309828904631e-05, 44127, 8022, 0.000000, 4.6771830331043869307, 32084
Rectangle(3) : 0.00018907772001297590313, 43948, 7990, 0.000000, 4.671213564037591427, 31956
Rectangle(4) : 0.00028399019757822554878, 43770, 7957, 0.000000, 4.6652413357600660775, 31824
Rectangle(5) : 0.00037915221118937624737, 43591, 7925, 0.000000, 4.6592664289793121778, 31696
Rectangle(6) : 0.00047456792610711872123, 43413, 7892, 0.000000, 4.6532886512826184823, 31564
Rectangle(7) : 0.00057023716461361720054, 43236, 7860, 0.000000, 4.6473080835645736681, 31436
Rectangle(8) : 0.00066615973107593040407, 43058, 7827, 0.000000, 4.6413248075692197063, 31304
Rectangle(9) : 0.00076233987895946469982, 42881, 7795, 0.000000, 4.6353386281585641054, 31176
Rectangle(10) : 0.00085877743004639280563, 42704, 7763, 0.000000, 4.6293496272661403572, 31048
Rectangle(11) : 0.00095547445204119751613, 42527, 7730, 0.000000, 4.6233577475385956543, 30916
Rectangle(12) : 0.0010524330371174689591, 42351, 7698, 0.000000, 4.6173629310688880111, 30788
Rectangle(13) : 0.0011496530066829783452, 42175, 7666, 0.000000, 4.6113652608518434233, 30660
Rectangle(14) : 0.0012471364746344150594, 41999, 7634, 0.000000, 4.6053646786503783922, 30532
Rectangle(15) : 0.0013448855800571722297, 41823, 7602, 0.000000, 4.5993611256611125273, 30404
Rectangle(16) : 0.0014429024876358039043, 41648, 7570, 0.000000, 4.5933545425052151542, 30276
Rectangle(17) : 0.0015411870281300704994, 41472, 7538, 0.000000, 4.5873450133544105014, 30148
Rectangle(18) : 0.0016397437655276980674, 41298, 7506, 0.000000, 4.5813323336677500869, 30020
Rectangle(19) : 0.0017385701574514655643, 41123, 7474, 0.000000, 4.5753167333007894095, 29892
Rectangle(20) : 0.0018376708245550521074, 40949, 7442, 0.000000, 4.5692980059860035227, 29764
Rectangle(21) : 0.0019370456079682246762, 40774, 7410, 0.000000, 4.5632762370954829766, 29636
Rectangle(22) : 0.0020366992165691832032, 40601, 7379, 0.000000, 4.5572512177572184561, 29512
Rectangle(23) : 0.0021366290512470782909, 40427, 7347, 0.000000, 4.551223181826402142, 29384
Rectangle(24) : 0.0022368398801937328075, 40254, 7315, 0.000000, 4.5451919186413258821, 29256
Rectangle(25) : 0.0023373315560182800793, 40081, 7284, 0.000000, 4.5391575147982789278, 29132
Rectangle(26) : 0.0024381064247789966016, 39908, 7252, 0.000000, 4.5331199074025856241, 29004
Rectangle(27) : 0.002539166861468446978, 39735, 7221, 0.000000, 4.5270790329220066998, 28880
Rectangle(28) : 0.0026405152705013400622, 39563, 7189, 0.000000, 4.5210348271761012028, 28752
Rectangle(29) : 0.0027421515171756595325, 39391, 7158, 0.000000, 4.514987378009529558, 28628
Rectangle(30) : 0.0028440780328266846285, 39220, 7127, 0.000000, 4.5089366208389654048, 28504
Rectangle(31) : 0.0029462946728276781371, 39048, 7095, 0.000000, 4.5028826446019303431, 28376
Rectangle(32) : 0.0030488065209275022086, 38877, 7064, 0.000000, 4.4968252293674627924, 28252
Rectangle(33) : 0.003151613456374359291, 38706, 7033, 0.000000, 4.4907644642501975144, 28128
Rectangle(34) : 0.0032547179999657972467, 38535, 7002, 0.000000, 4.4847002829083690989, 28004
Rectangle(35) : 0.0033581227043360676268, 38365, 6971, 0.000000, 4.4786326183082340517, 27880
Rectangle(36) : 0.0034618274513270290253, 38195, 6940, 0.000000, 4.4725615607759171362, 27756
Rectangle(37) : 0.0035658348229928469893, 38025, 6909, 0.000000, 4.4664870428415543295, 27632
Rectangle(38) : 0.003670147434244432902, 37855, 6878, 0.000000, 4.4604089963259237873, 27508
Rectangle(39) : 0.003774767933420920124, 37686, 6847, 0.000000, 4.4543273523282570469, 27384
Rectangle(40) : 0.0038796962185222377763, 37517, 6816, 0.000000, 4.448242202497056509, 27260
Rectangle(41) : 0.0039849349690219327548, 37348, 6785, 0.000000, 4.442153477471741878, 27136
Rectangle(42) : 0.0040904868989103268289, 37180, 6755, 0.000000, 4.4360611071517232017, 27016
Rectangle(43) : 0.0041963519098611531657, 37011, 6724, 0.000000, 4.4299651844498188083, 26892
Rectangle(44) : 0.0043025356169874080307, 36843, 6693, 0.000000, 4.4238654741853578922, 26768
Rectangle(45) : 0.0044090379505157677704, 36676, 6663, 0.000000, 4.4177620694314397226, 26648
Rectangle(46) : 0.0045158588161889993039, 36508, 6632, 0.000000, 4.4116550643940525352, 26524
Rectangle(47) : 0.0046230039642221441636, 36341, 6602, 0.000000, 4.4055442200695626778, 26404
Rectangle(48) : 0.0047304733299542253577, 36174, 6571, 0.000000, 4.3994296308245869772, 26280
Rectangle(49) : 0.0048382698034109784671, 36007, 6541, 0.000000, 4.3933112232555651018, 26160
Rectangle(50) : 0.0049463963127912535553, 35841, 6510, 0.000000, 4.3871889231520476205, 26036
Rectangle(51) : 0.0050548527990263487709, 35675, 6480, 0.000000, 4.3810628262037840071, 25916
Rectangle(52) : 0.0051636422265303090794, 35509, 6450, 0.000000, 4.3749328576725178819, 25796
Rectangle(53) : 0.0052727675991871712237, 35343, 6420, 0.000000, 4.3687989419914451812, 25676
Rectangle(54) : 0.0053822319610690557604, 35178, 6390, 0.000000, 4.3626610027503588644, 25556
Rectangle(55) : 0.005492035275718847075, 35013, 6359, 0.000000, 4.3565191370651196473, 25432
Rectangle(56) : 0.0056021806256478768539, 34848, 6329, 0.000000, 4.3503732679673906595, 25312
Rectangle(57) : 0.0057126711349444617557, 34684, 6299, 0.000000, 4.3442233176223463093, 25192
Rectangle(58) : 0.005823506774363858201, 34519, 6269, 0.000000, 4.3380693845272180829, 25072
Rectangle(59) : 0.0059346939288158185151, 34356, 6240, 0.000000, 4.3319112120984394614, 24956
Rectangle(60) : 0.0060462293582051082887, 34192, 6210, 0.000000, 4.3257490781102592355, 24836
Rectangle(61) : 0.0061581195394788056225, 34028, 6180, 0.000000, 4.3195827234519273059, 24716
Rectangle(62) : 0.0062703677680979406673, 33865, 6150, 0.000000, 4.3134120669924404194, 24596
Rectangle(63) : 0.0063829740597557714785, 33702, 6120, 0.000000, 4.3072372087747081581, 24476
Rectangle(64) : 0.0064959417533281027395, 33540, 6091, 0.000000, 4.3010580670420547838, 24360
Rectangle(65) : 0.006609270854909559352, 33377, 6061, 0.000000, 4.2948747432180369359, 24240
Rectangle(66) : 0.0067229681537446265221, 33215, 6032, 0.000000, 4.2886869697660175068, 24124
Rectangle(67) : 0.0068370336955108772373, 33053, 6002, 0.000000, 4.2824948482293338133, 24004
Rectangle(68) : 0.0069514709583381344851, 32892, 5973, 0.000000, 4.2762982942784097606, 23888
Rectangle(69) : 0.0070662799785946834867, 32731, 5943, 0.000000, 4.2700974108764713521, 23768
Rectangle(70) : 0.0071814642812703264965, 32570, 5914, 0.000000, 4.2638921130264130891, 23652
Rectangle(71) : 0.0072970274410193720319, 32409, 5885, 0.000000, 4.2576823147256474211, 23536
Rectangle(72) : 0.0074129730831164946652, 32248, 5855, 0.000000, 4.2514679289470842, 23416
Rectangle(73) : 0.0075293048844358659192, 32088, 5826, 0.000000, 4.2452488676196641779, 23300
Rectangle(74) : 0.0076460229369046911554, 31928, 5797, 0.000000, 4.239025235319175577, 23184
Rectangle(75) : 0.0077631309685796841263, 31769, 5768, 0.000000, 4.2327969432466968979, 23068
Rectangle(76) : 0.0078806290624210608426, 31609, 5739, 0.000000, 4.2265640974721458328, 22952
Rectangle(77) : 0.0079985247281324767631, 31450, 5710, 0.000000, 4.2203264113878371227, 22836
Rectangle(78) : 0.0081168180957441726971, 31291, 5681, 0.000000, 4.2140839911493597527, 22720
Rectangle(79) : 0.0082355130556735248991, 31133, 5652, 0.000000, 4.2078367450214772629, 22604
Rectangle(80) : 0.008354609729460871999, 30974, 5623, 0.000000, 4.2015847806969698224, 22488
Rectangle(81) : 0.0084741159211279789217, 30816, 5594, 0.000000, 4.1953278039262511225, 22372
Rectangle(82) : 0.0085940318026157207156, 30659, 5565, 0.000000, 4.1890659224688169338, 22256
Rectangle(83) : 0.0087143575119496460535, 30501, 5537, 0.000000, 4.1827992456296872656, 22144
Rectangle(84) : 0.0088351010693946376035, 30344, 5508, 0.000000, 4.176527473590558501, 22028
Rectangle(85) : 0.0089562626655451305675, 30187, 5480, 0.000000, 4.170250715717130485, 21916
Rectangle(86) : 0.0090778464836031399916, 30031, 5451, 0.000000, 4.1639688751484227232, 21800
Rectangle(87) : 0.0091998527063445879195, 29874, 5422, 0.000000, 4.157682062869170735, 21684
Rectangle(88) : 0.009322289677050525214, 29718, 5394, 0.000000, 4.1513899708275166051, 21572
Rectangle(89) : 0.009445157634881722354, 29562, 5366, 0.000000, 4.1450927100461608735, 21460
Rectangle(90) : 0.0095684609536709166193, 29407, 5337, 0.000000, 4.1387901802910086273, 21344
Rectangle(91) : 0.0096921998655045279577, 29252, 5309, 0.000000, 4.1324824942509451872, 21232
Rectangle(92) : 0.0098163788103373922127, 29097, 5281, 0.000000, 4.1261695507748897726, 21120
Rectangle(93) : 0.0099410022956030515512, 28942, 5253, 0.000000, 4.1198512474065887492, 21008
Rectangle(94) : 0.010066074897614197593, 28787, 5224, 0.000000, 4.113527480358082618, 20892
Rectangle(95) : 0.010191601262999895395, 28633, 5196, 0.000000, 4.1071981444825016121, 20780
Rectangle(96) : 0.010317581710193081635, 28479, 5168, 0.000000, 4.1008633541903217587, 20668
Rectangle(97) : 0.010444020958558204068, 28326, 5140, 0.000000, 4.0945230033277726572, 20556
Rectangle(98) : 0.010570919320604655125, 28172, 5112, 0.000000, 4.088177208061563789, 20444
Rectangle(99) : 0.010698286110611099957, 28019, 5084, 0.000000, 4.0818256360853332452, 20332
Rectangle(100) : 0.010826121709172266781, 27867, 5057, 0.000000, 4.0754684035375993522, 20224
Rectangle(101) : 0.010954426456850079224, 27714, 5029, 0.000000, 4.0691056283773712477, 20112
Rectangle(102) : 0.011083209946363587604, 27562, 5001, 0.000000, 4.0627369714745488066, 20000
Rectangle(103) : 0.011212472589548935141, 27410, 4973, 0.000000, 4.0563625507472375147, 19888
Rectangle(104) : 0.011342219490342340377, 27258, 4946, 0.000000, 4.0499822535490376829, 19780
Rectangle(105) : 0.011472455833931343153, 27107, 4918, 0.000000, 4.0435959656996337887, 19668
Rectangle(106) : 0.011603182065742300979, 26956, 4891, 0.000000, 4.0372038069383260642, 19560
Rectangle(107) : 0.011734403456413703489, 26805, 4863, 0.000000, 4.0308056619202942136, 19448
Rectangle(108) : 0.011866125361353837577, 26655, 4836, 0.000000, 4.0244014137127650772, 19340
Rectangle(109) : 0.011998348261887049547, 26504, 4808, 0.000000, 4.0179911839142061264, 19228
Rectangle(110) : 0.012131082610812276159, 26354, 4781, 0.000000, 4.0115746126383824645, 19120
Rectangle(111) : 0.012264328972375544827, 26205, 4754, 0.000000, 4.0051518213643150298, 19012
Rectangle(112) : 0.012398087866531786576, 26055, 4727, 0.000000, 3.9987229335931422164, 18904
Rectangle(113) : 0.012532370074691185625, 25906, 4699, 0.000000, 3.9922875816353252894, 18792
Rectangle(114) : 0.012667176203836376904, 25757, 4672, 0.000000, 3.9858458888533182771, 18684
Rectangle(115) : 0.012802512069381794394, 25609, 4645, 0.000000, 3.979397730720126399, 18576
Rectangle(116) : 0.01293837827777416139, 25461, 4618, 0.000000, 3.9729432326090081645, 18468
Rectangle(117) : 0.013074780745572323605, 25313, 4591, 0.000000, 3.9664822686362931017, 18360
Rectangle(118) : 0.013211725488140817782, 25165, 4564, 0.000000, 3.960014711111681008, 18252
Rectangle(119) : 0.013349218621902458196, 25017, 4537, 0.000000, 3.9535404304980433343, 18144
Rectangle(120) : 0.013487266366655947556, 24870, 4511, 0.000000, 3.9470592953701061281, 18040
Rectangle(121) : 0.013625869474632228462, 24723, 4484, 0.000000, 3.9405714328646827116, 17932
Rectangle(122) : 0.013765034277967773611, 24577, 4457, 0.000000, 3.9340767100526677333, 17824
Rectangle(123) : 0.013904761531499639491, 24431, 4431, 0.000000, 3.9275752561921275798, 17720
Rectangle(124) : 0.014045057682135803691, 24285, 4404, 0.000000, 3.921066936829831128, 17612
Rectangle(125) : 0.014185929287523072834, 24139, 4377, 0.000000, 3.9145516155212193237, 17504
Rectangle(126) : 0.014327383018643716577, 23993, 4351, 0.000000, 3.908029153784877657, 17400
Rectangle(127) : 0.014469425662489208081, 23848, 4325, 0.000000, 3.9014994110557054665, 17296
Rectangle(128) : 0.014612058143663969297, 23703, 4298, 0.000000, 3.8949625183363185992, 17188
Rectangle(129) : 0.014755287377024148118, 23559, 4272, 0.000000, 3.8884183333671133965, 17084
Rectangle(130) : 0.014899114293844349035, 23415, 4246, 0.000000, 3.8818669893881599804, 16980
Rectangle(131) : 0.015043545939771667419, 23271, 4219, 0.000000, 3.8753083424204830792, 16872
Rectangle(132) : 0.01518858948506067447, 23127, 4193, 0.000000, 3.868742246282180201, 16768
Rectangle(133) : 0.015334252227581631802, 22983, 4167, 0.000000, 3.8621685525366177652, 16664
Rectangle(134) : 0.015480541595920691879, 22840, 4141, 0.000000, 3.8555871104391001601, 16560
Rectangle(135) : 0.015627458719845346002, 22697, 4115, 0.000000, 3.8489980549306839961, 16456
Rectangle(136) : 0.015775011174131405128, 22555, 4089, 0.000000, 3.8424012333489988285, 16352
Rectangle(137) : 0.01592320010046033436, 22413, 4063, 0.000000, 3.8357967829941173928, 16248
Rectangle(138) : 0.016072033223335189016, 22271, 4037, 0.000000, 3.8291845492554131763, 16144
Rectangle(139) : 0.016221518408071187093, 22129, 4011, 0.000000, 3.8225643750756779611, 16040
Rectangle(140) : 0.016371663664299470249, 21988, 3986, 0.000000, 3.8159361008918801306, 15940
Rectangle(141) : 0.016522470290681673275, 21847, 3960, 0.000000, 3.8092998659167763262, 15836
Rectangle(142) : 0.016673946459762864117, 21706, 3934, 0.000000, 3.8026555084763913223, 15732
Rectangle(143) : 0.016826100495903856991, 21565, 3909, 0.000000, 3.7960028642830001346, 15632
Rectangle(144) : 0.016978940879130520572, 21425, 3883, 0.000000, 3.7893417663706821149, 15528
Rectangle(145) : 0.01713246908292845206, 21285, 3858, 0.000000, 3.7826723558290296788, 15428
Rectangle(146) : 0.017286693764903036494, 21145, 3832, 0.000000, 3.7759944634008957832, 15324
Rectangle(147) : 0.017441623746619796758, 21006, 3807, 0.000000, 3.769307917032334089, 15224
Rectangle(148) : 0.017597260608327515223, 20867, 3782, 0.000000, 3.7626128600152660536, 15124
Rectangle(149) : 0.017753613359562252658, 20728, 3756, 0.000000, 3.7559091178854709749, 15020
Rectangle(150) : 0.017910691182694511968, 20590, 3731, 0.000000, 3.7491965132559785231, 14920
Rectangle(151) : 0.018068495772944923747, 20452, 3706, 0.000000, 3.7424751916524393628, 14820
Rectangle(152) : 0.018227036511828770772, 20314, 3681, 0.000000, 3.7357449731502489538, 14720
Rectangle(153) : 0.018386322963199758709, 20176, 3656, 0.000000, 3.7290056747681681567, 14620
Rectangle(154) : 0.018546364878087158003, 20039, 3631, 0.000000, 3.722257110389568039, 14520
Rectangle(155) : 0.018707164174977699849, 19902, 3606, 0.000000, 3.7154994273553355707, 14420
Rectangle(156) : 0.018868730822920385788, 19765, 3581, 0.000000, 3.7087324367828523808, 14320
Rectangle(157) : 0.01903107498870752732, 19629, 3556, 0.000000, 3.7019559465062359293, 14220
Rectangle(158) : 0.019194198731460914448, 19493, 3532, 0.000000, 3.6951701061219766985, 14124
Rectangle(159) : 0.019358112449519806189, 19357, 3507, 0.000000, 3.6883747205451011058, 14024
Rectangle(160) : 0.019522826750317713979, 19221, 3482, 0.000000, 3.6815695912497388833, 13924
Rectangle(161) : 0.019688352456121248597, 19086, 3458, 0.000000, 3.6747545161774892792, 13828
Rectangle(162) : 0.019854691894252731845, 18951, 3433, 0.000000, 3.6679296466256407941, 13728
Rectangle(163) : 0.020021856141343948182, 18817, 3409, 0.000000, 3.66109477734341302, 13632
Rectangle(164) : 0.020189847573418317796, 18682, 3384, 0.000000, 3.654250062506789742, 13532
Rectangle(165) : 0.020358686566165710459, 18548, 3360, 0.000000, 3.6473949273303238404, 13436
Rectangle(166) : 0.020528375747065555393, 18415, 3335, 0.000000, 3.6405295246790795801, 13336
Rectangle(167) : 0.020698917670751630853, 18281, 3311, 0.000000, 3.6336540110459848794, 13240
Rectangle(168) : 0.020870333567641625102, 18148, 3287, 0.000000, 3.6267677946463384452, 13144
Rectangle(169) : 0.021042626260756367137, 18015, 3263, 0.000000, 3.6198710305426632433, 13048
Rectangle(170) : 0.021215808110911385913, 17883, 3239, 0.000000, 3.6129634948328322791, 12952
Rectangle(171) : 0.021389882007619591039, 17751, 3215, 0.000000, 3.6060453455858606927, 12856
Rectangle(172) : 0.021564860619843457903, 17619, 3191, 0.000000, 3.5991163551063404646, 12760
Rectangle(173) : 0.021740756888366435396, 17487, 3167, 0.000000, 3.592176291390054859, 12664
Rectangle(174) : 0.021917584033753869196, 17356, 3143, 0.000000, 3.5852249180017239199, 12568
Rectangle(175) : 0.022095345321954014617, 17225, 3119, 0.000000, 3.5782623943944344791, 12472
Rectangle(176) : 0.022274054314371688607, 17094, 3095, 0.000000, 3.571288479957024142, 12376
Rectangle(177) : 0.022453724870119730267, 16964, 3072, 0.000000, 3.5643029294075260964, 12284
Rectangle(178) : 0.022634360506137622633, 16834, 3048, 0.000000, 3.5573059043776057737, 12188
Rectangle(179) : 0.022815975446400044267, 16704, 3024, 0.000000, 3.5502971551444437317, 12092
Rectangle(180) : 0.022998584232028902249, 16575, 3001, 0.000000, 3.5432764270565210366, 12000
Rectangle(181) : 0.023182190652967455554, 16446, 2977, 0.000000, 3.536243883899766733, 11904
Rectangle(182) : 0.023366809641408399658, 16317, 2954, 0.000000, 3.5291992662943182418, 11812
Rectangle(183) : 0.023552456467803834986, 16188, 2930, 0.000000, 3.5221423096537885149, 11716
Rectangle(184) : 0.02373914675132581352, 16060, 2907, 0.000000, 3.5150727440294812915, 11624
Rectangle(185) : 0.023926884780219305506, 15932, 2884, 0.000000, 3.5079907341005380444, 11532
Rectangle(186) : 0.024115686608872364635, 15805, 2861, 0.000000, 3.500896004682202484, 11440
Rectangle(187) : 0.024305556650294838693, 15678, 2838, 0.000000, 3.4937887237560933221, 11348
Rectangle(188) : 0.024496511410070071077, 15551, 2815, 0.000000, 3.4866686107549122421, 11256
Rectangle(189) : 0.024688567780126974957, 15424, 2791, 0.000000, 3.4795353792797127422, 11160
Rectangle(190) : 0.024881743051086499902, 15298, 2769, 0.000000, 3.4723887369196956079, 11072
Rectangle(191) : 0.025076042223325988437, 15172, 2746, 0.000000, 3.4652288521970905134, 10980
Rectangle(192) : 0.02527148309151720189, 15046, 2723, 0.000000, 3.4580554267186984778, 10888
Rectangle(193) : 0.025468083877554600433, 14921, 2700, 0.000000, 3.450868155713066627, 10796
Rectangle(194) : 0.025665849989458163641, 14796, 2677, 0.000000, 3.4436672094964919951, 10704
Rectangle(195) : 0.025864800192857494, 14671, 2655, 0.000000, 3.4364522768883131895, 10616
Rectangle(196) : 0.026064953711832908981, 14547, 2632, 0.000000, 3.4292230399319600538, 10524
Rectangle(197) : 0.026266316401042502716, 14422, 2609, 0.000000, 3.4219796706244208963, 10432
Rectangle(198) : 0.026468922119432769038, 14299, 2587, 0.000000, 3.4147213419166780206, 10344
Rectangle(199) : 0.026672763041309591055, 14175, 2564, 0.000000, 3.4074487295152159269, 10252
Rectangle(200) : 0.02687787406279214597, 14052, 2542, 0.000000, 3.4001609883959410391, 10164
Rectangle(201) : 0.027084261835948703118, 13929, 2520, 0.000000, 3.3928582900281055628, 10076
Rectangle(202) : 0.02729194783566355024, 13807, 2498, 0.000000, 3.385540287227023388, 9988
Rectangle(203) : 0.027500938947941889009, 13685, 2475, 0.000000, 3.3782071549083387493, 9896
Rectangle(204) : 0.027711257337047357679, 13563, 2453, 0.000000, 3.3708585379301795447, 9808
Rectangle(205) : 0.027922925739165633838, 13441, 2431, 0.000000, 3.3634940729550346239, 9720
Rectangle(206) : 0.02813596748255935712, 13320, 2409, 0.000000, 3.3561133881710149796, 9632
Rectangle(207) : 0.028350390409599223109, 13199, 2387, 0.000000, 3.348716657159266365, 9544
Rectangle(208) : 0.028566218628188454594, 13079, 2365, 0.000000, 3.3413034991590455437, 9456
Rectangle(209) : 0.028783460275039058275, 12958, 2343, 0.000000, 3.3338740911951980099, 9368
Rectangle(210) : 0.029002157148877243026, 12839, 2322, 0.000000, 3.3264274698627999295, 9284
Rectangle(211) : 0.029222301044029731532, 12719, 2300, 0.000000, 3.3189643865279521262, 9196
Rectangle(212) : 0.029443935165149941622, 12600, 2278, 0.000000, 3.3114838546658480488, 9108
Rectangle(213) : 0.029667068804409135911, 12481, 2257, 0.000000, 3.3039860488928524737, 9024
Rectangle(214) : 0.029891729172079422945, 12362, 2235, 0.000000, 3.2964705496139983096, 8936
Rectangle(215) : 0.030117944230291200838, 12244, 2214, 0.000000, 3.2889369268138009935, 8852
Rectangle(216) : 0.03034572411650598367, 12126, 2192, 0.000000, 3.2813853550894573859, 8764
Rectangle(217) : 0.030575097805693634782, 12009, 2171, 0.000000, 3.2738153930523895731, 8680
Rectangle(218) : 0.03080607585491108749, 11891, 2150, 0.000000, 3.2662272185892061512, 8596
Rectangle(219) : 0.031038707863874943024, 11775, 2128, 0.000000, 3.2586197402429400983, 8508
Rectangle(220) : 0.031272985548821264901, 11658, 2107, 0.000000, 3.250993774361283173, 8424
Rectangle(221) : 0.031508960310732508954, 11542, 2086, 0.000000, 3.2433482010667614277, 8340
Rectangle(222) : 0.031746644265078962032, 11426, 2065, 0.000000, 3.2356831935143479018, 8256
Rectangle(223) : 0.031986070415395288647, 11310, 2044, 0.000000, 3.2279982613084028801, 8172
Rectangle(224) : 0.032227272737350054596, 11195, 2023, 0.000000, 3.2202929010233929333, 8088
Rectangle(225) : 0.032470264510554466649, 11080, 2002, 0.000000, 3.2125672842074844883, 8004
Rectangle(226) : 0.032715081052450449003, 10966, 1982, 0.000000, 3.2048208927074922721, 7924
Rectangle(227) : 0.032961736249669808138, 10852, 1961, 0.000000, 3.1970539009029140393, 7840
Rectangle(228) : 0.033210266833977116841, 10738, 1940, 0.000000, 3.1892657752571596139, 7756
Rectangle(229) : 0.033460710657338744668, 10624, 1920, 0.000000, 3.181455967540106969, 7676
Rectangle(230) : 0.033713106738620757749, 10511, 1899, 0.000000, 3.1736239142385137285, 7592
Rectangle(231) : 0.033967471110634696834, 10398, 1879, 0.000000, 3.1657697813821809838, 7512
Rectangle(232) : 0.034223844430636830032, 10286, 1858, 0.000000, 3.157892987754373578, 7428
Rectangle(233) : 0.034482243515582812297, 10174, 1838, 0.000000, 3.1499937016319584837, 7348
Rectangle(234) : 0.034742710755766806643, 10062, 1817, 0.000000, 3.1420713232440372397, 7264
Rectangle(235) : 0.035005289897413003944, 9951, 1797, 0.000000, 3.1341252354508068085, 7184
Rectangle(236) : 0.035269999498000965637, 9840, 1777, 0.000000, 3.1261556019247137608, 7104
Rectangle(237) : 0.035536885229903883702, 9729, 1757, 0.000000, 3.1181617850706165285, 7024
Rectangle(238) : 0.035805994263213639744, 9619, 1737, 0.000000, 3.1101431283394621192, 6944
Rectangle(239) : 0.036077347119886834683, 9509, 1717, 0.000000, 3.1020997894982902345, 6864
Rectangle(240) : 0.03635099311731014841, 9399, 1697, 0.000000, 3.0940310893808736086, 6784
Rectangle(241) : 0.03662698323215011794, 9290, 1677, 0.000000, 3.0859363280796062784, 6704
Rectangle(242) : 0.03690534021041487642, 9181, 1658, 0.000000, 3.077815655910745607, 6628
Rectangle(243) : 0.037186117430315839889, 9073, 1638, 0.000000, 3.0696683478818931514, 6548
Rectangle(244) : 0.037469338894868015922, 8964, 1618, 0.000000, 3.0614945547780546987, 6468
Rectangle(245) : 0.03775509241503513492, 8857, 1599, 0.000000, 3.0532926127579609029, 6392
Rectangle(246) : 0.038043372037114615659, 8749, 1579, 0.000000, 3.0450635791286987733, 6312
Rectangle(247) : 0.038334269691604122891, 8642, 1560, 0.000000, 3.0368057330761140265, 6236
Rectangle(248) : 0.038627813516306288365, 8535, 1540, 0.000000, 3.0285192042049979562, 6156
Rectangle(249) : 0.038924066498638449813, 8429, 1521, 0.000000, 3.020203160900371287, 6080
Rectangle(250) : 0.039223058450340949669, 8323, 1502, 0.000000, 3.0118577312554499631, 6004
Rectangle(251) : 0.039524855606565321886, 8218, 1483, 0.000000, 3.0034820506316828646, 5928
Rectangle(252) : 0.039829489586929362147, 8112, 1464, 0.000000, 2.9950762451668936749, 5852
Rectangle(253) : 0.040137068019518969355, 8007, 1445, 0.000000, 2.986638378160056022, 5776
Rectangle(254) : 0.040447626078487379, 7903, 1426, 0.000000, 2.9781685480528522021, 5700
Rectangle(255) : 0.040761199221351209469, 7799, 1407, 0.000000, 2.9696668640963868356, 5624
Rectangle(256) : 0.041077863776306509743, 7695, 1388, 0.000000, 2.9611323558580187641, 5548
Rectangle(257) : 0.041397699040225680473, 7592, 1369, 0.000000, 2.9525640184570511515, 5472
Rectangle(258) : 0.041720744880380718823, 7489, 1351, 0.000000, 2.9439619405547008262, 5400
Rectangle(259) : 0.042047085104783803457, 7386, 1332, 0.000000, 2.9353250726705525104, 5324
Rectangle(260) : 0.042376806885540715522, 7284, 1314, 0.000000, 2.9266523268228402383, 5252
Rectangle(261) : 0.042709955200590528844, 7182, 1295, 0.000000, 2.9179437665058151072, 5176
Rectangle(262) : 0.043046622391694095414, 7081, 1277, 0.000000, 2.9091982531069257712, 5104
Rectangle(263) : 0.043386856575157861234, 6980, 1259, 0.000000, 2.9004158413057232905, 5032
Rectangle(264) : 0.043730755692823437637, 6879, 1240, 0.000000, 2.891595338204210805, 4956
Rectangle(265) : 0.04407842182717497286, 6779, 1222, 0.000000, 2.8827355047409424796, 4884
Rectangle(266) : 0.044429909584180569922, 6679, 1204, 0.000000, 2.8738363617855135191, 4812
Rectangle(267) : 0.044785327515275870643, 6580, 1186, 0.000000, 2.8648966081794382361, 4740
Rectangle(268) : 0.045144734294634447883, 6481, 1168, 0.000000, 2.8559162510140019777, 4668
Rectangle(269) : 0.045508245519910485837, 6382, 1150, 0.000000, 2.8468939222013590029, 4596
Rectangle(270) : 0.045875981953975255345, 6284, 1133, 0.000000, 2.8378281976066878402, 4528
Rectangle(271) : 0.046248010629596943416, 6186, 1115, 0.000000, 2.828719038600358911, 4456
Rectangle(272) : 0.046624460522678152422, 6089, 1097, 0.000000, 2.8195649438268340582, 4384
Rectangle(273) : 0.047005404018133372337, 5992, 1080, 0.000000, 2.8103658537380801299, 4316
Rectangle(274) : 0.047390979093857350997, 5895, 1062, 0.000000, 2.8011201832511341058, 4244
Rectangle(275) : 0.047781330269981377138, 5799, 1045, 0.000000, 2.7918262782599349687, 4176
Rectangle(276) : 0.048176540871509215553, 5703, 1027, 0.000000, 2.782484016812131953, 4104
Rectangle(277) : 0.048576766019117865729, 5608, 1010, 0.000000, 2.7730916472518898816, 4036
Rectangle(278) : 0.048982096198727689175, 5513, 993, 0.000000, 2.7636490162966295621, 3968
Rectangle(279) : 0.049392698233245488841, 5419, 976, 0.000000, 2.7541542657964369411, 3900
Rectangle(280) : 0.049808670601910636828, 5325, 959, 0.000000, 2.7446072066599619773, 3832
Rectangle(281) : 0.05023019308203457335, 5231, 942, 0.000000, 2.7350058641736761503, 3764
Rectangle(282) : 0.050657454765111169823, 5138, 925, 0.000000, 2.72534816947260262, 3696
Rectangle(283) : 0.051090570407281781465, 5045, 908, 0.000000, 2.7156338368027417447, 3628
Rectangle(284) : 0.051529744606846249601, 4953, 892, 0.000000, 2.7058606593540438458, 3564
Rectangle(285) : 0.051975103108633861926, 4861, 875, 0.000000, 2.6960282977722906175, 3496
Rectangle(286) : 0.052426867827369161374, 4770, 858, 0.000000, 2.6861343929951283367, 3428
Rectangle(287) : 0.052885176924433129579, 4679, 842, 0.000000, 2.6761785440223904712, 3364
Rectangle(288) : 0.053350271719052148701, 4588, 826, 0.000000, 2.6661582231955488089, 3300
Rectangle(289) : 0.053822407338754753062, 4498, 809, 0.000000, 2.6560707694673527749, 3232
Rectangle(290) : 0.054301747216359767018, 4409, 793, 0.000000, 2.6459156269578985949, 3168
Rectangle(291) : 0.054788459765000705688, 4320, 777, 0.000000, 2.6356922405161213638, 3104
Rectangle(292) : 0.05528283296882388193, 4231, 761, 0.000000, 2.6253976841868182516, 3040
Rectangle(293) : 0.055785172293850310257, 4143, 745, 0.000000, 2.6150288680741318116, 2976
Rectangle(294) : 0.056295678899709381416, 4055, 729, 0.000000, 2.604585035367263243, 2912
Rectangle(295) : 0.056814688772796252746, 3968, 714, 0.000000, 2.5940628407068785925, 2852
Rectangle(296) : 0.057342426383861494326, 3881, 698, 0.000000, 2.5834614007949521557, 2788
Rectangle(297) : 0.057879262611842672413, 3795, 682, 0.000000, 2.5727770819336677349, 2724
Rectangle(298) : 0.058425448931192782488, 3709, 667, 0.000000, 2.5620088526949515314, 2664
Rectangle(299) : 0.058981396316659202421, 3624, 651, 0.000000, 2.5511527523506147861, 2600
Rectangle(300) : 0.059547387694239394139, 3539, 636, 0.000000, 2.5402075752225740012, 2540
Rectangle(301) : 0.060123880368786603521, 3455, 621, 0.000000, 2.5291689877171577814, 2480
Rectangle(302) : 0.060711194113422539203, 3371, 606, 0.000000, 2.5180355781779048306, 2420
Rectangle(303) : 0.061309840087370300944, 3288, 591, 0.000000, 2.5068025854659811213, 2360
Rectangle(304) : 0.061920181506307643135, 3205, 576, 0.000000, 2.4954683531333344162, 2300
Rectangle(305) : 0.062542792536926468225, 3123, 561, 0.000000, 2.4840276267671269879, 2240
Rectangle(306) : 0.06317808796656691875, 3041, 546, 0.000000, 2.4724784572825422013, 2180
Rectangle(307) : 0.063826716199806820822, 2960, 532, 0.000000, 2.4608150173265737956, 2124
Rectangle(308) : 0.06448915370566039305, 2879, 517, 0.000000, 2.4490350057034488744, 2064
Rectangle(309) : 0.065166137035185731319, 2799, 503, 0.000000, 2.4371319246874855593, 2008
Rectangle(310) : 0.065858217036860431411, 2720, 488, 0.000000, 2.4251030463618300133, 1948
Rectangle(311) : 0.066565975509787574798, 2641, 474, 0.000000, 2.4129455271115652273, 1892
Rectangle(312) : 0.067290301722249356407, 2562, 460, 0.000000, 2.4006517747353492194, 1836
Rectangle(313) : 0.06803216424166206102, 2485, 446, 0.000000, 2.3882135691454347545, 1780
Rectangle(314) : 0.068792008736287990499, 2407, 432, 0.000000, 2.37563205834243863, 1724
Rectangle(315) : 0.069571249308927142401, 2331, 418, 0.000000, 2.3628929891628947068, 1668
Rectangle(316) : 0.070370431200459915763, 2255, 405, 0.000000, 2.3499971848489781675, 1616
Rectangle(317) : 0.071190829065137954862, 2179, 391, 0.000000, 2.3369343476182885485, 1560
Rectangle(318) : 0.072033846204935241943, 2104, 377, 0.000000, 2.3236932151309386389, 1504
Rectangle(319) : 0.072900620546727513159, 2030, 364, 0.000000, 2.3102677698248307399, 1452
Rectangle(320) : 0.073792378068808710568, 1957, 351, 0.000000, 2.2966515984079310418, 1400
Rectangle(321) : 0.074710442247862328882, 1884, 338, 0.000000, 2.2828378523323822894, 1348
Rectangle(322) : 0.075656746840395440501, 1812, 325, 0.000000, 2.2688118186338819417, 1296
Rectangle(323) : 0.076632912303217671153, 1740, 312, 0.000000, 2.2545649947926343144, 1244
Rectangle(324) : 0.077641282989880104667, 1669, 299, 0.000000, 2.2400799640264481429, 1192
Rectangle(325) : 0.078683871344599366586, 1599, 287, 0.000000, 2.2253460463318267731, 1144
Rectangle(326) : 0.07976288700834660034, 1530, 274, 0.000000, 2.2103516387559008868, 1092
Rectangle(327) : 0.080880763896422352554, 1461, 262, 0.000000, 2.1950840963664076399, 1044
Rectangle(328) : 0.082040985728295321507, 1393, 250, 0.000000, 2.1795190426370357362, 996
Rectangle(329) : 0.083246670611738993966, 1326, 238, 0.000000, 2.1636401475136442914, 948
Rectangle(330) : 0.084501301190557730234, 1260, 226, 0.000000, 2.1474293704892731566, 900
Rectangle(331) : 0.085808784817930169247, 1194, 214, 0.000000, 2.1308666948407752695, 852
Rectangle(332) : 0.087174669821984419892, 1129, 202, 0.000000, 2.1139157693410920912, 804
Rectangle(333) : 0.088604178917946414658, 1065, 191, 0.000000, 2.0965497402377094923, 760
Rectangle(334) : 0.090103286655258817937, 1002, 180, 0.000000, 2.0787382503510697861, 716
Rectangle(335) : 0.091678873731457490379, 940, 168, 0.000000, 2.0604467618380837173, 668
Rectangle(336) : 0.093338923478093749652, 879, 157, 0.000000, 2.0416357024813751437, 624
Rectangle(337) : 0.095092775244284165061, 819, 147, 0.000000, 2.0222593763484926668, 584
Rectangle(338) : 0.096951455801486231809, 760, 136, 0.000000, 2.0022645548755667803, 540
Rectangle(339) : 0.098928119689480398625, 702, 126, 0.000000, 1.9815886268969878873, 500
Rectangle(340) : 0.10103864479902026741, 645, 116, 0.000000, 1.9601571279330259864, 460
Rectangle(341) : 0.10330245429969162553, 589, 106, 0.000000, 1.937880376294737053, 420
Rectangle(342) : 0.1057436773494280212, 535, 96, 0.000000, 1.9146487911686264025, 380
Rectangle(343) : 0.10838788069740676214, 482, 87, 0.000000, 1.8903708356761881706, 344
Rectangle(344) : 0.11127246749341545129, 430, 77, 0.000000, 1.8648861920522177075, 304
Rectangle(345) : 0.11444662142842060875, 380, 68, 0.000000, 1.8379882922827141033, 268
Rectangle(346) : 0.11796764325021722481, 331, 60, 0.000000, 1.8094770954621266566, 236
Rectangle(347) : 0.1219237674056919277, 284, 51, 0.000000, 1.7790061421401385411, 200
Rectangle(348) : 0.12642731015970650003, 240, 44, 0.000000, 1.7461981350235846472, 172
Rectangle(349) : 0.13161980238897143606, 197, 36, 0.000000, 1.7106696489809611882, 140
Rectangle(350) : 0.13776533360207276189, 157, 29, 0.000000, 1.6715329008865663973, 112
Rectangle(351) : 0.14522732660135025487, 120, 22, 0.000000, 1.6278444577892011613, 84
Rectangle(352) : 0.15462603041626026455, 87, 17, 0.000000, 1.578111556543340456, 64
Rectangle(353) : 0.16701811727308026979, 58, 12, 0.000000, 1.5203067729227963628, 44

Overall winding number: 0.000000 

cpu/wall(s): 1.84467e+10 361.021
