
Filling stored sums matrix with 75 X 75 terms guaranteeing 20 digits accuracy...

Processing the barrier for X= 1000000000021104...1000000000021105 (N = 8920620), y0 = 0.2...1 , t = 0...0.14

Rectangle(1) : 0, 181377, 27905, 0.000000, 4.2532715056240148026, 111616
Rectangle(2) : 2.0693205343698565985e-05, 181143, 27869, 0.000000, 4.2521038000285400036, 111472
Rectangle(3) : 4.140669579063021669e-05, 180910, 27833, 0.000000, 4.2509354982440862879, 111328
Rectangle(4) : 6.2140405913034098663e-05, 180677, 27797, 0.000000, 4.2497666052650198557, 111184
Rectangle(5) : 8.2894384589152364163e-05, 180444, 27761, 0.000000, 4.248597119639116141, 111040
Rectangle(6) : 0.0001036686808785225629, 180211, 27725, 0.000000, 4.2474270399090885813, 110896
Rectangle(7) : 0.00012446334402288716096, 179979, 27689, 0.000000, 4.2462563646125642342, 110752
Rectangle(8) : 0.00014527830779428584767, 179746, 27653, 0.000000, 4.2450850987883523659, 110608
Rectangle(9) : 0.00016611373722686488901, 179513, 27617, 0.000000, 4.2439132344641956845, 110464
Rectangle(10) : 0.00018696968211366526383, 179281, 27581, 0.000000, 4.2427407701623389708, 110320
Rectangle(11) : 0.00020784607598787579908, 179048, 27545, 0.000000, 4.2415677109414629301, 110176
Rectangle(12) : 0.00022874308523088026118, 178816, 27509, 0.000000, 4.2403940487785261643, 110032
Rectangle(13) : 0.00024966064321662273481, 178583, 27473, 0.000000, 4.239219788745510408, 109888
Rectangle(14) : 0.00027059891723344130325, 178351, 27437, 0.000000, 4.2380449227852312072, 109744
Rectangle(15) : 0.00029155784049591379405, 178119, 27402, 0.000000, 4.2368694559830270702, 109604
Rectangle(16) : 0.00031253746342206444093, 177887, 27366, 0.000000, 4.2356933868484965862, 109460
Rectangle(17) : 0.00033353783661880448706, 177655, 27330, 0.000000, 4.2345167138859910473, 109316
Rectangle(18) : 0.00035455901088288932029, 177423, 27294, 0.000000, 4.2333394355945889184, 109172
Rectangle(19) : 0.00037560103720188172217, 177191, 27258, 0.000000, 4.2321615504680701495, 109028
Rectangle(20) : 0.00039666396675512127807, 176959, 27222, 0.000000, 4.2309830569948903287, 108884
Rectangle(21) : 0.0004177478509146999959, 176727, 27187, 0.000000, 4.2298039536581546756, 108744
Rectangle(22) : 0.00043885274124644418142, 176495, 27151, 0.000000, 4.2286242389355918727, 108600
Rectangle(23) : 0.00045997868951090261862, 176264, 27115, 0.000000, 4.227443911299527734, 108456
Rectangle(24) : 0.000481125627690562264, 176032, 27079, 0.000000, 4.2262629759151042859, 108312
Rectangle(25) : 0.00050229372767190147668, 175801, 27044, 0.000000, 4.2250814245525104495, 108172
Rectangle(26) : 0.00052348292127462563894, 175569, 27008, 0.000000, 4.2238992623905903478, 108028
Rectangle(27) : 0.00054469338133528891291, 175338, 26972, 0.000000, 4.2227164811640055524, 107884
Rectangle(28) : 0.00056592503951072153763, 175107, 26936, 0.000000, 4.22153308606535991, 107740
Rectangle(29) : 0.00058717794822405315721, 174875, 26901, 0.000000, 4.2203490755535686159, 107600
Rectangle(30) : 0.000608452281751164343, 174644, 26865, 0.000000, 4.2191644413095419356, 107456
Rectangle(31) : 0.00062974797150466026577, 174413, 26829, 0.000000, 4.2179791885466065001, 107312
Rectangle(32) : 0.00065106507050844213123, 174182, 26794, 0.000000, 4.2167933157070815232, 107172
Rectangle(33) : 0.00067240363198842905021, 173951, 26758, 0.000000, 4.2156068212277083941, 107028
Rectangle(34) : 0.00069376370937359906013, 173721, 26722, 0.000000, 4.2144197035396230803, 106884
Rectangle(35) : 0.00071514523321665558801, 173490, 26687, 0.000000, 4.2132319679037452035, 106744
Rectangle(36) : 0.00073654838018710774781, 173259, 26651, 0.000000, 4.2120436059117156153, 106600
Rectangle(37) : 0.00075797320432848981521, 173029, 26615, 0.000000, 4.2108546159777141126, 106456
Rectangle(38) : 0.0007794196359438705555, 172798, 26580, 0.000000, 4.2096650033837976527, 106316
Rectangle(39) : 0.0008008878531881893419, 172568, 26544, 0.000000, 4.2084747596663881904, 106172
Rectangle(40) : 0.00082237778619817026647, 172337, 26509, 0.000000, 4.2072838901216913328, 106032
Rectangle(41) : 0.00084388961412903648401, 172107, 26473, 0.000000, 4.2060923862489944213, 105888
Rectangle(42) : 0.00086542326695111225328, 171877, 26438, 0.000000, 4.2049002533587113904, 105748
Rectangle(43) : 0.00088697879941536699004, 171647, 26402, 0.000000, 4.2037074898506906621, 105604
Rectangle(44) : 0.00090855626648353998847, 171417, 26366, 0.000000, 4.2025140941189910801, 105460
Rectangle(45) : 0.00093015572332923785438, 171187, 26331, 0.000000, 4.2013200645518529674, 105320
Rectangle(46) : 0.00095177722533903914167, 170957, 26295, 0.000000, 4.2001253995316689993, 105176
Rectangle(47) : 0.00097342082811360624919, 170727, 26260, 0.000000, 4.1989300974349548918, 105036
Rectangle(48) : 0.00099508658746880463545, 170497, 26224, 0.000000, 4.1977341566323199024, 104892
Rectangle(49) : 0.0010167745594368294095, 170268, 26189, 0.000000, 4.1965375754884371435, 104752
Rectangle(50) : 0.0010384846727610502681, 170038, 26154, 0.000000, 4.1953403593916949582, 104612
Rectangle(51) : 0.0010602171111535960223, 169809, 26118, 0.000000, 4.1941424996726885207, 104468
Rectangle(52) : 0.001081971803188015214, 169579, 26083, 0.000000, 4.1929440017343581887, 104328
Rectangle(53) : 0.0011037489336212313444, 169350, 26047, 0.000000, 4.1917448568687594184, 104184
Rectangle(54) : 0.0011255484308569488491, 169120, 26012, 0.000000, 4.1905450704934461515, 104044
Rectangle(55) : 0.0011473704807061295856, 168891, 25976, 0.000000, 4.1893446338616299082, 103900
Rectangle(56) : 0.0011692150114026239512, 168662, 25941, 0.000000, 4.1881435524055400002, 103760
Rectangle(57) : 0.0011910820801697768369, 168433, 25906, 0.000000, 4.1869418244625876735, 103620
Rectangle(58) : 0.0012129717444544632563, 168204, 25870, 0.000000, 4.1857394483640796814, 103476
Rectangle(59) : 0.001234884061928269347, 167975, 25835, 0.000000, 4.1845364224351873188, 103336
Rectangle(60) : 0.0012568190904886812375, 167746, 25800, 0.000000, 4.183332744994915257, 103196
Rectangle(61) : 0.0012787768882602818436, 167518, 25764, 0.000000, 4.1821284143560701778, 103052
Rectangle(62) : 0.0013007573823824422692, 167289, 25729, 0.000000, 4.1809234360166171325, 102912
Rectangle(63) : 0.001322760762377639904, 167060, 25694, 0.000000, 4.1797178010933285215, 102772
Rectangle(64) : 0.0013447870870579543331, 166832, 25658, 0.000000, 4.1785115078802574135, 102628
Rectangle(65) : 0.0013668362833025612275, 166603, 25623, 0.000000, 4.1773045618978762586, 102488
Rectangle(66) : 0.0013889085422768766736, 166375, 25588, 0.000000, 4.1760969542027486475, 102348
Rectangle(67) : 0.0014110037906868105497, 166147, 25553, 0.000000, 4.1748886903304129189, 102208
Rectangle(68) : 0.0014331220876788140943, 165918, 25517, 0.000000, 4.1736797685713788999, 102064
Rectangle(69) : 0.0014552636260807438361, 165690, 25482, 0.000000, 4.1724701799213948986, 101924
Rectangle(70) : 0.0014774283323389452659, 165462, 25447, 0.000000, 4.1712599299386896079, 101784
Rectangle(71) : 0.0014996162663052861152, 165234, 25412, 0.000000, 4.170049016894611002, 101644
Rectangle(72) : 0.0015218274880689340993, 165006, 25376, 0.000000, 4.1688374390540644255, 101500
Rectangle(73) : 0.0015440620579576294463, 164778, 25341, 0.000000, 4.1676251946754794239, 101360
Rectangle(74) : 0.001566320036538966029, 164551, 25306, 0.000000, 4.1664122820107763567, 101220
Rectangle(75) : 0.0015886013492141292085, 164323, 25271, 0.000000, 4.1651987066785983573, 101080
Rectangle(76) : 0.001610906192155644385, 164095, 25236, 0.000000, 4.1639844595526518641, 100940
Rectangle(77) : 0.001633234626657321169, 163868, 25201, 0.000000, 4.1627695388651594359, 100800
Rectangle(78) : 0.0016555865778550239507, 163640, 25166, 0.000000, 4.161553950257973874, 100660
Rectangle(79) : 0.001677962243647360628, 163413, 25130, 0.000000, 4.1603376845419887146, 100516
Rectangle(80) : 0.0017003615489935814839, 163186, 25095, 0.000000, 4.1591207473745927678, 100376
Rectangle(81) : 0.0017227845555466840341, 162958, 25060, 0.000000, 4.1579031369840707343, 100236
Rectangle(82) : 0.0017452314629521754536, 162731, 25025, 0.000000, 4.1566848441178598425, 100096
Rectangle(83) : 0.0017677021959048265148, 162504, 24990, 0.000000, 4.1554658744567473186, 99956
Rectangle(84) : 0.001790196816803122848, 162277, 24955, 0.000000, 4.1542462262088826017, 99816
Rectangle(85) : 0.0018127153882963651596, 162050, 24920, 0.000000, 4.1530258975756443143, 99676
Rectangle(86) : 0.0018352579732860328196, 161823, 24885, 0.000000, 4.1518048867516049232, 99536
Rectangle(87) : 0.0018578246349271567941, 161597, 24850, 0.000000, 4.1505831919244951643, 99396
Rectangle(88) : 0.0018804152968325417652, 161370, 24815, 0.000000, 4.1493608188376235025, 99256
Rectangle(89) : 0.0019030301621658603715, 161143, 24780, 0.000000, 4.1481377581109910248, 99116
Rectangle(90) : 0.0019256692948499421561, 160917, 24745, 0.000000, 4.1469140079116215303, 98976
Rectangle(91) : 0.0019483326182272834037, 160690, 24710, 0.000000, 4.1456895740067632088, 98836
Rectangle(92) : 0.0019710203372764262452, 160464, 24675, 0.000000, 4.1444644469508412922, 98696
Rectangle(93) : 0.0019937323751600066202, 160238, 24640, 0.000000, 4.1432386325271286539, 98556
Rectangle(94) : 0.0020164687961870234867, 160011, 24605, 0.000000, 4.1420121288982790523, 98416
Rectangle(95) : 0.0020392298071731324358, 159785, 24570, 0.000000, 4.1407849265524586055, 98276
Rectangle(96) : 0.0020620153310117434356, 159559, 24535, 0.000000, 4.139557031297074538, 98136
Rectangle(97) : 0.0020848254328004051503, 159333, 24500, 0.000000, 4.1383284412736043727, 97996
Rectangle(98) : 0.0021076601779020074824, 159107, 24466, 0.000000, 4.1370991546164037887, 97860
Rectangle(99) : 0.0021305196319462444034, 158881, 24431, 0.000000, 4.1358691694526689282, 97720
Rectangle(100) : 0.0021534038608310869518, 158656, 24396, 0.000000, 4.1346384839023984486, 97580
Rectangle(101) : 0.0021763127863296649976, 158430, 24361, 0.000000, 4.1334071038377275526, 97440
Rectangle(102) : 0.002199246618961349196, 158204, 24326, 0.000000, 4.1321750196136559349, 97300
Rectangle(103) : 0.0022222054254366194543, 157979, 24291, 0.000000, 4.130942229328395558, 97160
Rectangle(104) : 0.0022451891272534963528, 157753, 24257, 0.000000, 4.1297087388787803393, 97024
Rectangle(105) : 0.0022681979368411351321, 157528, 24222, 0.000000, 4.128474538551299687, 96884
Rectangle(106) : 0.0022912317755145855643, 157303, 24187, 0.000000, 4.1272396342593201879, 96744
Rectangle(107) : 0.0023142907103998663294, 157077, 24152, 0.000000, 4.1260040240962100619, 96604
Rectangle(108) : 0.0023373749558597122015, 156852, 24117, 0.000000, 4.1247676982792221129, 96464
Rectangle(109) : 0.0023604844329354219286, 156627, 24083, 0.000000, 4.1235306627466222079, 96328
Rectangle(110) : 0.002383619209587893228, 156402, 24048, 0.000000, 4.1222929155694878364, 96188
Rectangle(111) : 0.0024067793540589964609, 156177, 24013, 0.000000, 4.1210544548113987568, 96048
Rectangle(112) : 0.0024299649348731457835, 155953, 23979, 0.000000, 4.1198152785283967473, 95912
Rectangle(113) : 0.0024531758720050278041, 155728, 23944, 0.000000, 4.1185753927173069692, 95772
Rectangle(114) : 0.0024764123830545327548, 155503, 23909, 0.000000, 4.117334787479844584, 95632
Rectangle(115) : 0.0024996745374019076902, 155279, 23874, 0.000000, 4.116093460849231058, 95492
Rectangle(116) : 0.0025229622547419809201, 155054, 23840, 0.000000, 4.1148514188477249864, 95356
Rectangle(117) : 0.0025462757546765051825, 154830, 23805, 0.000000, 4.1136086515057138238, 95216
Rectangle(118) : 0.0025696149567142608747, 154605, 23770, 0.000000, 4.1123651648624805809, 95076
Rectangle(119) : 0.0025929800818063502676, 154381, 23736, 0.000000, 4.1111209489004032633, 94940
Rectangle(120) : 0.0026163710492757953629, 154157, 23701, 0.000000, 4.1098760096758617512, 94800
Rectangle(121) : 0.0026397879295321305391, 153933, 23667, 0.000000, 4.1086303452012393691, 94664
Rectangle(122) : 0.0026632307932793532877, 153709, 23632, 0.000000, 4.1073839534811041043, 94524
Rectangle(123) : 0.0026866997115175898523, 153485, 23597, 0.000000, 4.106136832512166167, 94384
Rectangle(124) : 0.0027101947555447727442, 153261, 23563, 0.000000, 4.1048889802832352585, 94248
Rectangle(125) : 0.0027337159969583302393, 153037, 23528, 0.000000, 4.1036403947751775435, 94108
Rectangle(126) : 0.0027572635076568879577, 152813, 23494, 0.000000, 4.1023910739608723247, 93972
Rectangle(127) : 0.0027808373598419826311, 152590, 23459, 0.000000, 4.1011410158051684172, 93832
Rectangle(128) : 0.0028044374713552218238, 152366, 23425, 0.000000, 4.0998902264597865254, 93696
Rectangle(129) : 0.0028280640693262900839, 152143, 23390, 0.000000, 4.0986386956881613432, 93556
Rectangle(130) : 0.0028517170714078065608, 151919, 23356, 0.000000, 4.0973864296595483471, 93420
Rectangle(131) : 0.0028753967061451307161, 151696, 23321, 0.000000, 4.0961334180873584391, 93280
Rectangle(132) : 0.0028991028910022618101, 151473, 23287, 0.000000, 4.0948796671584565056, 93144
Rectangle(133) : 0.002922835699272768478, 151249, 23252, 0.000000, 4.0936251748156050009, 93004
Rectangle(134) : 0.0029465953616494824067, 151026, 23218, 0.000000, 4.0923699306964427083, 92868
Rectangle(135) : 0.0029703817953145231461, 150803, 23184, 0.000000, 4.0911139410143548214, 92732
Rectangle(136) : 0.002994195074500045681, 150580, 23149, 0.000000, 4.0898572036873370657, 92592
Rectangle(137) : 0.003018035273754178614, 150358, 23115, 0.000000, 4.0885997166250521132, 92456
Rectangle(138) : 0.0030419023092070647399, 150135, 23080, 0.000000, 4.0873414860948353748, 92316
Rectangle(139) : 0.0030657964144196722956, 149912, 23046, 0.000000, 4.0860825016335292365, 92180
Rectangle(140) : 0.0030897176648975094883, 149690, 23012, 0.000000, 4.0848227611255618548, 92044
Rectangle(141) : 0.0031136659764822884439, 149467, 22977, 0.000000, 4.0835622708653136278, 91904
Rectangle(142) : 0.0031376415849501463231, 149245, 22943, 0.000000, 4.0823010203118221548, 91768
Rectangle(143) : 0.0031616444059512640969, 149022, 22909, 0.000000, 4.0810390157775705849, 91632
Rectangle(144) : 0.003185674676755424359, 148800, 22874, 0.000000, 4.0797762466692111139, 91492
Rectangle(145) : 0.0032097323128217497025, 148578, 22840, 0.000000, 4.0785127193174065821, 91356
Rectangle(146) : 0.0032338173908233206389, 148356, 22806, 0.000000, 4.0772484315829822371, 91220
Rectangle(147) : 0.0032579299877629993997, 148134, 22771, 0.000000, 4.0759833813181118461, 91080
Rectangle(148) : 0.003282070180975348434, 147912, 22737, 0.000000, 4.0747175663662693819, 90944
Rectangle(149) : 0.0033062380481285629763, 147690, 22703, 0.000000, 4.0734509845621803653, 90808
Rectangle(150) : 0.0033304336672264178098, 147468, 22669, 0.000000, 4.0721836337317728617, 90672
Rectangle(151) : 0.0033546571166102283509, 147246, 22634, 0.000000, 4.0709155116921281286, 90532
Rectangle(152) : 0.0033789084749608261812, 147024, 22600, 0.000000, 4.0696466162514309118, 90396
Rectangle(153) : 0.0034031878213005491578, 146803, 22566, 0.000000, 4.068376945208919386, 90260
Rectangle(154) : 0.0034274950694167928271, 146581, 22532, 0.000000, 4.0671065050065913816, 90124
Rectangle(155) : 0.0034518304642156179912, 146360, 22498, 0.000000, 4.0658352847845186977, 89988
Rectangle(156) : 0.0034761939192906693625, 146139, 22463, 0.000000, 4.064563291003392254, 89848
Rectangle(157) : 0.0035005855142174403973, 145917, 22429, 0.000000, 4.0632905214553740748, 89712
Rectangle(158) : 0.0035250054962720013743, 145696, 22395, 0.000000, 4.0620169651980783775, 89576
Rectangle(159) : 0.0035494537787588100607, 145475, 22361, 0.000000, 4.0607426287203476032, 89440
Rectangle(160) : 0.0035739304423004519071, 145254, 22327, 0.000000, 4.0594675097870299914, 89304
Rectangle(161) : 0.0035984355678721196752, 145033, 22293, 0.000000, 4.0581916061537811174, 89168
Rectangle(162) : 0.0036229692368036992544, 144812, 22259, 0.000000, 4.0569149155670116918, 89032
Rectangle(163) : 0.0036475315307818710337, 144592, 22225, 0.000000, 4.0556374357638349849, 88896
Rectangle(164) : 0.0036721223617805696822, 144371, 22191, 0.000000, 4.0543591733101270551, 88760
Rectangle(165) : 0.0036967419818795516595, 144150, 22157, 0.000000, 4.0530801170971217818, 88624
Rectangle(166) : 0.0037213904738469267673, 143930, 22123, 0.000000, 4.0518002648337684387, 88488
Rectangle(167) : 0.003746067749361647593, 143709, 22089, 0.000000, 4.0505196231147874625, 88352
Rectangle(168) : 0.0037707740629753724638, 143489, 22054, 0.000000, 4.0492381807459028243, 88212
Rectangle(169) : 0.0037955093261714774114, 143269, 22020, 0.000000, 4.0479559443411412335, 88076
Rectangle(170) : 0.0038202736223160805093, 143049, 21987, 0.000000, 4.0466729116016326659, 87944
Rectangle(171) : 0.0038450670351438642244, 142828, 21953, 0.000000, 4.0453890802189497766, 87808
Rectangle(172) : 0.0038698898225540285464, 142608, 21919, 0.000000, 4.0441044388832815113, 87672
Rectangle(173) : 0.0038947418956416763748, 142388, 21885, 0.000000, 4.0428189942474352579, 87536
Rectangle(174) : 0.003919623339262258413, 142169, 21851, 0.000000, 4.0415327439739317844, 87400
Rectangle(175) : 0.0039445340634283841632, 141949, 21817, 0.000000, 4.0402456947660145568, 87264
Rectangle(176) : 0.0039694743285571699564, 141729, 21783, 0.000000, 4.0389578352274954271, 87128
Rectangle(177) : 0.0039944442206415527957, 141509, 21749, 0.000000, 4.0376691629914369747, 86992
Rectangle(178) : 0.0040194438260588155632, 141290, 21715, 0.000000, 4.0363796756809519143, 86856
Rectangle(179) : 0.0040444730544237455081, 141070, 21681, 0.000000, 4.0350893800389132202, 86720
Rectangle(180) : 0.0040695321696150612607, 140851, 21647, 0.000000, 4.0337982645502068116, 86584
Rectangle(181) : 0.0040946210810501963099, 140632, 21613, 0.000000, 4.0325063359776069217, 86448
Rectangle(182) : 0.0041197398757482565446, 140413, 21580, 0.000000, 4.0312135919356897539, 86316
Rectangle(183) : 0.0041448886411185263184, 140193, 21546, 0.000000, 4.0299200300289730376, 86180
Rectangle(184) : 0.0041700676445639834599, 139974, 21512, 0.000000, 4.0286256386215877388, 86044
Rectangle(185) : 0.0041952767951106677566, 139755, 21478, 0.000000, 4.0273304245162824572, 85908
Rectangle(186) : 0.0042205161813545680282, 139536, 21444, 0.000000, 4.0260343852869944465, 85772
Rectangle(187) : 0.0042457858922914373267, 139318, 21411, 0.000000, 4.0247375184973653581, 85640
Rectangle(188) : 0.0042710858357194033136, 139099, 21377, 0.000000, 4.0234398310126959295, 85504
Rectangle(189) : 0.0042964162826026497491, 138880, 21343, 0.000000, 4.0221413110758002447, 85368
Rectangle(190) : 0.0043217773231489904766, 138662, 21309, 0.000000, 4.0208419562191226792, 85232
Rectangle(191) : 0.0043471688648563012228, 138443, 21276, 0.000000, 4.0195417733386207561, 85100
Rectangle(192) : 0.0043725911814294657797, 138225, 21242, 0.000000, 4.0182407505836695621, 84964
Rectangle(193) : 0.0043980441801676366574, 138007, 21208, 0.000000, 4.0169388948707448272, 84828
Rectangle(194) : 0.0044235279519681304354, 137788, 21175, 0.000000, 4.0156362037229706883, 84696
Rectangle(195) : 0.0044490427733148585299, 137570, 21141, 0.000000, 4.014332665195164603, 84560
Rectangle(196) : 0.0044745885512111670609, 137352, 21107, 0.000000, 4.0130282862346996189, 84424
Rectangle(197) : 0.0045001653778044070546, 137134, 21074, 0.000000, 4.0117230643326703573, 84292
Rectangle(198) : 0.0045257733456630903159, 136916, 21040, 0.000000, 4.0104169969693864558, 84156
Rectangle(199) : 0.0045514125477794929749, 136698, 21006, 0.000000, 4.0091100816143085716, 84020
Rectangle(200) : 0.0045770830775722793256, 136481, 20973, 0.000000, 4.0078023157259839034, 83888
Rectangle(201) : 0.0046027848405702496211, 136263, 20939, 0.000000, 4.0064937063375285759, 83752
Rectangle(202) : 0.0046285181189094725105, 136045, 20906, 0.000000, 4.0051842413124689342, 83620
Rectangle(203) : 0.0046542830073016403148, 135828, 20872, 0.000000, 4.0038739180762767102, 83484
Rectangle(204) : 0.0046800794109744933106, 135611, 20839, 0.000000, 4.0025627436937480126, 83352
Rectangle(205) : 0.004705907424510959733, 135393, 20805, 0.000000, 4.0012507156023919254, 83216
Rectangle(206) : 0.0047317673339272692315, 135176, 20772, 0.000000, 3.9999378215345573058, 83084
Rectangle(207) : 0.0047576590441534525577, 134959, 20738, 0.000000, 3.9986240685868335856, 82948
Rectangle(208) : 0.0047835826510902765827, 134742, 20705, 0.000000, 3.9973094541631563454, 82816
Rectangle(209) : 0.0048095382510825815533, 134525, 20671, 0.000000, 3.9959939756561546359, 82680
Rectangle(210) : 0.0048355259409220623534, 134308, 20638, 0.000000, 3.9946776304470830074, 82548
Rectangle(211) : 0.0048615458178500717274, 134091, 20604, 0.000000, 3.9933604159057530189, 82412
Rectangle(212) : 0.0048875979795604456751, 133874, 20571, 0.000000, 3.9920423293904642237, 82280
Rectangle(213) : 0.0049136825242023512297, 133658, 20537, 0.000000, 3.9907233682479346248, 82144
Rectangle(214) : 0.0049397993549812640866, 133441, 20504, 0.000000, 3.9894035396851111444, 82012
Rectangle(215) : 0.0049659487658796020123, 133225, 20470, 0.000000, 3.9880828311666355678, 81876
Rectangle(216) : 0.0049921306599022451767, 133008, 20437, 0.000000, 3.9867612499212304214, 81744
Rectangle(217) : 0.0050183453330792061897, 132792, 20404, 0.000000, 3.9854387833448325537, 81612
Rectangle(218) : 0.0050445926882161484193, 132576, 20370, 0.000000, 3.9841154386880303841, 81476
Rectangle(219) : 0.0050708728251842876782, 132359, 20337, 0.000000, 3.9827912132629821641, 81344
Rectangle(220) : 0.0050971860431238534211, 132143, 20304, 0.000000, 3.9814660943614298396, 81212
Rectangle(221) : 0.0051235322445447491919, 131927, 20270, 0.000000, 3.9801400892668852506, 81076
Rectangle(222) : 0.0051499115307353461527, 131711, 20237, 0.000000, 3.9788131952556386408, 80944
Rectangle(223) : 0.0051763240034616608769, 131496, 20204, 0.000000, 3.9774854095918984614, 80812
Rectangle(224) : 0.0052027695638558317905, 131280, 20170, 0.000000, 3.9761567396290928935, 80676
Rectangle(225) : 0.0052292485152545908772, 131064, 20137, 0.000000, 3.9748271725193255327, 80544
Rectangle(226) : 0.0052557609608729096034, 130849, 20104, 0.000000, 3.9734967054901767, 80412
Rectangle(227) : 0.0052823068015403214804, 130633, 20071, 0.000000, 3.9721653459287082335, 80280
Rectangle(228) : 0.0053088863438146986151, 130418, 20037, 0.000000, 3.970833080879652231, 80144
Rectangle(229) : 0.0053354994883260364077, 130202, 20004, 0.000000, 3.9694999177525780794, 80012
Rectangle(230) : 0.0053621465438071548089, 129987, 19971, 0.000000, 3.968165843519835394, 79880
Rectangle(231) : 0.0053888274106901495345, 129772, 19938, 0.000000, 3.9668308656135934173, 79748
Rectangle(232) : 0.0054155421940456776409, 129557, 19904, 0.000000, 3.9654949812242302942, 79612
Rectangle(233) : 0.0054422909994458044599, 129342, 19871, 0.000000, 3.9641581875295121519, 79480
Rectangle(234) : 0.0054690739329672399731, 129127, 19838, 0.000000, 3.9628204816945149647, 79348
Rectangle(235) : 0.0054958911011946015239, 128912, 19805, 0.000000, 3.9614818608715458051, 79216
Rectangle(236) : 0.0055227426112237031266, 128698, 19772, 0.000000, 3.9601423222000634723, 79084
Rectangle(237) : 0.0055496283617575114489, 128483, 19739, 0.000000, 3.9588018732190400541, 78952
Rectangle(238) : 0.0055765486692940652347, 128268, 19706, 0.000000, 3.9574605006439207345, 78820
Rectangle(239) : 0.0056035036424802373176, 128054, 19673, 0.000000, 3.956118201575204659, 78688
Rectangle(240) : 0.0056304931797190209922, 127840, 19640, 0.000000, 3.9547749835866332939, 78556
Rectangle(241) : 0.0056575173895405684992, 127625, 19606, 0.000000, 3.9534308437916125478, 78420
Rectangle(242) : 0.0056845765930178779021, 127411, 19573, 0.000000, 3.9520857687544181997, 78288
Rectangle(243) : 0.0057116706882589043299, 127197, 19540, 0.000000, 3.9507397660836776478, 78156
Rectangle(244) : 0.0057387997853766325597, 126983, 19507, 0.000000, 3.9493928328532036777, 78024
Rectangle(245) : 0.0057659639950177121033, 126769, 19474, 0.000000, 3.9480449661234682508, 77892
Rectangle(246) : 0.0057931634283659555086, 126555, 19441, 0.000000, 3.9466961629415185667, 77760
Rectangle(247) : 0.0058203981971458655759, 126341, 19408, 0.000000, 3.9453464203408924562, 77628
Rectangle(248) : 0.0058476684136261917761, 126128, 19375, 0.000000, 3.9439957353415330938, 77496
Rectangle(249) : 0.0058749739741309292895, 125914, 19342, 0.000000, 3.9426441156628069501, 77364
Rectangle(250) : 0.0059023152079545136959, 125700, 19309, 0.000000, 3.9412915475991568094, 77232
Rectangle(251) : 0.0059296922290173550389, 125487, 19277, 0.000000, 3.9399380281292952603, 77104
Rectangle(252) : 0.0059571049333463237389, 125274, 19244, 0.000000, 3.9385835650084615513, 76972
Rectangle(253) : 0.0059845534347513116977, 125060, 19211, 0.000000, 3.9372281552285658266, 76840
Rectangle(254) : 0.0060120380673694835019, 124847, 19178, 0.000000, 3.935871784925281847, 76708
Rectangle(255) : 0.006039558726936195412, 124634, 19145, 0.000000, 3.9345144618898383154, 76576
Rectangle(256) : 0.0060671155289476035215, 124421, 19112, 0.000000, 3.9331561830722265674, 76444
Rectangle(257) : 0.0060947085894685141923, 124208, 19079, 0.000000, 3.9317969454083108031, 76312
Rectangle(258) : 0.0061223380251361709519, 123995, 19046, 0.000000, 3.9304367458197377923, 76180
Rectangle(259) : 0.0061500039531640731882, 123783, 19014, 0.000000, 3.9290755812138458453, 76052
Rectangle(260) : 0.0061777062675466123563, 123570, 18981, 0.000000, 3.9277134594844060598, 75920
Rectangle(261) : 0.0062054453098666285905, 123357, 18948, 0.000000, 3.926350366524736955, 75788
Rectangle(262) : 0.0062332211990867355723, 123145, 18915, 0.000000, 3.924986299198773971, 75656
Rectangle(263) : 0.0062610338289068563566, 122932, 18882, 0.000000, 3.92362126543722836, 75524
Rectangle(264) : 0.0062888835447289143102, 122720, 18850, 0.000000, 3.9222552510090672136, 75396
Rectangle(265) : 0.0063167702400598226154, 122508, 18817, 0.000000, 3.92088826386971661, 75264
Rectangle(266) : 0.0063446940349456236783, 122296, 18784, 0.000000, 3.9195203008672295043, 75132
Rectangle(267) : 0.0063726550500308859068, 122084, 18751, 0.000000, 3.9181513588348747888, 75000
Rectangle(268) : 0.0064006534065627399974, 121872, 18719, 0.000000, 3.9167814345910416057, 74872
Rectangle(269) : 0.0064286892263949495419, 121660, 18686, 0.000000, 3.9154105249391428709, 74740
Rectangle(270) : 0.0064567626319920163088, 121448, 18653, 0.000000, 3.9140386266675180039, 74608
Rectangle(271) : 0.0064848737464333205543, 121236, 18621, 0.000000, 3.9126657365493348536, 74480
Rectangle(272) : 0.0065130226934172967236, 121025, 18588, 0.000000, 3.9112918513424908131, 74348
Rectangle(273) : 0.0065412093643641464721, 120813, 18556, 0.000000, 3.9099169791463101417, 74220
Rectangle(274) : 0.0065694341164946813494, 120602, 18523, 0.000000, 3.9085411053476190651, 74088
Rectangle(275) : 0.0065976968410377869287, 120390, 18490, 0.000000, 3.9071642380711429283, 73956
Rectangle(276) : 0.0066259978979201786799, 120179, 18458, 0.000000, 3.9057863626163488864, 73828
Rectangle(277) : 0.00665433717818225732, 119968, 18425, 0.000000, 3.9044074871334624926, 73696
Rectangle(278) : 0.0066827148079429723647, 119757, 18393, 0.000000, 3.9030276083322352612, 73568
Rectangle(279) : 0.0067111309139604263362, 119546, 18360, 0.000000, 3.9016467229067310083, 73436
Rectangle(280) : 0.0067395856236362559834, 119335, 18327, 0.000000, 3.9002648275352226462, 73304
Rectangle(281) : 0.0067680790650200513716, 119124, 18295, 0.000000, 3.8988819188800881139, 73176
Rectangle(282) : 0.0067966113668138132342, 118913, 18262, 0.000000, 3.8974979935877054356, 73044
Rectangle(283) : 0.0068251826583764489883, 118702, 18230, 0.000000, 3.8961130482883468988, 72916
Rectangle(284) : 0.0068537930697283078188, 118492, 18197, 0.000000, 3.8947270795960723422, 72784
Rectangle(285) : 0.0068824424897701340378, 118281, 18165, 0.000000, 3.8933400958103238329, 72656
Rectangle(286) : 0.0069111312909792067024, 118071, 18133, 0.000000, 3.8919520818281144299, 72528
Rectangle(287) : 0.0069398593620705679547, 117861, 18100, 0.000000, 3.8905630459750966196, 72396
Rectangle(288) : 0.0069686268343130832619, 117650, 18068, 0.000000, 3.8891729848467123814, 72268
Rectangle(289) : 0.0069974340845030255686, 117440, 18035, 0.000000, 3.8877818832017370567, 72136
Rectangle(290) : 0.007026281001083421831, 117230, 18003, 0.000000, 3.8863897494052700671, 72008
Rectangle(291) : 0.0070551677173625762289, 117020, 17970, 0.000000, 3.8849965800029974089, 71876
Rectangle(292) : 0.0070840943673369652001, 116810, 17938, 0.000000, 3.8836023715238268738, 71748
Rectangle(293) : 0.007113061085696042564, 116601, 17906, 0.000000, 3.8822071204797756146, 71620
Rectangle(294) : 0.0071420677590563034161, 116391, 17873, 0.000000, 3.8808108353370389524, 71488
Rectangle(295) : 0.007171114771585940922, 116181, 17841, 0.000000, 3.8794135006203486779, 71360
Rectangle(296) : 0.0072002022600790710266, 115972, 17809, 0.000000, 3.8780151127904570073, 71232
Rectangle(297) : 0.0072293301108774573354, 115762, 17776, 0.000000, 3.8766156803539932024, 71100
Rectangle(298) : 0.0072584987126669391446, 115553, 17744, 0.000000, 3.8752151876919676561, 70972
Rectangle(299) : 0.0072877079516109039717, 115344, 17712, 0.000000, 3.8738136433380540171, 70844
Rectangle(300) : 0.0073169579658581821484, 115134, 17680, 0.000000, 3.8724110437325958159, 70716
Rectangle(301) : 0.0073462491486863006522, 114925, 17647, 0.000000, 3.8710073731108497669, 70584
Rectangle(302) : 0.007375581385998555164, 114716, 17615, 0.000000, 3.8696026400471861674, 70456
Rectangle(303) : 0.0074049548181270044314, 114508, 17583, 0.000000, 3.8681968409290283244, 70328
Rectangle(304) : 0.007434369329260977851, 114299, 17551, 0.000000, 3.8667899844081875316, 70200
Rectangle(305) : 0.0074638253173659322909, 114090, 17519, 0.000000, 3.8653820545727939623, 70072
Rectangle(306) : 0.0074933229249965116052, 113881, 17486, 0.000000, 3.8639730477564537538, 69940
Rectangle(307) : 0.0075228622954600345261, 113673, 17454, 0.000000, 3.8625629602745564071, 69812
Rectangle(308) : 0.0075524433125905277514, 113464, 17422, 0.000000, 3.8611518008344296031, 69684
Rectangle(309) : 0.007582066380707590693, 113256, 17390, 0.000000, 3.8597395533235359179, 69556
Rectangle(310) : 0.0076117313834740978619, 113048, 17358, 0.000000, 3.8583262264770548592, 69428
Rectangle(311) : 0.0076414384656557999252, 112840, 17326, 0.000000, 3.8569118165882394701, 69300
Rectangle(312) : 0.0076711877727861458972, 112631, 17294, 0.000000, 3.8554963199318468843, 69172
Rectangle(313) : 0.0077009797156787052004, 112423, 17262, 0.000000, 3.8540797201908801403, 69044
Rectangle(314) : 0.0077308141776677188377, 112215, 17229, 0.000000, 3.8526620261564032106, 68912
Rectangle(315) : 0.0077606913066269168344, 112008, 17197, 0.000000, 3.8512432340468162007, 68784
Rectangle(316) : 0.0077906109840968012731, 111800, 17165, 0.000000, 3.84982335273406779, 68656
Rectangle(317) : 0.0078205736258922759402, 111592, 17133, 0.000000, 3.8484023657456011487, 68528
Rectangle(318) : 0.0078505793822703819079, 111385, 17101, 0.000000, 3.8469802692424848131, 68400
Rectangle(319) : 0.0078806281345192707602, 111177, 17069, 0.000000, 3.8455570721395612943, 68272
Rectangle(320) : 0.0079107203035123139373, 110970, 17037, 0.000000, 3.8441327578058364137, 68144
Rectangle(321) : 0.0079408557703754826893, 110763, 17005, 0.000000, 3.8427073351848350873, 68016
Rectangle(322) : 0.0079710346869377357439, 110555, 16973, 0.000000, 3.8412808004135962285, 67888
Rectangle(323) : 0.0080012574792168149012, 110348, 16941, 0.000000, 3.8398531367003631748, 67760
Rectangle(324) : 0.0080315240281048814105, 110141, 16910, 0.000000, 3.8384243530318107912, 67636
Rectangle(325) : 0.0080618344879066973627, 109934, 16878, 0.000000, 3.8369944454857159201, 67508
Rectangle(326) : 0.0080921890137629903742, 109727, 16846, 0.000000, 3.8355634101198590858, 67380
Rectangle(327) : 0.0081225877616565795463, 109521, 16814, 0.000000, 3.8341312429718838721, 67252
Rectangle(328) : 0.008153030610452444119, 109314, 16782, 0.000000, 3.832697953141808613, 67124
Rectangle(329) : 0.0081835179949882017403, 109108, 16750, 0.000000, 3.831263523564755681, 66996
Rectangle(330) : 0.0082140497939723711475, 108901, 16718, 0.000000, 3.8298279633701769188, 66868
Rectangle(331) : 0.0082446264458246973605, 108695, 16687, 0.000000, 3.8283912553819423878, 66744
Rectangle(332) : 0.0082752478291025108973, 108488, 16655, 0.000000, 3.8269534087590395096, 66616
Rectangle(333) : 0.0083059143858531104061, 108282, 16623, 0.000000, 3.8255144062128222483, 66488
Rectangle(334) : 0.0083366259944880896478, 108076, 16591, 0.000000, 3.8240742569319145256, 66360
Rectangle(335) : 0.0083673828161407406945, 107870, 16559, 0.000000, 3.8226329568454949768, 66232
Rectangle(336) : 0.0083981850128297691081, 107664, 16528, 0.000000, 3.8211905018616918187, 66108
Rectangle(337) : 0.00842903274746587488, 107458, 16496, 0.000000, 3.8197468878674327039, 65980
Rectangle(338) : 0.0084599261838583950525, 107253, 16464, 0.000000, 3.8183021107282932131, 65852
Rectangle(339) : 0.0084908651982517294414, 107047, 16432, 0.000000, 3.81685617976540746, 65724
Rectangle(340) : 0.0085218502438836986462, 106841, 16401, 0.000000, 3.815409077345989216, 65600
Rectangle(341) : 0.0085528814872953663507, 106636, 16369, 0.000000, 3.8139607992707526253, 65472
Rectangle(342) : 0.0085839588045172309426, 106430, 16337, 0.000000, 3.8125113549064017807, 65344
Rectangle(343) : 0.0086150826545116535845, 106225, 16306, 0.000000, 3.8110607264438185382, 65220
Rectangle(344) : 0.0086462529131743395675, 106020, 16274, 0.000000, 3.8096089232801677865, 65092
Rectangle(345) : 0.0086774697488966576941, 105815, 16242, 0.000000, 3.8081559411874478301, 64964
Rectangle(346) : 0.0087087333310087159829, 105610, 16211, 0.000000, 3.806701775915475623, 64840
Rectangle(347) : 0.0087400438297864403994, 105405, 16179, 0.000000, 3.8052464231917262586, 64712
Rectangle(348) : 0.0087714014164587209009, 105200, 16148, 0.000000, 3.8037898787211709835, 64588
Rectangle(349) : 0.008802806263214625568, 104995, 16116, 0.000000, 3.8023321381861137169, 64460
Rectangle(350) : 0.0088342585432106836062, 104791, 16085, 0.000000, 3.8008731972460260599, 64336
Rectangle(351) : 0.0088657581299809790138, 104586, 16053, 0.000000, 3.799413065466476218, 64208
Rectangle(352) : 0.0088973054983234577033, 104382, 16022, 0.000000, 3.7979517245547743407, 64084
Rectangle(353) : 0.008928900521646969174, 104177, 15990, 0.000000, 3.7964891841077451401, 63956
Rectangle(354) : 0.008960543678813212636, 103973, 15959, 0.000000, 3.7950254257086081877, 63832
Rectangle(355) : 0.0089922348431126808459, 103769, 15927, 0.000000, 3.7935604589855434704, 63704
Rectangle(356) : 0.0090239741916559408125, 103565, 15896, 0.000000, 3.7920942795207252358, 63580
Rectangle(357) : 0.0090557619025575072224, 103361, 15864, 0.000000, 3.7906268828727596529, 63452
Rectangle(358) : 0.0090875981549435402489, 103157, 15833, 0.000000, 3.7891582645765114019, 63328
Rectangle(359) : 0.0091194831289596177948, 102953, 15801, 0.000000, 3.7876884201429286421, 63200
Rectangle(360) : 0.0091514170057785830376, 102750, 15770, 0.000000, 3.7862173450588663378, 63076
Rectangle(361) : 0.0091833996563387666515, 102546, 15738, 0.000000, 3.7847450491109680857, 62948
Rectangle(362) : 0.0092154315742011012924, 102342, 15707, 0.000000, 3.7832715134374605985, 62824
Rectangle(363) : 0.0092475129436626855941, 102139, 15676, 0.000000, 3.7817967334519766778, 62700
Rectangle(364) : 0.0092796436354988302272, 101936, 15644, 0.000000, 3.7803207189894544942, 62572
Rectangle(365) : 0.0093118238340448733767, 101732, 15613, 0.000000, 3.7788434654791934005, 62448
Rectangle(366) : 0.0093440540415064311304, 101529, 15582, 0.000000, 3.7773649537976353382, 62324
Rectangle(367) : 0.0093763341285140608258, 101326, 15550, 0.000000, 3.77588519382808175, 62196
Rectangle(368) : 0.0094086642826090421904, 101123, 15519, 0.000000, 3.7744041809250340475, 62072
Rectangle(369) : 0.0094410446924161586134, 100920, 15488, 0.000000, 3.7729219104177328166, 61948
Rectangle(370) : 0.0094734755476521646857, 100718, 15457, 0.000000, 3.7714383776099683831, 61824
Rectangle(371) : 0.0095059567166349678429, 100515, 15425, 0.000000, 3.7699535925168290468, 61696
Rectangle(372) : 0.009538488712779989273, 100312, 15394, 0.000000, 3.7684675356789687025, 61572
Rectangle(373) : 0.0095710717291257800927, 100110, 15363, 0.000000, 3.7669802023228145723, 61448
Rectangle(374) : 0.0096037056338538074083, 99907, 15332, 0.000000, 3.7654916025130808897, 61324
Rectangle(375) : 0.0096363909472203691196, 99705, 15301, 0.000000, 3.7640017165847537169, 61200
Rectangle(376) : 0.0096691275373270313103, 99503, 15269, 0.000000, 3.7625105546356977714, 61072
Rectangle(377) : 0.0097019155995425996627, 99301, 15238, 0.000000, 3.7610181118556175955, 60948
Rectangle(378) : 0.0097347553303797072205, 99099, 15207, 0.000000, 3.7595243834077107491, 60824
Rectangle(379) : 0.0097676469275038730622, 98897, 15176, 0.000000, 3.7580293644284663723, 60700
Rectangle(380) : 0.0098005905897426514516, 98695, 15145, 0.000000, 3.7565330500274618003, 60576
Rectangle(381) : 0.009833586517094872555, 98493, 15114, 0.000000, 3.7550354352871572089, 60452
Rectangle(382) : 0.0098666349107399758335, 98292, 15083, 0.000000, 3.753536515262688267, 60328
Rectangle(383) : 0.009899735636284910195, 98090, 15052, 0.000000, 3.7520363002391639445, 60204
Rectangle(384) : 0.0099328892329842594044, 97889, 15021, 0.000000, 3.7505347699857228204, 60080
Rectangle(385) : 0.009966095566382146019, 97687, 14990, 0.000000, 3.7490319348214791062, 59956
Rectangle(386) : 0.00999935518060739072, 97486, 14958, 0.000000, 3.7475277743703537958, 59828
Rectangle(387) : 0.010032667941151164737, 97285, 14927, 0.000000, 3.7460222989855549289, 59704
Rectangle(388) : 0.010066034054107792736, 97084, 14896, 0.000000, 3.7445155036269940422, 59580
Rectangle(389) : 0.010099453726799760455, 96883, 14866, 0.000000, 3.7430073832263121132, 59460
Rectangle(390) : 0.010132927167787615003, 96682, 14835, 0.000000, 3.7414979326866608873, 59336
Rectangle(391) : 0.010166454586879965811, 96481, 14804, 0.000000, 3.7399871468824820535, 59212
Rectangle(392) : 0.010200036195143587478, 96280, 14773, 0.000000, 3.7384750206592842431, 59088
Rectangle(393) : 0.010233672204913625744, 96080, 14742, 0.000000, 3.736961548833417825, 58964
Rectangle(394) : 0.010267362479152108444, 95879, 14711, 0.000000, 3.7354467419523513378, 58840
Rectangle(395) : 0.010301107582271168419, 95679, 14680, 0.000000, 3.7339305790411868288, 58716
Rectangle(396) : 0.010334907377200475653, 95479, 14649, 0.000000, 3.7324130706823572181, 58592
Rectangle(397) : 0.010368762078974503002, 95278, 14618, 0.000000, 3.7308942116493888316, 58468
Rectangle(398) : 0.010402672259831042694, 95078, 14587, 0.000000, 3.7293739807363756032, 58344
Rectangle(399) : 0.010436637782672671416, 94878, 14557, 0.000000, 3.7278523885782664698, 58224
Rectangle(400) : 0.010470658866470583118, 94678, 14526, 0.000000, 3.7263294298585450063, 58100
Rectangle(401) : 0.010504735731527497555, 94479, 14495, 0.000000, 3.7248050992302626953, 57976
Rectangle(402) : 0.01053886823821395976, 94279, 14464, 0.000000, 3.7232794074584745761, 57852
Rectangle(403) : 0.010573056969611815853, 94079, 14433, 0.000000, 3.7217523330212693479, 57728
Rectangle(404) : 0.010607302150077395518, 93880, 14403, 0.000000, 3.7202238704791244452, 57608
Rectangle(405) : 0.010641603639963197866, 93680, 14372, 0.000000, 3.7186940306509279739, 57484
Rectangle(406) : 0.010675962030555116397, 93481, 14341, 0.000000, 3.7171627917741150697, 57360
Rectangle(407) : 0.010710377182209186369, 93282, 14311, 0.000000, 3.7156301647035030467, 57240
Rectangle(408) : 0.010744849322222302545, 93083, 14280, 0.000000, 3.714096143952704033, 57116
Rectangle(409) : 0.010779378679290217245, 92884, 14249, 0.000000, 3.712560724003546654, 56992
Rectangle(410) : 0.010813965483519186138, 92685, 14218, 0.000000, 3.7110238993058221409, 56868
Rectangle(411) : 0.010848609966437736304, 92486, 14188, 0.000000, 3.7094856642770278602, 56748
Rectangle(412) : 0.010883312361008558135, 92287, 14157, 0.000000, 3.7079460133021082307, 56624
Rectangle(413) : 0.010918072901640522639, 92088, 14127, 0.000000, 3.7064049407331929977, 56504
Rectangle(414) : 0.010952891824200825751, 91890, 14096, 0.000000, 3.704862440889332829, 56380
Rectangle(415) : 0.010987768986469726968, 91691, 14065, 0.000000, 3.7033185248518657034, 56256
Rectangle(416) : 0.011022705005543047858, 91493, 14035, 0.000000, 3.7017731701085940093, 56136
Rectangle(417) : 0.011057699739239708739, 91295, 14004, 0.000000, 3.7002263877777164087, 56012
Rectangle(418) : 0.011092753426602408958, 91097, 13974, 0.000000, 3.6986781721275327369, 55892
Rectangle(419) : 0.011127866308169612408, 90899, 13943, 0.000000, 3.6971285173925813244, 55768
Rectangle(420) : 0.011163038625988208667, 90701, 13913, 0.000000, 3.695577417773364793, 55648
Rectangle(421) : 0.011198270623626309292, 90503, 13882, 0.000000, 3.6940248674360730197, 55524
Rectangle(422) : 0.011233562546186181042, 90305, 13852, 0.000000, 3.6924708605123032321, 55404
Rectangle(423) : 0.011268914640317317781, 90107, 13821, 0.000000, 3.6909153910987771986, 55280
Rectangle(424) : 0.011304327154229652863, 89910, 13791, 0.000000, 3.6893584532570554785, 55160
Rectangle(425) : 0.011339799943165889716, 89712, 13760, 0.000000, 3.6878000583396374895, 55036
Rectangle(426) : 0.011375333651681357407, 89515, 13730, 0.000000, 3.6862401830434697137, 54916
Rectangle(427) : 0.011410928135098030252, 89318, 13700, 0.000000, 3.6846788387588472677, 54796
Rectangle(428) : 0.011446583645059727192, 89120, 13669, 0.000000, 3.6831160194923084324, 54672
Rectangle(429) : 0.011482300835583653454, 88923, 13639, 0.000000, 3.6815517016685047509, 54552
Rectangle(430) : 0.011518079562141107709, 88726, 13609, 0.000000, 3.6799858967344326977, 54432
Rectangle(431) : 0.011553920081230601574, 88529, 13578, 0.000000, 3.6784185985878087088, 54308
Rectangle(432) : 0.01158982265099404416, 88333, 13548, 0.000000, 3.6768498010895406468, 54188
Rectangle(433) : 0.011625787124079861926, 88136, 13518, 0.000000, 3.6752795158336128014, 54068
Rectangle(434) : 0.011661814167692388167, 87939, 13487, 0.000000, 3.6737077188704686971, 53944
Rectangle(435) : 0.011697904044980854816, 87743, 13457, 0.000000, 3.6721344039489536183, 53824
Rectangle(436) : 0.011734056608763138914, 87547, 13427, 0.000000, 3.6705595827211881331, 53704
Rectangle(437) : 0.011770272122518278304, 87350, 13397, 0.000000, 3.6689832489519491096, 53584
Rectangle(438) : 0.011806551266753561064, 87154, 13366, 0.000000, 3.6674053783115821082, 53460
Rectangle(439) : 0.011842893894496539953, 86958, 13336, 0.000000, 3.6658259825102520778, 53340
Rectangle(440) : 0.011879300274386949715, 86762, 13306, 0.000000, 3.6642450551977932632, 53220
Rectangle(441) : 0.011915770676811949061, 86566, 13276, 0.000000, 3.6626625899851516786, 53100
Rectangle(442) : 0.011952305373921497287, 86370, 13246, 0.000000, 3.6610785804440567819, 52980
Rectangle(443) : 0.011988904639643901557, 86175, 13215, 0.000000, 3.6594930201066896235, 52856
Rectangle(444) : 0.012025568324240439875, 85979, 13185, 0.000000, 3.6579059208754610836, 52736
Rectangle(445) : 0.012062297129191363486, 85784, 13155, 0.000000, 3.6563172578286668027, 52616
Rectangle(446) : 0.012099090904928431783, 85588, 13125, 0.000000, 3.6547270429083553011, 52496
Rectangle(447) : 0.01213595036002620665, 85393, 13095, 0.000000, 3.6531352509918535247, 52376
Rectangle(448) : 0.012172875345106855573, 85198, 13065, 0.000000, 3.6515418940608781983, 52256
Rectangle(449) : 0.012209866141769463594, 85003, 13035, 0.000000, 3.6499469655020273538, 52136
Rectangle(450) : 0.012246923033473309663, 84808, 13005, 0.000000, 3.6483504586607685269, 52016
Rectangle(451) : 0.012284046305554490312, 84613, 12975, 0.000000, 3.6467523668410861032, 51896
Rectangle(452) : 0.012321236245242730726, 84418, 12945, 0.000000, 3.6451526833051248183, 51776
Rectangle(453) : 0.012358493141678385738, 84223, 12915, 0.000000, 3.6435514012728293595, 51656
Rectangle(454) : 0.012395817285929633371, 84029, 12885, 0.000000, 3.6419485139215800188, 51536
Rectangle(455) : 0.012433208526024381374, 83834, 12855, 0.000000, 3.6403440334727490692, 51416
Rectangle(456) : 0.012470667600307759826, 83640, 12825, 0.000000, 3.6387379339691341412, 51296
Rectangle(457) : 0.012508194357050575872, 83446, 12795, 0.000000, 3.6371302276726694278, 51176
Rectangle(458) : 0.012545789091701399991, 83252, 12765, 0.000000, 3.6355209076900853311, 51056
Rectangle(459) : 0.012583452101691431286, 83058, 12735, 0.000000, 3.6339099670845606164, 50936
Rectangle(460) : 0.012621183686452496573, 82864, 12705, 0.000000, 3.632297398875343078, 50816
Rectangle(461) : 0.012658984147435255588, 82670, 12675, 0.000000, 3.6306831960373660038, 50696
Rectangle(462) : 0.012696853788127615163, 82476, 12646, 0.000000, 3.6290673515008603779, 50580
Rectangle(463) : 0.012734792914073355261, 82282, 12616, 0.000000, 3.6274498581509627664, 50460
Rectangle(464) : 0.01277280183289096984, 82089, 12586, 0.000000, 3.6258307088273188276, 50340
Rectangle(465) : 0.012810880390417889632, 81895, 12556, 0.000000, 3.6242099160601972745, 50220
Rectangle(466) : 0.012849029360636586711, 81702, 12526, 0.000000, 3.6225874529012844987, 50100
Rectangle(467) : 0.012887248589699538469, 81509, 12497, 0.000000, 3.6209633319222923354, 49984
Rectangle(468) : 0.012925538389990577401, 81316, 12467, 0.000000, 3.6193375458858709595, 49864
Rectangle(469) : 0.01296389907602882167, 81123, 12437, 0.000000, 3.6177100875080919909, 49744
Rectangle(470) : 0.013002330964488421192, 80930, 12407, 0.000000, 3.616080949458035248, 49624
Rectangle(471) : 0.01304083437421853407, 80737, 12378, 0.000000, 3.6144501243573708361, 49508
Rectangle(472) : 0.013079409626263536619, 80544, 12348, 0.000000, 3.6128176047799365073, 49388
Rectangle(473) : 0.013118057043883470277, 80352, 12318, 0.000000, 3.6111833832513102267, 49268
Rectangle(474) : 0.013156776470696135926, 80159, 12289, 0.000000, 3.6095474725994943342, 49152
Rectangle(475) : 0.0131955687145190316, 79967, 12259, 0.000000, 3.6079098449439167812, 49032
Rectangle(476) : 0.013234433619354075015, 79774, 12229, 0.000000, 3.6062705131548813847, 48912
Rectangle(477) : 0.013273372001698634413, 79582, 12200, 0.000000, 3.6046294491123844242, 48796
Rectangle(478) : 0.013312383705967343222, 79390, 12170, 0.000000, 3.6029866657289958831, 48676
Rectangle(479) : 0.013351469065152744354, 79198, 12141, 0.000000, 3.6013421553476755001, 48560
Rectangle(480) : 0.013390628414572523584, 79006, 12111, 0.000000, 3.5996959102610392219, 48440
Rectangle(481) : 0.01342986209189147454, 78814, 12082, 0.000000, 3.5980479227109029391, 48324
Rectangle(482) : 0.013469170437143725447, 78623, 12052, 0.000000, 3.5963981848878209605, 48204
Rectangle(483) : 0.013508553291841305302, 78431, 12023, 0.000000, 3.5947467099270296444, 48088
Rectangle(484) : 0.013548011499819362826, 78240, 11993, 0.000000, 3.593093468963721163, 47968
Rectangle(485) : 0.013587544903052539221, 78048, 11964, 0.000000, 3.5914384751762657115, 47852
Rectangle(486) : 0.013627154354610250702, 77857, 11934, 0.000000, 3.5897816994472424957, 47732
Rectangle(487) : 0.013666839696961577397, 77666, 11905, 0.000000, 3.5881231549980947985, 47616
Rectangle(488) : 0.013706601280601755787, 77475, 11875, 0.000000, 3.5864628338239014657, 47496
Rectangle(489) : 0.013746439458514939413, 77284, 11846, 0.000000, 3.5848007278662152838, 47380
Rectangle(490) : 0.013786354586198110772, 77093, 11817, 0.000000, 3.5831368290125696358, 47264
Rectangle(491) : 0.013826347021685283014, 76902, 11787, 0.000000, 3.5814711290959793725, 47144
Rectangle(492) : 0.013866417125571995705, 76712, 11758, 0.000000, 3.5798036198944358147, 47028
Rectangle(493) : 0.013906564737678242913, 76521, 11728, 0.000000, 3.5781343148820346511, 46908
Rectangle(494) : 0.013946790745112568584, 76331, 11699, 0.000000, 3.5764631840212035564, 46792
Rectangle(495) : 0.013987094988264383751, 76141, 11670, 0.000000, 3.5747902408299241934, 46676
Rectangle(496) : 0.014027477833785586838, 75950, 11641, 0.000000, 3.573115476988148749, 46560
Rectangle(497) : 0.014067940183713014734, 75760, 11611, 0.000000, 3.5714388620539415865, 46440
Rectangle(498) : 0.014108481879357866128, 75570, 11582, 0.000000, 3.5697604096108038421, 46324
Rectangle(499) : 0.014149103295390826348, 75380, 11553, 0.000000, 3.5680801111673955326, 46208
Rectangle(500) : 0.014189804809203076222, 75191, 11524, 0.000000, 3.5663979581743153634, 46092
Rectangle(501) : 0.014230586258554385759, 75001, 11494, 0.000000, 3.5647139644103351177, 45972
Rectangle(502) : 0.01427144856658241652, 74811, 11465, 0.000000, 3.5630280988713503833, 45856
Rectangle(503) : 0.014312392118986091787, 74622, 11436, 0.000000, 3.5613403528308154206, 45740
Rectangle(504) : 0.014353416754520261541, 74433, 11407, 0.000000, 3.5596507401345968237, 45624
Rectangle(505) : 0.014394522859878564939, 74243, 11378, 0.000000, 3.5579592520685738748, 45508
Rectangle(506) : 0.014435711379362806873, 74054, 11349, 0.000000, 3.5562658570599390984, 45392
Rectangle(507) : 0.014476982152812720978, 73865, 11319, 0.000000, 3.5545705690211001143, 45272
Rectangle(508) : 0.014518335575530125704, 73676, 11290, 0.000000, 3.5528733790553224669, 45156
Rectangle(509) : 0.014559772045738271131, 73488, 11261, 0.000000, 3.5511742782039530491, 45040
Rectangle(510) : 0.014601291399621952181, 73299, 11232, 0.000000, 3.5494732805825232712, 44924
Rectangle(511) : 0.0146428946040392365, 73110, 11203, 0.000000, 3.5477703540226197043, 44808
Rectangle(512) : 0.014684582066137754072, 72922, 11174, 0.000000, 3.5460654893766148431, 44692
Rectangle(513) : 0.014726353623272454366, 72733, 11145, 0.000000, 3.5443587008281481463, 44576
Rectangle(514) : 0.014768210259198762207, 72545, 11116, 0.000000, 3.5426499557584260732, 44460
Rectangle(515) : 0.014810151812107417883, 72357, 11087, 0.000000, 3.5409392683961902537, 44344
Rectangle(516) : 0.01485217869642263535, 72169, 11058, 0.000000, 3.5392266294757985797, 44228
Rectangle(517) : 0.014894291329678961454, 71981, 11029, 0.000000, 3.5375120296661207865, 44112
Rectangle(518) : 0.014936490132552860411, 71793, 11000, 0.000000, 3.5357954595699005059, 43996
Rectangle(519) : 0.014978775528894702937, 71606, 10972, 0.000000, 3.5340769097231094116, 43884
Rectangle(520) : 0.015021147354017222131, 71418, 10943, 0.000000, 3.5323563946113480171, 43768
Rectangle(521) : 0.015063606627514258565, 71230, 10914, 0.000000, 3.5306338806739200951, 43652
Rectangle(522) : 0.015106153782935765235, 71043, 10885, 0.000000, 3.5289093582429314701, 43536
Rectangle(523) : 0.015148788657001372423, 70856, 10856, 0.000000, 3.5271828418728174373, 43420
Rectangle(524) : 0.015191511684576635173, 70669, 10827, 0.000000, 3.5254543219056510635, 43304
Rectangle(525) : 0.015234323303842588435, 70482, 10798, 0.000000, 3.5237237886141623536, 43188
Rectangle(526) : 0.015277223956329949213, 70295, 10770, 0.000000, 3.5219912322010520421, 43076
Rectangle(527) : 0.01532021408695376388, 70108, 10741, 0.000000, 3.5202566427982967418, 42960
Rectangle(528) : 0.015363294144048507658, 69921, 10712, 0.000000, 3.5185200104664453183, 42844
Rectangle(529) : 0.015406464579403643387, 69734, 10683, 0.000000, 3.5167813251939063559, 42728
Rectangle(530) : 0.015449725848299646862, 69548, 10655, 0.000000, 3.5150405768962265763, 42616
Rectangle(531) : 0.015493077786197159754, 69361, 10626, 0.000000, 3.5132977804631130322, 42500
Rectangle(532) : 0.015536521476173704397, 69175, 10597, 0.000000, 3.5115529006744244355, 42384
Rectangle(533) : 0.015580056754824581513, 68989, 10569, 0.000000, 3.5098059524659083003, 42272
Rectangle(534) : 0.015623684086029062057, 68803, 10540, 0.000000, 3.508056925613775428, 42156
Rectangle(535) : 0.015667403937279934482, 68617, 10511, 0.000000, 3.506305809819231726, 42040
Rectangle(536) : 0.015711216779721592259, 68431, 10483, 0.000000, 3.5045525947077198395, 41928
Rectangle(537) : 0.015755123088188627957, 68245, 10454, 0.000000, 3.5027972698281510255, 41812
Rectangle(538) : 0.015799123341244941988, 68060, 10426, 0.000000, 3.5010398246521271142, 41700
Rectangle(539) : 0.01584321737334385658, 67874, 10397, 0.000000, 3.4992802744144027153, 41584
Rectangle(540) : 0.015887406315713753782, 67689, 10369, 0.000000, 3.4975185826513507432, 41472
Rectangle(541) : 0.015931690004092239958, 67504, 10340, 0.000000, 3.4957547646442115782, 41356
Rectangle(542) : 0.015976068926298986396, 67318, 10312, 0.000000, 3.4939888097148434803, 41244
Rectangle(543) : 0.016020544234681808873, 67133, 10283, 0.000000, 3.4922206808528786091, 41128
Rectangle(544) : 0.016065115767025855446, 66948, 10255, 0.000000, 3.4904503934084480463, 41016
Rectangle(545) : 0.016109784022887247094, 66764, 10226, 0.000000, 3.4886779364615355, 40900
Rectangle(546) : 0.016154548835308035775, 66579, 10198, 0.000000, 3.4869033255781786331, 40788
Rectangle(547) : 0.016199411379437238356, 66394, 10169, 0.000000, 3.4851265231707956242, 40672
Rectangle(548) : 0.016244372166905545667, 66210, 10141, 0.000000, 3.4833475180709088943, 40560
Rectangle(549) : 0.016289431032908731121, 66025, 10113, 0.000000, 3.4815663259150986132, 40448
Rectangle(550) : 0.016334589174914260824, 65841, 10084, 0.000000, 3.479782908542105301, 40332
Rectangle(551) : 0.016379846429642197904, 65657, 10056, 0.000000, 3.4779972816349048399, 40220
Rectangle(552) : 0.01642520331895536946, 65473, 10027, 0.000000, 3.476209433859455284, 40104
Rectangle(553) : 0.016470660368943295098, 65289, 9999, 0.000000, 3.4744193537952553786, 39992
Rectangle(554) : 0.016516218109968509994, 65105, 9971, 0.000000, 3.4726270299344356339, 39880
Rectangle(555) : 0.016561877076713528589, 64921, 9943, 0.000000, 3.4708324506808372364, 39768
Rectangle(556) : 0.016607637808228459617, 64738, 9914, 0.000000, 3.4690356043490786007, 39652
Rectangle(557) : 0.016653500139538495123, 64554, 9886, 0.000000, 3.4672365069410462893, 39540
Rectangle(558) : 0.016699465323832900524, 64371, 9858, 0.000000, 3.4654351188834904963, 39428
Rectangle(559) : 0.016745533197858214571, 64188, 9830, 0.000000, 3.4636314562248299337, 39316
Rectangle(560) : 0.016791704311714773896, 64005, 9802, 0.000000, 3.4618255071012039008, 39204
Rectangle(561) : 0.016837979220036017609, 63822, 9773, 0.000000, 3.4600172595566712167, 39088
Rectangle(562) : 0.016884358482039036494, 63639, 9745, 0.000000, 3.4582067015422253074, 38976
Rectangle(563) : 0.01693084266157583351, 63456, 9717, 0.000000, 3.456393820914795883, 38864
Rectangle(564) : 0.016977432327185307726, 63273, 9689, 0.000000, 3.4545786054362369836, 38752
Rectangle(565) : 0.017024128052145973997, 63091, 9661, 0.000000, 3.4527610427723011656, 38640
Rectangle(566) : 0.017070929672706312257, 62908, 9633, 0.000000, 3.4509411493233892971, 38528
Rectangle(567) : 0.017117838510204299625, 62726, 9605, 0.000000, 3.4491188838034288938, 38416
Rectangle(568) : 0.017164854402877249102, 62544, 9577, 0.000000, 3.44729426265901186, 38304
Rectangle(569) : 0.017211977936112395748, 62362, 9549, 0.000000, 3.4454672733605208473, 38192
Rectangle(570) : 0.017259209700221316579, 62180, 9521, 0.000000, 3.4436379032790617267, 38080
Rectangle(571) : 0.017306550290495987884, 61998, 9493, 0.000000, 3.441806139685379576, 37968
Rectangle(572) : 0.017354000307265647866, 61816, 9465, 0.000000, 3.4399719697487595982, 37856
Rectangle(573) : 0.017401560355954478583, 61635, 9437, 0.000000, 3.4381353805359127189, 37744
Rectangle(574) : 0.017449230273704716479, 61453, 9409, 0.000000, 3.4362963888322042939, 37632
Rectangle(575) : 0.017497011446126440468, 61272, 9381, 0.000000, 3.4344549517528966438, 37520
Rectangle(576) : 0.017544903712606282755, 61090, 9353, 0.000000, 3.4326110861292655515, 37408
Rectangle(577) : 0.017592908477479899805, 60909, 9325, 0.000000, 3.4307647486092367347, 37296
Rectangle(578) : 0.017641025582482596233, 60728, 9297, 0.000000, 3.4289159560692327643, 37184
Rectangle(579) : 0.017689255656848115149, 60547, 9270, 0.000000, 3.4270646951507515258, 37076
Rectangle(580) : 0.017737599335232688316, 60366, 9242, 0.000000, 3.4252109523868537522, 36964
Rectangle(581) : 0.01778605725777827447, 60186, 9214, 0.000000, 3.4233547142009500425, 36852
Rectangle(582) : 0.017834629263131694701, 60005, 9186, 0.000000, 3.4214959977732313794, 36740
Rectangle(583) : 0.017883316805799359585, 59825, 9158, 0.000000, 3.4196347585203960495, 36628
Rectangle(584) : 0.017932119726961422202, 59644, 9131, 0.000000, 3.4177710136680176486, 36520
Rectangle(585) : 0.017981039501182936816, 59464, 9103, 0.000000, 3.4159047181366562516, 36408
Rectangle(586) : 0.018030075972293804842, 59284, 9075, 0.000000, 3.4140358891963787206, 36296
Rectangle(587) : 0.01807922980619833859, 59104, 9048, 0.000000, 3.4121645128128313691, 36188
Rectangle(588) : 0.018128501674647391638, 58924, 9020, 0.000000, 3.4102905748355902674, 36076
Rectangle(589) : 0.018177892255307828646, 58745, 8992, 0.000000, 3.4084140609968384139, 35964
Rectangle(590) : 0.018227401389038305085, 58565, 8965, 0.000000, 3.4065349888809275572, 35856
Rectangle(591) : 0.018277030604250136854, 58385, 8937, 0.000000, 3.4046533120991143151, 35744
Rectangle(592) : 0.018326780596749907588, 58206, 8909, 0.000000, 3.4027690160240210061, 35632
Rectangle(593) : 0.01837665121173846583, 58027, 8882, 0.000000, 3.4008821183066331514, 35524
Rectangle(594) : 0.018426643148566263806, 57848, 8854, 0.000000, 3.3989926043085397811, 35412
Rectangle(595) : 0.018476757112822738356, 57669, 8827, 0.000000, 3.3971004592683167778, 35304
Rectangle(596) : 0.018526993816411639096, 57490, 8799, 0.000000, 3.3952056683001023471, 35192
Rectangle(597) : 0.018577353977627504505, 57311, 8772, 0.000000, 3.3933082163921514846, 35084
Rectangle(598) : 0.018627838321233307082, 57132, 8744, 0.000000, 3.3914080884053690626, 34972
Rectangle(599) : 0.018678447578539289177, 56954, 8717, 0.000000, 3.3895052690718211511, 34864
Rectangle(600) : 0.018729181596677994468, 56775, 8689, 0.000000, 3.3875997764327884865, 34752
Rectangle(601) : 0.018780042006654793913, 56597, 8662, 0.000000, 3.3856915616142782031, 34644
Rectangle(602) : 0.018831028658979374336, 56419, 8634, 0.000000, 3.3837806426997542757, 34532
Rectangle(603) : 0.018882142302303427479, 56241, 8607, 0.000000, 3.3818670041434902022, 34424
Rectangle(604) : 0.018933383692110569781, 56063, 8580, 0.000000, 3.3799506302661205555, 34316
Rectangle(605) : 0.018984753590800724082, 55885, 8552, 0.000000, 3.3780315052530578922, 34204
Rectangle(606) : 0.019036252767775816824, 55708, 8525, 0.000000, 3.3761096131528857818, 34096
Rectangle(607) : 0.019087881072743736795, 55530, 8498, 0.000000, 3.3741849724064903201, 33988
Rectangle(608) : 0.019139640211450858897, 55353, 8470, 0.000000, 3.3722575323537707055, 33876
Rectangle(609) : 0.019191530037338412792, 55175, 8443, 0.000000, 3.370327311476717755, 33768
Rectangle(610) : 0.01924355228131624184, 54998, 8416, 0.000000, 3.368394258510521439, 33660
Rectangle(611) : 0.019295706800726229866, 54821, 8389, 0.000000, 3.3664583919768391248, 33552
Rectangle(612) : 0.019347994398398232185, 54644, 8361, 0.000000, 3.3645196953394792305, 33440
Rectangle(613) : 0.019400415884660941343, 54467, 8334, 0.000000, 3.3625781519167426259, 33332
Rectangle(614) : 0.019452972077436690744, 54291, 8307, 0.000000, 3.3606337448796583189, 33224
Rectangle(615) : 0.019505662831795233749, 54114, 8280, 0.000000, 3.358686493098129861, 33116
Rectangle(616) : 0.019558489946647178345, 53938, 8253, 0.000000, 3.356736343702214586, 33008
Rectangle(617) : 0.019611453281285137012, 53761, 8226, 0.000000, 3.3547833156007159643, 32900
Rectangle(618) : 0.019664554661757983797, 53585, 8199, 0.000000, 3.352827355277754304, 32792
Rectangle(619) : 0.019717793951769698909, 53409, 8172, 0.000000, 3.3508684816793623064, 32684
Rectangle(620) : 0.01977117200568719151, 53233, 8144, 0.000000, 3.3489066773424439145, 32572
Rectangle(621) : 0.019824689686023495004, 53057, 8117, 0.000000, 3.3469419246470409491, 32464
Rectangle(622) : 0.019878347863542899436, 52882, 8090, 0.000000, 3.3449742058143915334, 32356
Rectangle(623) : 0.019932146400016829914, 52706, 8063, 0.000000, 3.3430035401501886067, 32248
Rectangle(624) : 0.01998608719499558354, 52531, 8036, 0.000000, 3.341029872420605594, 32140
Rectangle(625) : 0.020040170115031764187, 52355, 8009, 0.000000, 3.3390532219674166202, 32032
Rectangle(626) : 0.020094397088997334173, 52180, 7983, 0.000000, 3.3370735328656714788, 31928
Rectangle(627) : 0.02014876798843899135, 52005, 7956, 0.000000, 3.3350908244912839915, 31820
Rectangle(628) : 0.020203283723935410617, 51830, 7929, 0.000000, 3.3331050783765113719, 31712
Rectangle(629) : 0.020257945214932449232, 51655, 7902, 0.000000, 3.3311162758841834538, 31604
Rectangle(630) : 0.020312753389860029978, 51481, 7875, 0.000000, 3.3291243982055608283, 31496
Rectangle(631) : 0.02036770811875429312, 51306, 7848, 0.000000, 3.3271294650877091459, 31388
Rectangle(632) : 0.020422811410086451331, 51132, 7821, 0.000000, 3.3251314187637801669, 31280
Rectangle(633) : 0.020478063139312059172, 50957, 7795, 0.000000, 3.3231302790133696166, 31176
Rectangle(634) : 0.020533465346643993345, 50783, 7768, 0.000000, 3.3211259873288649334, 31068
Rectangle(635) : 0.020589017913198329736, 50609, 7741, 0.000000, 3.3191185635201342706, 30960
Rectangle(636) : 0.020644721810993586197, 50435, 7714, 0.000000, 3.3171079880283262633, 30852
Rectangle(637) : 0.020700578021720825738, 50261, 7688, 0.000000, 3.3150942411112216393, 30748
Rectangle(638) : 0.020756587536873950858, 50088, 7661, 0.000000, 3.3130773028408643496, 30640
Rectangle(639) : 0.020812750236579286754, 49914, 7634, 0.000000, 3.3110571934097439573, 30532
Rectangle(640) : 0.020869068247426138218, 49741, 7607, 0.000000, 3.3090338523318324166, 30424
Rectangle(641) : 0.020925541455691589906, 49567, 7581, 0.000000, 3.3070072998277236335, 30320
Rectangle(642) : 0.020982172022395802863, 49394, 7554, 0.000000, 3.3049774746159582481, 30212
Rectangle(643) : 0.021038959840240398527, 49221, 7528, 0.000000, 3.3029443969426067873, 30108
Rectangle(644) : 0.021095905948546662252, 49048, 7501, 0.000000, 3.3009080460612956536, 30000
Rectangle(645) : 0.021153011397210446619, 48876, 7475, 0.000000, 3.2988684010267755874, 29896
Rectangle(646) : 0.021210276075192007622, 48703, 7448, 0.000000, 3.296825482466436263, 29788
Rectangle(647) : 0.021267702219012027667, 48530, 7421, 0.000000, 3.2947792273919731047, 29680
Rectangle(648) : 0.021325290911107473229, 48358, 7395, 0.000000, 3.2927296142468977458, 29576
Rectangle(649) : 0.021383042050820589937, 48186, 7368, 0.000000, 3.290676663693853816, 29468
Rectangle(650) : 0.021440956728604466038, 48014, 7342, 0.000000, 3.2886203541162598441, 29364
Rectangle(651) : 0.021499036046180928316, 47842, 7316, 0.000000, 3.2865606636870726063, 29260
Rectangle(652) : 0.021557281116698194999, 47670, 7289, 0.000000, 3.2844975703659634524, 29152
Rectangle(653) : 0.021615693064891313594, 47498, 7263, 0.000000, 3.2824310518964463739, 29048
Rectangle(654) : 0.021674273027245443165, 47327, 7236, 0.000000, 3.2803610858029568118, 28940
Rectangle(655) : 0.021733020910817251157, 47155, 7210, 0.000000, 3.2782876931722377167, 28836
Rectangle(656) : 0.021791939110227117294, 46984, 7184, 0.000000, 3.2762108074451176208, 28732
Rectangle(657) : 0.021851027540489443142, 46813, 7157, 0.000000, 3.2741304497242559253, 28624
Rectangle(658) : 0.021910287371086163197, 46642, 7131, 0.000000, 3.2720465970161568292, 28520
Rectangle(659) : 0.021969719783868980332, 46471, 7105, 0.000000, 3.2699592260981821956, 28416
Rectangle(660) : 0.022029325973236503781, 46300, 7079, 0.000000, 3.2678683135154048071, 28312
Rectangle(661) : 0.022089107146314590278, 46129, 7052, 0.000000, 3.265773835577406571, 28204
Rectangle(662) : 0.02214906452313995841, 45959, 7026, 0.000000, 3.2636757683550205014, 28100
Rectangle(663) : 0.022209198028402366654, 45788, 7000, 0.000000, 3.2615741333782344416, 27996
Rectangle(664) : 0.022269510209178513995, 45618, 6974, 0.000000, 3.2594688606877450241, 27892
Rectangle(665) : 0.022330000999232609857, 45448, 6948, 0.000000, 3.2573599718212396471, 27788
Rectangle(666) : 0.022390671655187134581, 45278, 6922, 0.000000, 3.2552474422771928128, 27684
Rectangle(667) : 0.022451523447277712628, 45108, 6895, 0.000000, 3.2531312473039902294, 27576
Rectangle(668) : 0.022512557659552785569, 44939, 6869, 0.000000, 3.2510113618964111628, 27472
Rectangle(669) : 0.022573774227831928656, 44769, 6843, 0.000000, 3.2488878080175718197, 27368
Rectangle(670) : 0.022635175818397220974, 44600, 6817, 0.000000, 3.2467605130855052626, 27264
Rectangle(671) : 0.022696762376986582079, 44430, 6791, 0.000000, 3.2446294990656464769, 27160
Rectangle(672) : 0.02275853661734367518, 44261, 6765, 0.000000, 3.2424946923225400217, 27056
Rectangle(673) : 0.022820498495573325211, 44092, 6739, 0.000000, 3.2403561148193104136, 26952
Rectangle(674) : 0.022882649364547726699, 43923, 6713, 0.000000, 3.2382137404003475061, 26848
Rectangle(675) : 0.0229449905921596919, 43754, 6687, 0.000000, 3.2360675426364138974, 26744
Rectangle(676) : 0.023007523561548465815, 43586, 6662, 0.000000, 3.233917494820700238, 26644
Rectangle(677) : 0.023070248232195478623, 43417, 6636, 0.000000, 3.2317636193509042592, 26540
Rectangle(678) : 0.023133167448616486621, 43249, 6610, 0.000000, 3.2296058397463303362, 26436
Rectangle(679) : 0.023196281181644911101, 43081, 6584, 0.000000, 3.2274441783956151483, 26332
Rectangle(680) : 0.023259590858263272215, 42913, 6558, 0.000000, 3.225278607911496244, 26228
Rectangle(681) : 0.023323097921575357043, 42745, 6532, 0.000000, 3.2231091006151789139, 26124
Rectangle(682) : 0.023386803831052843976, 42577, 6507, 0.000000, 3.2209356285320595538, 26024
Rectangle(683) : 0.023450710062786692287, 42409, 6481, 0.000000, 3.2187581633873690865, 25920
Rectangle(684) : 0.023514818109743408293, 42242, 6455, 0.000000, 3.2165766766017346255, 25816
Rectangle(685) : 0.023579127959575370194, 42075, 6429, 0.000000, 3.2143911909911808659, 25712
Rectangle(686) : 0.023643641119194887267, 41907, 6404, 0.000000, 3.212201677847784136, 25612
Rectangle(687) : 0.023708360657168203996, 41740, 6378, 0.000000, 3.2100080558433596709, 25508
Rectangle(688) : 0.023773286580882707102, 41573, 6352, 0.000000, 3.2078103477570237873, 25404
Rectangle(689) : 0.023838420450167026824, 41406, 6327, 0.000000, 3.2056085239314877741, 25304
Rectangle(690) : 0.023903763843006989336, 41240, 6301, 0.000000, 3.2034025543841586491, 25200
Rectangle(691) : 0.02396931676624617844, 41073, 6276, 0.000000, 3.201192462358701022, 25100
Rectangle(692) : 0.024035082414296204029, 40907, 6250, 0.000000, 3.1989781638549829119, 24996
Rectangle(693) : 0.024101060808308353121, 40741, 6224, 0.000000, 3.1967596820840865348, 24892
Rectangle(694) : 0.024167253579278238164, 40575, 6199, 0.000000, 3.1945369862475651997, 24792
Rectangle(695) : 0.024233662377460556468, 40409, 6173, 0.000000, 3.1923100452042975048, 24688
Rectangle(696) : 0.024300288872677075004, 40243, 6148, 0.000000, 3.1900788274652327802, 24588
Rectangle(697) : 0.024367134754630836721, 40077, 6123, 0.000000, 3.1878433011880338431, 24488
Rectangle(698) : 0.024434201733226740453, 39912, 6097, 0.000000, 3.1856034341716146236, 24384
Rectangle(699) : 0.02450148985294440969, 39746, 6072, 0.000000, 3.1833592500418222567, 24284
Rectangle(700) : 0.024569002539756713375, 39581, 6046, 0.000000, 3.1811106598932257373, 24180
Rectangle(701) : 0.024636739854627313556, 39416, 6021, 0.000000, 3.1788576872999667215, 24080
Rectangle(702) : 0.024704703567010608835, 39251, 5996, 0.000000, 3.1766002991481140952, 23980
Rectangle(703) : 0.024772895467832195905, 39086, 5970, 0.000000, 3.174338461945104876, 23876
Rectangle(704) : 0.024841317369841741647, 38921, 5945, 0.000000, 3.1720721418137775647, 23776
Rectangle(705) : 0.024909971107973181681, 38757, 5920, 0.000000, 3.1698013044862856523, 23676
Rectangle(706) : 0.02497885676229333767, 38592, 5895, 0.000000, 3.1675259739659837475, 23576
Rectangle(707) : 0.025047977978451245623, 38428, 5869, 0.000000, 3.1652460567539766803, 23472
Rectangle(708) : 0.025117334855123307055, 38264, 5844, 0.000000, 3.1629615767834271209, 23372
Rectangle(709) : 0.025186929293153398711, 38100, 5819, 0.000000, 3.160672498780680751, 23272
Rectangle(710) : 0.025256763217005910016, 37936, 5794, 0.000000, 3.1583787870590441078, 23172
Rectangle(711) : 0.025326838575163307847, 37773, 5769, 0.000000, 3.1560804055121187723, 23072
Rectangle(712) : 0.025397155478917632862, 37609, 5744, 0.000000, 3.1537773785353990004, 22972
Rectangle(713) : 0.02546771777460577663, 37446, 5718, 0.000000, 3.1514696084857818572, 22868
Rectangle(714) : 0.025538525594092124487, 37283, 5693, 0.000000, 3.1491571196720584556, 22768
Rectangle(715) : 0.025609580957653856603, 37120, 5668, 0.000000, 3.1468398748976070624, 22668
Rectangle(716) : 0.025680885911180193, 36957, 5643, 0.000000, 3.1445178365214488864, 22568
Rectangle(717) : 0.025752442526612220732, 36794, 5618, 0.000000, 3.1421909664509315835, 22468
Rectangle(718) : 0.025824252902392264532, 36631, 5593, 0.000000, 3.1398592261342591855, 22368
Rectangle(719) : 0.025896319163923051548, 36469, 5568, 0.000000, 3.1375225765528645283, 22268
Rectangle(720) : 0.02596864148086491627, 36307, 5544, 0.000000, 3.1351810423746468135, 22172
Rectangle(721) : 0.026041222003694526174, 36144, 5519, 0.000000, 3.1328345843197787625, 22072
Rectangle(722) : 0.0261140649260141305, 35982, 5494, 0.000000, 3.1304830976202307496, 21972
Rectangle(723) : 0.026187170453711874671, 35821, 5469, 0.000000, 3.1281266067619285367, 21872
Rectangle(724) : 0.026260538774159710537, 35659, 5444, 0.000000, 3.1257651368776401171, 21772
Rectangle(725) : 0.026334174185609208282, 35497, 5419, 0.000000, 3.1233985811265102653, 21672
Rectangle(726) : 0.026408078982666044361, 35336, 5394, 0.000000, 3.1210268977515798186, 21572
Rectangle(727) : 0.02648225339113761952, 35175, 5370, 0.000000, 3.1186501116889903637, 21476
Rectangle(728) : 0.02655669973404277916, 35014, 5345, 0.000000, 3.1162681808801300524, 21376
Rectangle(729) : 0.026631420365244016667, 34853, 5320, 0.000000, 3.1138810627401613728, 21276
Rectangle(730) : 0.026706417670002291747, 34692, 5296, 0.000000, 3.1114887141489456397, 21180
Rectangle(731) : 0.026781694065544461286, 34531, 5271, 0.000000, 3.109091091441767909, 21080
Rectangle(732) : 0.026857252001643669763, 34371, 5246, 0.000000, 3.1066881503998569728, 20980
Rectangle(733) : 0.02693309175464474209, 34210, 5222, 0.000000, 3.1042799162551919158, 20884
Rectangle(734) : 0.027009218031062607975, 34050, 5197, 0.000000, 3.101866273952497339, 20784
Rectangle(735) : 0.027085631137492930951, 33890, 5173, 0.000000, 3.099447248546733083, 20688
Rectangle(736) : 0.027162333623434115167, 33730, 5148, 0.000000, 3.0970227943267522596, 20588
Rectangle(737) : 0.027239328073310390064, 33571, 5124, 0.000000, 3.094592864991286666, 20492
Rectangle(738) : 0.027316614804864150353, 33411, 5099, 0.000000, 3.0921574861284725684, 20392
Rectangle(739) : 0.027394198758835251863, 33252, 5075, 0.000000, 3.0897165380675651825, 20296
Rectangle(740) : 0.027472080285903324917, 33092, 5050, 0.000000, 3.0872700461963167715, 20196
Rectangle(741) : 0.027550264440568993863, 32933, 5026, 0.000000, 3.084817888572457911, 20100
Rectangle(742) : 0.027628751608108314846, 32774, 5001, 0.000000, 3.0823600903645046632, 20000
Rectangle(743) : 0.027707544556493147477, 32616, 4977, 0.000000, 3.0798966023964280714, 19904
Rectangle(744) : 0.0277866436674324542, 32457, 4953, 0.000000, 3.0774274504857214832, 19808
Rectangle(745) : 0.027866054193682129816, 32299, 4928, 0.000000, 3.0749525088491107913, 19708
Rectangle(746) : 0.027945776553781486168, 32140, 4904, 0.000000, 3.0724718030671061422, 19612
Rectangle(747) : 0.028025816124505416041, 31982, 4880, 0.000000, 3.0699852049057604266, 19516
Rectangle(748) : 0.028106173363105433565, 31824, 4856, 0.000000, 3.0674927396871408721, 19420
Rectangle(749) : 0.028186851239541052622, 31666, 4831, 0.000000, 3.0649943550934255052, 19320
Rectangle(750) : 0.028267852766576151008, 31509, 4807, 0.000000, 3.0624899980961882268, 19224
Rectangle(751) : 0.028349178419503764967, 31351, 4783, 0.000000, 3.0599796945503301845, 19128
Rectangle(752) : 0.028430833859347799613, 31194, 4759, 0.000000, 3.057463310745597359, 19032
Rectangle(753) : 0.028512819603745619622, 31037, 4735, 0.000000, 3.0549408722452921425, 18936
Rectangle(754) : 0.028595138799294328973, 30880, 4711, 0.000000, 3.0524123240507467918, 18840
Rectangle(755) : 0.028677794638803744349, 30723, 4687, 0.000000, 3.0498776104020863792, 18744
Rectangle(756) : 0.02876079036221623943, 30566, 4663, 0.000000, 3.0473366747637032632, 18648
Rectangle(757) : 0.028844129257549737541, 30410, 4638, 0.000000, 3.0447894598093779669, 18548
Rectangle(758) : 0.028927811909960437244, 30253, 4615, 0.000000, 3.0422359913078663934, 18456
Rectangle(759) : 0.029011844435373053064, 30097, 4591, 0.000000, 3.0396761268264665114, 18360
Rectangle(760) : 0.029096227467795768501, 29941, 4567, 0.000000, 3.03710989177678518, 18264
Rectangle(761) : 0.029180964446913927052, 29785, 4543, 0.000000, 3.0345372266122442978, 18168
Rectangle(762) : 0.029266058864460082644, 29629, 4519, 0.000000, 3.0319580709371235653, 18072
Rectangle(763) : 0.029351514265281478019, 29474, 4495, 0.000000, 3.0293723634898645793, 17976
Rectangle(764) : 0.029437331336716975901, 29319, 4471, 0.000000, 3.0267801300037816319, 17880
Rectangle(765) : 0.029523513680248603229, 29163, 4447, 0.000000, 3.024181308576860706, 17784
Rectangle(766) : 0.029610067920504299169, 29008, 4424, 0.000000, 3.0215757471464214341, 17692
Rectangle(767) : 0.029696994828500245854, 28853, 4400, 0.000000, 3.0189634708044338111, 17596
Rectangle(768) : 0.029784298175493779761, 28699, 4376, 0.000000, 3.0163444149009363554, 17500
Rectangle(769) : 0.029871978736311262473, 28544, 4352, 0.000000, 3.0137186052535579267, 17404
Rectangle(770) : 0.029960043429600694855, 28390, 4329, 0.000000, 3.0110858843557485373, 17312
Rectangle(771) : 0.030048493090902411958, 28236, 4305, 0.000000, 3.0084462775521467721, 17216
Rectangle(772) : 0.030137331675601099689, 28082, 4281, 0.000000, 3.0057997175289944117, 17120
Rectangle(773) : 0.030226563201757676657, 27928, 4258, 0.000000, 3.0031461359673208443, 17028
Rectangle(774) : 0.030316191751455733118, 27774, 4234, 0.000000, 3.0004854635222422303, 16932
Rectangle(775) : 0.030406221472184552957, 27621, 4211, 0.000000, 2.9978176298017166299, 16840
Rectangle(776) : 0.030496653304116840587, 27467, 4187, 0.000000, 2.995142660107154165, 16744
Rectangle(777) : 0.030587494774248531495, 27314, 4164, 0.000000, 2.9924603856540984697, 16652
Rectangle(778) : 0.030678746893515357975, 27161, 4140, 0.000000, 2.9897708311667197318, 16556
Rectangle(779) : 0.030770414020320951279, 27008, 4117, 0.000000, 2.9870739232201003974, 16464
Rectangle(780) : 0.030862500584421221584, 26856, 4093, 0.000000, 2.9843695872564516044, 16368
Rectangle(781) : 0.030955007643821595862, 26703, 4070, 0.000000, 2.9816578484459003837, 16276
Rectangle(782) : 0.031047943188458749005, 26551, 4047, 0.000000, 2.9789385295730589134, 16184
Rectangle(783) : 0.031141308354726424758, 26399, 4023, 0.000000, 2.97621165515562314, 16088
Rectangle(784) : 0.031235107803764480106, 26247, 4000, 0.000000, 2.9734771473292729164, 15996
Rectangle(785) : 0.031329346274726086115, 26095, 3977, 0.000000, 2.970734927001499995, 15904
Rectangle(786) : 0.031424028586548331756, 25944, 3954, 0.000000, 2.9679849138248875491, 15812
Rectangle(787) : 0.031519155972989315704, 25792, 3930, 0.000000, 2.9652271323717023347, 15716
Rectangle(788) : 0.031614737049771717314, 25641, 3907, 0.000000, 2.9624613941145731148, 15624
Rectangle(789) : 0.031710773140178276072, 25490, 3884, 0.000000, 2.9596877228586505159, 15532
Rectangle(790) : 0.031807269323891836312, 25339, 3861, 0.000000, 2.9569060345541011653, 15440
Rectangle(791) : 0.031904230768090664252, 25188, 3838, 0.000000, 2.9541162437866923899, 15348
Rectangle(792) : 0.032001662729492390963, 25038, 3815, 0.000000, 2.9513182637472400511, 15256
Rectangle(793) : 0.032099566646089053638, 24887, 3792, 0.000000, 2.9485121181724383372, 15164
Rectangle(794) : 0.032197951831855616033, 24737, 3769, 0.000000, 2.9456976060659628788, 15072
Rectangle(795) : 0.032296819827411502474, 24587, 3746, 0.000000, 2.9428747502612659377, 14980
Rectangle(796) : 0.032396176184440064964, 24437, 3723, 0.000000, 2.9400434597881687718, 14888
Rectangle(797) : 0.032496026553134592474, 24288, 3700, 0.000000, 2.9372036421551845973, 14796
Rectangle(798) : 0.032596372552893946253, 24138, 3677, 0.000000, 2.9343553204768180594, 14704
Rectangle(799) : 0.032697224128023485489, 23989, 3654, 0.000000, 2.9314982826700532876, 14612
Rectangle(800) : 0.032798583012623512721, 23840, 3631, 0.000000, 2.928632550823579312, 14520
Rectangle(801) : 0.032900455183379535344, 23691, 3608, 0.000000, 2.925758027870486232, 14428
Rectangle(802) : 0.033002846725647505722, 23543, 3586, 0.000000, 2.9228746150805278442, 14340
Rectangle(803) : 0.033105759464681635945, 23394, 3563, 0.000000, 2.9199823347534774069, 14248
Rectangle(804) : 0.033209204037424795619, 23246, 3540, 0.000000, 2.9170809627552065796, 14156
Rectangle(805) : 0.033313182397691301967, 23098, 3517, 0.000000, 2.9141705202182377753, 14064
Rectangle(806) : 0.033417700993250148524, 22950, 3495, 0.000000, 2.9112509033675373528, 13976
Rectangle(807) : 0.033522766392089692636, 22802, 3472, 0.000000, 2.9083220066045483324, 13884
Rectangle(808) : 0.033628385285458894826, 22654, 3450, 0.000000, 2.9053837224629751964, 13796
Rectangle(809) : 0.033734564491005949438, 22507, 3427, 0.000000, 2.902435941563199233, 13704
Rectangle(810) : 0.033841306213206295963, 22360, 3404, 0.000000, 2.8994786838273712109, 13612
Rectangle(811) : 0.033948617424468700758, 22213, 3382, 0.000000, 2.8965118380638699476, 13524
Rectangle(812) : 0.034056505230621128163, 22066, 3359, 0.000000, 2.8935352910758760369, 13432
Rectangle(813) : 0.03416497687437513324, 21919, 3337, 0.000000, 2.8905489276114674983, 13344
Rectangle(814) : 0.03427403973890414768, 21773, 3315, 0.000000, 2.8875526303121286805, 13256
Rectangle(815) : 0.034383696314953021454, 21627, 3292, 0.000000, 2.8845464175895978105, 13164
Rectangle(816) : 0.034493954160127553188, 21481, 3270, 0.000000, 2.8815301700425241684, 13076
Rectangle(817) : 0.034604820980575508319, 21335, 3247, 0.000000, 2.8785037660578843799, 12984
Rectangle(818) : 0.034716304634948973722, 21189, 3225, 0.000000, 2.8754670817544385454, 12896
Rectangle(819) : 0.03482841313850055419, 21044, 3203, 0.000000, 2.8724199909243391667, 12808
Rectangle(820) : 0.034941149309899733964, 20899, 3181, 0.000000, 2.8693625101109838685, 12720
Rectangle(821) : 0.035054521361677856548, 20754, 3158, 0.000000, 2.8662945107962575581, 12628
Rectangle(822) : 0.035168537672306952508, 20609, 3136, 0.000000, 2.8632158620147608524, 12540
Rectangle(823) : 0.035283206790751067256, 20464, 3114, 0.000000, 2.8601264302894793589, 12452
Rectangle(824) : 0.035398537441175689977, 20320, 3092, 0.000000, 2.8570260795652917442, 12364
Rectangle(825) : 0.03551453281910705276, 20175, 3070, 0.000000, 2.8539148240891638891, 12276
Rectangle(826) : 0.035631207655493132754, 20031, 3048, 0.000000, 2.8507923705980927894, 12188
Rectangle(827) : 0.035748565369566224102, 19888, 3026, 0.000000, 2.8476587311722901289, 12100
Rectangle(828) : 0.035866609352428869423, 19744, 3004, 0.000000, 2.8445139195595402887, 12012
Rectangle(829) : 0.035985354992601050353, 19600, 2982, 0.000000, 2.8413576318901136934, 11924
Rectangle(830) : 0.036104812014636260235, 19457, 2960, 0.000000, 2.838189718166948194, 11836
Rectangle(831) : 0.03622498417469006854, 19314, 2938, 0.000000, 2.8350101885984141603, 11748
Rectangle(832) : 0.036345881461041855543, 19171, 2916, 0.000000, 2.8318188900962216297, 11660
Rectangle(833) : 0.036467514077498807273, 19029, 2894, 0.000000, 2.8286156664588651068, 11572
Rectangle(834) : 0.036589886018560285286, 18886, 2873, 0.000000, 2.825400527054319602, 11488
Rectangle(835) : 0.036713014289610498121, 18744, 2851, 0.000000, 2.8221731417107043335, 11400
Rectangle(836) : 0.036836903168276242057, 18602, 2829, 0.000000, 2.8189335170149262076, 11312
Rectangle(837) : 0.0369615636089285873, 18460, 2807, 0.000000, 2.8156814867633606933, 11224
Rectangle(838) : 0.037087006809728335983, 18319, 2786, 0.000000, 2.8124168812664207043, 11140
Rectangle(839) : 0.03721323732893060798, 18178, 2764, 0.000000, 2.809139705935793366, 11052
Rectangle(840) : 0.037340266688922674949, 18036, 2742, 0.000000, 2.8058497873044349232, 10964
Rectangle(841) : 0.037468113760740397001, 17895, 2721, 0.000000, 2.8025467653073072119, 10880
Rectangle(842) : 0.037596783599539352419, 17755, 2699, 0.000000, 2.7992306404166532786, 10792
Rectangle(843) : 0.037726281241917085636, 17614, 2678, 0.000000, 2.7959014149995242415, 10708
Rectangle(844) : 0.037856626502221362021, 17474, 2656, 0.000000, 2.7925587143341277183, 10620
Rectangle(845) : 0.037987824780482442925, 17334, 2635, 0.000000, 2.7892025371738581766, 10536
Rectangle(846) : 0.038119889078231021336, 17194, 2614, 0.000000, 2.7858326900788629271, 10452
Rectangle(847) : 0.038252832703337387681, 17055, 2592, 0.000000, 2.7824489753139574707, 10364
Rectangle(848) : 0.03838666143246749366, 16915, 2571, 0.000000, 2.7790513896878616838, 10280
Rectangle(849) : 0.038521396956540083768, 16776, 2550, 0.000000, 2.7756395291835811322, 10196
Rectangle(850) : 0.03865704547401645365, 16637, 2528, 0.000000, 2.7722133863830740539, 10108
Rectangle(851) : 0.038793621382316211662, 16498, 2507, 0.000000, 2.7687727493698755211, 10024
Rectangle(852) : 0.038931139429920156111, 16360, 2486, 0.000000, 2.7653174013577707956, 9940
Rectangle(853) : 0.039069606263743980732, 16221, 2465, 0.000000, 2.7618473323769498629, 9856
Rectangle(854) : 0.039209045714602556027, 16083, 2444, 0.000000, 2.7583621054510413834, 9772
Rectangle(855) : 0.039349464921557169059, 15946, 2423, 0.000000, 2.7548617056436710131, 9688
Rectangle(856) : 0.039490871023754815554, 15808, 2402, 0.000000, 2.7513461201048589871, 9604
Rectangle(857) : 0.039633289174065092565, 15671, 2381, 0.000000, 2.7478148920319898716, 9520
Rectangle(858) : 0.039776727046059986947, 15534, 2360, 0.000000, 2.7442680031943886798, 9436
Rectangle(859) : 0.039921201618172410578, 15397, 2339, 0.000000, 2.7407052084803831656, 9352
Rectangle(860) : 0.040066730306129829761, 15260, 2318, 0.000000, 2.7371262568290569892, 9268
Rectangle(861) : 0.040213330978268037952, 15123, 2297, 0.000000, 2.7335308910306226479, 9184
Rectangle(862) : 0.040361021971525369345, 14987, 2276, 0.000000, 2.7299188475182173607, 9100
Rectangle(863) : 0.040509812179540196686, 14851, 2255, 0.000000, 2.7262900979532622406, 9016
Rectangle(864) : 0.040659720609811105193, 14716, 2235, 0.000000, 2.7226443710553791283, 8936
Rectangle(865) : 0.040810756514340554712, 14580, 2214, 0.000000, 2.7189816372610668737, 8852
Rectangle(866) : 0.040962950042273412523, 14445, 2193, 0.000000, 2.7153013652072384886, 8768
Rectangle(867) : 0.041116311161360102622, 14310, 2173, 0.000000, 2.7116035180695280177, 8688
Rectangle(868) : 0.041270860673454409262, 14175, 2152, 0.000000, 2.7078878019712160972, 8604
Rectangle(869) : 0.041426619954016752549, 14041, 2131, 0.000000, 2.7041539153991173797, 8520
Rectangle(870) : 0.041583599792731880915, 13906, 2111, 0.000000, 2.7004018157786800245, 8440
Rectangle(871) : 0.041741833779196621316, 13772, 2090, 0.000000, 2.6966309213271961339, 8356
Rectangle(872) : 0.041901333555650817957, 13638, 2070, 0.000000, 2.6928411807798412688, 8276
Rectangle(873) : 0.042062122614220977898, 13505, 2050, 0.000000, 2.6890322662144169473, 8196
Rectangle(874) : 0.04222421311893881699, 13372, 2029, 0.000000, 2.6852041238807051867, 8112
Rectangle(875) : 0.042387629520664864342, 13239, 2009, 0.000000, 2.6813564149911701047, 8032
Rectangle(876) : 0.042552396981575142316, 13106, 1989, 0.000000, 2.6774887914712279783, 7952
Rectangle(877) : 0.042718541403326342376, 12973, 1968, 0.000000, 2.6736008956069444924, 7868
Rectangle(878) : 0.042886089456637599949, 12841, 1948, 0.000000, 2.6696923596755998514, 7788
Rectangle(879) : 0.043055055453030061583, 12709, 1928, 0.000000, 2.6657631110920423376, 7708
Rectangle(880) : 0.043225467217220166418, 12577, 1908, 0.000000, 2.661812769110636604, 7628
Rectangle(881) : 0.043397353419741486017, 12446, 1888, 0.000000, 2.6578409420796567832, 7548
Rectangle(882) : 0.043570729680554571087, 12314, 1868, 0.000000, 2.6538475473745866464, 7468
Rectangle(883) : 0.043745640152162057416, 12183, 1848, 0.000000, 2.6498318534472778097, 7388
Rectangle(884) : 0.043922101766989873045, 12053, 1828, 0.000000, 2.6457937642841282845, 7308
Rectangle(885) : 0.04410013161551589381, 11922, 1808, 0.000000, 2.641733185835685196, 7228
Rectangle(886) : 0.044279777076498588425, 11792, 1788, 0.000000, 2.6376493422915078391, 7148
Rectangle(887) : 0.044461056701862522265, 11662, 1768, 0.000000, 2.6335421247429468871, 7068
Rectangle(888) : 0.044644004920413623867, 11533, 1748, 0.000000, 2.6294110725594759927, 6988
Rectangle(889) : 0.044828641274576415508, 11403, 1729, 0.000000, 2.6252560706219592452, 6912
Rectangle(890) : 0.04501501819912451331, 11274, 1709, 0.000000, 2.6210762739810990342, 6832
Rectangle(891) : 0.04520315694969938461, 11145, 1689, 0.000000, 2.6168715501105495291, 6752
Rectangle(892) : 0.045393096074877540692, 11017, 1670, 0.000000, 2.6126413892448176822, 6676
Rectangle(893) : 0.045584858023615383814, 10888, 1650, 0.000000, 2.608385650961164051, 6596
Rectangle(894) : 0.045778501084871919822, 10761, 1631, 0.000000, 2.6041034113733439459, 6520
Rectangle(895) : 0.045974031557074628116, 10633, 1611, 0.000000, 2.5997949092400243184, 6440
Rectangle(896) : 0.046171510623118080041, 10505, 1592, 0.000000, 2.5954591831850399956, 6364
Rectangle(897) : 0.046370983177443167142, 10378, 1572, 0.000000, 2.5910956477492930669, 6284
Rectangle(898) : 0.046572476302105847144, 10251, 1553, 0.000000, 2.5867041201684033791, 6208
Rectangle(899) : 0.046776037332265675783, 10125, 1534, 0.000000, 2.5822839882595573645, 6132
Rectangle(900) : 0.046981695010118471572, 9999, 1514, 0.000000, 2.5778350574862424768, 6052
Rectangle(901) : 0.047189499296295713544, 9873, 1495, 0.000000, 2.5733566871261527116, 5976
Rectangle(902) : 0.047399501999336952551, 9747, 1476, 0.000000, 2.5688482141303356886, 5900
Rectangle(903) : 0.04761175686895122727, 9622, 1457, 0.000000, 2.5643089520439692468, 5824
Rectangle(904) : 0.047826297396081134695, 9497, 1438, 0.000000, 2.5597386639626765198, 5748
Rectangle(905) : 0.048043180481683185503, 9372, 1419, 0.000000, 2.5551366294164923839, 5672
Rectangle(906) : 0.048262465226605986654, 9247, 1400, 0.000000, 2.550502101693657561, 5596
Rectangle(907) : 0.048484213047704035487, 9123, 1381, 0.000000, 2.5458343065140626162, 5520
Rectangle(908) : 0.048708463218318313972, 8999, 1362, 0.000000, 2.5411329549521524986, 5444
Rectangle(909) : 0.048935280970841055665, 8876, 1343, 0.000000, 2.5363972318469495466, 5368
Rectangle(910) : 0.049164708329093303248, 8753, 1324, 0.000000, 2.5316268273216686877, 5292
Rectangle(911) : 0.049396814672897903806, 8630, 1306, 0.000000, 2.5268208821138792096, 5220
Rectangle(912) : 0.049631672249040879381, 8507, 1287, 0.000000, 2.5219785035132876495, 5144
Rectangle(913) : 0.049869356333149647178, 8385, 1268, 0.000000, 2.5170987635531538416, 5068
Rectangle(914) : 0.050109916710436845012, 8263, 1250, 0.000000, 2.5121812823333847911, 4996
Rectangle(915) : 0.05035343374811485358, 8142, 1231, 0.000000, 2.5072250781807012805, 4920
Rectangle(916) : 0.050599961023745006034, 8020, 1213, 0.000000, 2.5022297414750113239, 4848
Rectangle(917) : 0.050849615604976304204, 7899, 1194, 0.000000, 2.4971936057351399024, 4772
Rectangle(918) : 0.05110245692738865259, 7779, 1176, 0.000000, 2.4921162035265954789, 4700
Rectangle(919) : 0.051358545911001789944, 7659, 1158, 0.000000, 2.4869970614861844497, 4628
Rectangle(920) : 0.05161797887372357927, 7539, 1139, 0.000000, 2.4818350279577469059, 4552
Rectangle(921) : 0.051880856580045073753, 7419, 1121, 0.000000, 2.4766289012087421864, 4480
Rectangle(922) : 0.052147284521979127155, 7300, 1103, 0.000000, 2.4713774264008980037, 4408
Rectangle(923) : 0.052417336224225825512, 7181, 1085, 0.000000, 2.4660800163453481392, 4336
Rectangle(924) : 0.052691125392356357212, 7063, 1067, 0.000000, 2.4607353317363702201, 4264
Rectangle(925) : 0.052968731980454384993, 6945, 1049, 0.000000, 2.4553427333221179093, 4192
Rectangle(926) : 0.053250278810306381812, 6827, 1031, 0.000000, 2.4499007888260799631, 4120
Rectangle(927) : 0.053535894862573275025, 6709, 1013, 0.000000, 2.444407998332095951, 4048
Rectangle(928) : 0.053825715700005395453, 6592, 995, 0.000000, 2.4388627898345507514, 3976
Rectangle(929) : 0.05411983930283223871, 6476, 978, 0.000000, 2.4332643616005387708, 3908
Rectangle(930) : 0.054418366844771790713, 6360, 960, 0.000000, 2.4276118940064749882, 3836
Rectangle(931) : 0.054721450475904884265, 6244, 942, 0.000000, 2.4219036540044270612, 3764
Rectangle(932) : 0.055029250548615394684, 6128, 925, 0.000000, 2.4161378205708235443, 3696
Rectangle(933) : 0.055341936224296012104, 6013, 907, 0.000000, 2.4103124784773776403, 3624
Rectangle(934) : 0.055659633293725145255, 5898, 890, 0.000000, 2.4044265877770480491, 3556
Rectangle(935) : 0.055982526916610368729, 5784, 872, 0.000000, 2.398478074736431176, 3484
Rectangle(936) : 0.056310756182643638296, 5670, 855, 0.000000, 2.3924657895628854403, 3416
Rectangle(937) : 0.056644524399497762712, 5557, 838, 0.000000, 2.3863874803672179413, 3348
Rectangle(938) : 0.056983985885977377242, 5444, 821, 0.000000, 2.3802418718090144974, 3280
Rectangle(939) : 0.057329364628043691441, 5331, 804, 0.000000, 2.3740265109031636852, 3212
Rectangle(940) : 0.057680898394861017212, 5219, 786, 0.000000, 2.3677388025538387342, 3140
Rectangle(941) : 0.058038771321198215666, 5107, 770, 0.000000, 2.3613772134043938271, 3076
Rectangle(942) : 0.058403246984680572006, 4996, 753, 0.000000, 2.3549389001440285455, 3008
Rectangle(943) : 0.0587745317925556778, 4885, 736, 0.000000, 2.3484221456377376863, 2940
Rectangle(944) : 0.059152919130454907623, 4774, 719, 0.000000, 2.3418238227324412378, 2872
Rectangle(945) : 0.05953872219344871601, 4664, 702, 0.000000, 2.3351406055201148141, 2804
Rectangle(946) : 0.059932191448491622273, 4555, 686, 0.000000, 2.3283703986044035407, 2740
Rectangle(947) : 0.060333589999228044565, 4446, 669, 0.000000, 2.3215110191099985582, 2672
Rectangle(948) : 0.060743286584722871052, 4337, 653, 0.000000, 2.3145586333771307974, 2608
Rectangle(949) : 0.061161676862190505545, 4229, 636, 0.000000, 2.307509144363881256, 2540
Rectangle(950) : 0.061589085030637864556, 4122, 620, 0.000000, 2.300359850990445082, 2476
Rectangle(951) : 0.062025853553440010379, 4015, 604, 0.000000, 2.2931079233016960161, 2412
Rectangle(952) : 0.062472455775931092823, 3908, 588, 0.000000, 2.2857485678373210142, 2348
Rectangle(953) : 0.062929402697076773738, 3802, 571, 0.000000, 2.2782766323556089814, 2280
Rectangle(954) : 0.063397124062767360003, 3696, 555, 0.000000, 2.2706885564507353298, 2216
Rectangle(955) : 0.063876206464404463718, 3591, 540, 0.000000, 2.2629785076225855325, 2156
Rectangle(956) : 0.064367150075549711708, 3487, 524, 0.000000, 2.2551423561936315518, 2092
Rectangle(957) : 0.064870488864248774385, 3383, 508, 0.000000, 2.2471757293474640151, 2028
Rectangle(958) : 0.065386946366272854791, 3280, 492, 0.000000, 2.2390716056532491495, 1964
Rectangle(959) : 0.065917151124093967337, 3177, 477, 0.000000, 2.230824858638551427, 1904
Rectangle(960) : 0.066461949631691874616, 3075, 461, 0.000000, 2.2224273975946083587, 1840
Rectangle(961) : 0.067022088622779552131, 2973, 446, 0.000000, 2.2138731603515366337, 1780
Rectangle(962) : 0.067598567990539907541, 2872, 431, 0.000000, 2.2051527397396217367, 1720
Rectangle(963) : 0.068192284125546739622, 2772, 416, 0.000000, 2.1962588972916587112, 1660
Rectangle(964) : 0.068804210134670714626, 2672, 400, 0.000000, 2.1871838417707192149, 1596
Rectangle(965) : 0.06943564121317772032, 2573, 386, 0.000000, 2.1779157182369664011, 1540
Rectangle(966) : 0.070087765472111636528, 2475, 371, 0.000000, 2.1684450740119884722, 1480
Rectangle(967) : 0.070761884693934662173, 2378, 356, 0.000000, 2.1587616432703494324, 1420
Rectangle(968) : 0.071459429539716979007, 2281, 341, 0.000000, 2.1488542448612716773, 1360
Rectangle(969) : 0.072182294180164708809, 2185, 327, 0.000000, 2.138706242374116336, 1304
Rectangle(970) : 0.072932274153791306674, 2089, 312, 0.000000, 2.12830371379075949, 1244
Rectangle(971) : 0.073711739789880708058, 1995, 298, 0.000000, 2.1176262417112098979, 1188
Rectangle(972) : 0.074522580011289835826, 1901, 284, 0.000000, 2.1066616513811098323, 1132
Rectangle(973) : 0.075367746582242550099, 1808, 270, 0.000000, 2.0953851689396434779, 1076
Rectangle(974) : 0.076250149883647220164, 1716, 256, 0.000000, 2.083774878753340522, 1020
Rectangle(975) : 0.077173095617186462892, 1625, 242, 0.000000, 2.0718061469698090708, 964
Rectangle(976) : 0.07814036093839865309, 1535, 229, 0.000000, 2.0594511275744736127, 912
Rectangle(977) : 0.079156290011737072382, 1445, 215, 0.000000, 2.046678147930201689, 856
Rectangle(978) : 0.080226655512034789813, 1357, 202, 0.000000, 2.0334418597087014052, 804
Rectangle(979) : 0.081356678990080995713, 1270, 189, 0.000000, 2.019708779168325051, 752
Rectangle(980) : 0.082553300076040306776, 1184, 176, 0.000000, 2.0054300869263089716, 700
Rectangle(981) : 0.083824778189998338002, 1099, 163, 0.000000, 1.9905484268852253869, 648
Rectangle(982) : 0.085181055193533574933, 1016, 151, 0.000000, 1.9749956908680765168, 600
Rectangle(983) : 0.086632822605805303788, 933, 139, 0.000000, 1.95870588573397737, 552
Rectangle(984) : 0.088196280146784915117, 852, 127, 0.000000, 1.9415651070049532425, 504
Rectangle(985) : 0.089888257971908099674, 773, 115, 0.000000, 1.9234711732320478878, 456
Rectangle(986) : 0.091729747199892637692, 695, 103, 0.000000, 1.9042994660092923922, 408
Rectangle(987) : 0.093750321971129029623, 619, 92, 0.000000, 1.8838663986474368885, 364
Rectangle(988) : 0.095985970434210510865, 545, 81, 0.000000, 1.8606912504846274193, 320
Rectangle(989) : 0.098482651627760285946, 474, 70, 0.000000, 1.8355952607875857196, 276
Rectangle(990) : 0.10130036314840920097, 405, 60, 0.000000, 1.8084584042253395739, 236
Rectangle(991) : 0.10453112464032361967, 338, 50, 0.000000, 1.7788020289809269098, 196
Rectangle(992) : 0.10831456259588849218, 275, 41, 0.000000, 1.7459241424668035936, 160
Rectangle(993) : 0.11284519584122232343, 216, 32, 0.000000, 1.7089850009224953718, 124
Rectangle(994) : 0.11844234862327091312, 161, 24, 0.000000, 1.6666892462507643354, 92
Rectangle(995) : 0.12568886568072907669, 112, 17, 0.000000, 1.6168325681634639905, 64
Rectangle(996) : 0.13566058503933143375, 70, 11, 0.000000, 1.5560739621514768236, 40

Overall winding number: 0.000000 
 
cpu/wall(s): 1.84467e+10 4161.71
