
Filling stored sums matrix with 61 X 61 terms guaranteeing 20 digits accuracy...

Processing the barrier for X= 5000000194858...5000000194859 (N = 630783), y0 = 0.16733...1 , t = 0...0.186

Rectangle(1) : 0, 54747, 10087, 0.000000, 4.6831460650114122475, 40344
Rectangle(2) : 7.6408681115155392031e-05, 54568, 10054, 0.000000, 4.6783162517623554708, 40212
Rectangle(3) : 0.00015297949646045585147, 54389, 10021, 0.000000, 4.6734846722957386958, 40080
Rectangle(4) : 0.00022971348076418893529, 54210, 9987, 0.000000, 4.6686512974407739031, 39944
Rectangle(5) : 0.00030661167846647216538, 54031, 9954, 0.000000, 4.6638160978040212777, 39812
Rectangle(6) : 0.00038367514384383000213, 53853, 9922, 0.000000, 4.6589790437665524359, 39684
Rectangle(7) : 0.00046090350705045827606, 53675, 9889, 0.000000, 4.6541401952562325867, 39552
Rectangle(8) : 0.00053829782834074672668, 53497, 9856, 0.000000, 4.6492995225974892999, 39420
Rectangle(9) : 0.00061585917799768990667, 53319, 9823, 0.000000, 4.6444569958863057183, 39288
Rectangle(10) : 0.00069358863646252056212, 53141, 9790, 0.000000, 4.6396125849872883478, 39156
Rectangle(11) : 0.00077148729446645892135, 52964, 9757, 0.000000, 4.6347662595306888233, 39024
Rectangle(12) : 0.00084955477916419113235, 52787, 9725, 0.000000, 4.6299180803667325028, 38896
Rectangle(13) : 0.00092779218762397730134, 52610, 9692, 0.000000, 4.6250680170650463467, 38764
Rectangle(14) : 0.0010062006274085248464, 52433, 9659, 0.000000, 4.6202160389577613215, 38632
Rectangle(15) : 0.0010847812167121649456, 52256, 9627, 0.000000, 4.6153621151364323257, 38504
Rectangle(16) : 0.0011635350845002932433, 52080, 9594, 0.000000, 4.6105062144489092189, 38372
Rectangle(17) : 0.0012424618551310326677, 51904, 9561, 0.000000, 4.6056483986900406672, 38240
Rectangle(18) : 0.0013215626642919844376, 51728, 9529, 0.000000, 4.6007886366427648371, 38112
Rectangle(19) : 0.0014008386586594984501, 51552, 9497, 0.000000, 4.5959268968429743647, 37984
Rectangle(20) : 0.001480290996043944725, 51377, 9464, 0.000000, 4.5910631475762786118, 37852
Rectangle(21) : 0.0015599192956250078196, 51201, 9432, 0.000000, 4.5861974514964265238, 37724
Rectangle(22) : 0.0016397262808693668463, 51026, 9399, 0.000000, 4.5813296818379851836, 37592
Rectangle(23) : 0.0017197115762450181845, 50851, 9367, 0.000000, 4.5764599014699276012, 37464
Rectangle(24) : 0.0017998763694933304616, 50677, 9335, 0.000000, 4.5715880780976285296, 37336
Rectangle(25) : 0.0018802202745804040557, 50502, 9303, 0.000000, 4.5667142752538500853, 37208
Rectangle(26) : 0.0019607460809891373749, 50328, 9270, 0.000000, 4.5618383641151735509, 37076
Rectangle(27) : 0.0020414534082049054076, 50154, 9238, 0.000000, 4.5569604084332603446, 36948
Rectangle(28) : 0.0021223434749679404665, 49980, 9206, 0.000000, 4.5520803753163981078, 36820
Rectangle(29) : 0.0022034175120891168992, 49807, 9174, 0.000000, 4.5471982316051133527, 36692
Rectangle(30) : 0.0022846751311307197533, 49633, 9142, 0.000000, 4.5423140418424603839, 36564
Rectangle(31) : 0.002366119211517608726, 49460, 9110, 0.000000, 4.5374276744366692638, 36436
Rectangle(32) : 0.0024477493707257904742, 49287, 9078, 0.000000, 4.5325391941528578384, 36308
Rectangle(33) : 0.0025295668721795786504, 49114, 9046, 0.000000, 4.5276485672073840458, 36180
Rectangle(34) : 0.0026115729919663478821, 48942, 9014, 0.000000, 4.5227557595376012831, 36052
Rectangle(35) : 0.0026937673395520125726, 48769, 8983, 0.000000, 4.5178608367217993421, 35928
Rectangle(36) : 0.0027761528885015870839, 48597, 8951, 0.000000, 4.512963664296631812, 35800
Rectangle(37) : 0.0028587292546208255515, 48425, 8919, 0.000000, 4.5080643080655622271, 35672
Rectangle(38) : 0.0029414977483341051019, 48254, 8887, 0.000000, 4.5031627333130118362, 35544
Rectangle(39) : 0.0030244579740835354462, 48082, 8856, 0.000000, 4.498259006562497857, 35420
Rectangle(40) : 0.0031076129802513840769, 47911, 8824, 0.000000, 4.4933529910780231494, 35292
Rectangle(41) : 0.0031909623779069960063, 47740, 8793, 0.000000, 4.488444753612067827, 35168
Rectangle(42) : 0.0032745075130894859063, 47569, 8761, 0.000000, 4.4835342587762285375, 35040
Rectangle(43) : 0.0033582497456101659403, 47399, 8729, 0.000000, 4.4786214708827521486, 34912
Rectangle(44) : 0.0034421886783066943934, 47228, 8698, 0.000000, 4.4737064575388223502, 34788
Rectangle(45) : 0.0035263274616034425587, 47058, 8667, 0.000000, 4.4687890789474345612, 34664
Rectangle(46) : 0.0036106657054503428639, 46888, 8635, 0.000000, 4.4638694029477824418, 34536
Rectangle(47) : 0.0036952048072023430012, 46718, 8604, 0.000000, 4.4589473931474530209, 34412
Rectangle(48) : 0.0037799461786897237329, 46549, 8573, 0.000000, 4.4540230128415807086, 34288
Rectangle(49) : 0.0038648894215701632849, 46380, 8541, 0.000000, 4.4490963307481318706, 34160
Rectangle(50) : 0.0039500359573775831183, 46211, 8510, 0.000000, 4.4441673100652450041, 34036
Rectangle(51) : 0.0040353872224457540084, 46042, 8479, 0.000000, 4.439235913673720253, 33912
Rectangle(52) : 0.0041209446681186987166, 45873, 8448, 0.000000, 4.4343021041325652233, 33788
Rectangle(53) : 0.0042067097609648732686, 45705, 8417, 0.000000, 4.4293658436744638053, 33664
Rectangle(54) : 0.0042926821019270100984, 45536, 8386, 0.000000, 4.4244272021538506101, 33540
Rectangle(55) : 0.0043788650605126094178, 45368, 8355, 0.000000, 4.4194860332953426477, 33416
Rectangle(56) : 0.00446525824587002748, 45200, 8324, 0.000000, 4.4145424071911502308, 33292
Rectangle(57) : 0.004551863166383106025, 45033, 8293, 0.000000, 4.4095962852993565301, 33168
Rectangle(58) : 0.0046386794185825898819, 44866, 8262, 0.000000, 4.404647738519477073, 33044
Rectangle(59) : 0.0047257085216566209316, 44698, 8231, 0.000000, 4.39969672820074515, 32920
Rectangle(60) : 0.0048129539627994180399, 44531, 8200, 0.000000, 4.3947431046372430148, 32796
Rectangle(61) : 0.0049004153515990686881, 44365, 8169, 0.000000, 4.389786939088865675, 32672
Rectangle(62) : 0.0049880922802385111692, 44198, 8139, 0.000000, 4.3848283035239738826, 32552
Rectangle(63) : 0.0050759883005001513765, 44032, 8108, 0.000000, 4.3798670463493535244, 32428
Rectangle(64) : 0.0051641030135803965056, 43866, 8077, 0.000000, 4.37490323977882845, 32304
Rectangle(65) : 0.0052524380165389253993, 43700, 8047, 0.000000, 4.3699368436442827145, 32184
Rectangle(66) : 0.0053409949237161401067, 43534, 8016, 0.000000, 4.3649678174149029267, 32060
Rectangle(67) : 0.0054297753669884078268, 43369, 7985, 0.000000, 4.3599961201919015705, 31936
Rectangle(68) : 0.005518778943741201333, 43204, 7955, 0.000000, 4.3550218252887301846, 31816
Rectangle(69) : 0.0056080072981826588413, 43039, 7925, 0.000000, 4.3500448916804928187, 31696
Rectangle(70) : 0.0056974620924780767836, 42874, 7894, 0.000000, 4.3450652779680413677, 31572
Rectangle(71) : 0.0057871450070176121982, 42710, 7864, 0.000000, 4.3400829423724818368, 31452
Rectangle(72) : 0.0058770556354974174391, 42545, 7833, 0.000000, 4.335097959332242698, 31328
Rectangle(73) : 0.005967197789906448881, 42381, 7803, 0.000000, 4.3301101698214980742, 31208
Rectangle(74) : 0.006057571074392928626, 42217, 7773, 0.000000, 4.3251196485290750525, 31088
Rectangle(75) : 0.0061481772199866248871, 42054, 7743, 0.000000, 4.3201263527627990761, 30968
Rectangle(76) : 0.0062390158168564303533, 41890, 7712, 0.000000, 4.3151303581147408279, 30844
Rectangle(77) : 0.0063300907836292816502, 41727, 7682, 0.000000, 4.3101315025455912788, 30724
Rectangle(78) : 0.006421401721452407954, 41564, 7652, 0.000000, 4.3051298619015747597, 30604
Rectangle(79) : 0.0065129504141167707382, 41401, 7622, 0.000000, 4.3001253925454319992, 30484
Rectangle(80) : 0.0066047386654282229253, 41238, 7592, 0.000000, 4.2951180504288561909, 30364
Rectangle(81) : 0.0066967682995139898439, 41076, 7562, 0.000000, 4.290107791086304894, 30244
Rectangle(82) : 0.0067890389147415267242, 40914, 7532, 0.000000, 4.285094691551072193, 30124
Rectangle(83) : 0.0068815523500338734073, 40752, 7502, 0.000000, 4.2800787072042244664, 30004
Rectangle(84) : 0.0069743104651497996064, 40590, 7473, 0.000000, 4.2750597930019938779, 29888
Rectangle(85) : 0.0070673151410059709264, 40429, 7443, 0.000000, 4.2700379034693223497, 29768
Rectangle(86) : 0.0071605659734151159052, 40268, 7413, 0.000000, 4.2650131168545361834, 29648
Rectangle(87) : 0.0072540648588043712987, 40107, 7383, 0.000000, 4.2599853875218206901, 29528
Rectangle(88) : 0.0073478137153012875649, 39946, 7354, 0.000000, 4.2549546693960949017, 29412
Rectangle(89) : 0.007441814483072681319, 39785, 7324, 0.000000, 4.2499209159562724391, 29292
Rectangle(90) : 0.0075360691246701746567, 39625, 7294, 0.000000, 4.2448840802283942865, 29172
Rectangle(91) : 0.0076305772402595347649, 39465, 7265, 0.000000, 4.2398442418372005844, 29056
Rectangle(92) : 0.0077253408090378750812, 39305, 7235, 0.000000, 4.2348013536350930442, 28936
Rectangle(93) : 0.0078203618331731019746, 39145, 7206, 0.000000, 4.2297553680130055026, 28820
Rectangle(94) : 0.0079156423381676863533, 38985, 7176, 0.000000, 4.2247062368932293993, 28700
Rectangle(95) : 0.0080111843732297160929, 38826, 7147, 0.000000, 4.2196539117221009273, 28584
Rectangle(96) : 0.0081069875440874428978, 38667, 7118, 0.000000, 4.2145984735357441846, 28468
Rectangle(97) : 0.0082030539178308350457, 38508, 7088, 0.000000, 4.2095398735927888056, 28348
Rectangle(98) : 0.0082993855858892330099, 38350, 7059, 0.000000, 4.20447806266663569, 28232
Rectangle(99) : 0.0083959821455415572783, 38191, 7030, 0.000000, 4.1994131229720556068, 28116
Rectangle(100) : 0.0084928482428674208484, 38033, 7001, 0.000000, 4.1943448725282048013, 28000
Rectangle(101) : 0.0085899834904820766684, 37875, 6971, 0.000000, 4.189273393815315847, 27880
Rectangle(102) : 0.0086873900487346262617, 37717, 6942, 0.000000, 4.1841986364141272179, 27764
Rectangle(103) : 0.0087850701037870993433, 37560, 6913, 0.000000, 4.1791205493947415456, 27648
Rectangle(104) : 0.0088830232600542649861, 37403, 6884, 0.000000, 4.1740392164520758659, 27532
Rectangle(105) : 0.0089812517234516415566, 37246, 6855, 0.000000, 4.1689545864490494865, 27416
Rectangle(106) : 0.0090797577264170351421, 37089, 6826, 0.000000, 4.1638666077276684513, 27300
Rectangle(107) : 0.0091785435283455764469, 36932, 6797, 0.000000, 4.1587752281006491383, 27184
Rectangle(108) : 0.0092776114160337777124, 36776, 6768, 0.000000, 4.1536803948428745259, 27068
Rectangle(109) : 0.0093769610025805167413, 36620, 6740, 0.000000, 4.1485821931638239982, 26956
Rectangle(110) : 0.0094765945960585021044, 36464, 6711, 0.000000, 4.1434805701139230166, 26840
Rectangle(111) : 0.0095765145327114727883, 36308, 6682, 0.000000, 4.1383754721946420858, 26724
Rectangle(112) : 0.009676723177423234441, 36152, 6653, 0.000000, 4.1332668453495433797, 26608
Rectangle(113) : 0.0097772229241965676834, 35997, 6625, 0.000000, 4.1281546349551457856, 26496
Rectangle(114) : 0.0098780133965957994467, 35842, 6596, 0.000000, 4.1230389277735736422, 26380
Rectangle(115) : 0.0099790970115663249097, 35687, 6568, 0.000000, 4.117919668937945665, 26268
Rectangle(116) : 0.010080476216008781425, 35533, 6539, 0.000000, 4.1127968030022862067, 26152
Rectangle(117) : 0.010182150625796930081, 35378, 6511, 0.000000, 4.1076704180467596041, 26040
Rectangle(118) : 0.010284125593800965346, 35224, 6482, 0.000000, 4.1025403135338706366, 25924
Rectangle(119) : 0.010386400756006673688, 35070, 6454, 0.000000, 4.0974065778136711116, 25812
Rectangle(120) : 0.010488978645308460717, 34916, 6425, 0.000000, 4.09226915399368918, 25696
Rectangle(121) : 0.010591861826485963558, 34763, 6397, 0.000000, 4.0871279845699893216, 25584
Rectangle(122) : 0.010695049928334768015, 34610, 6369, 0.000000, 4.0819831592517959312, 25472
Rectangle(123) : 0.010798545541141812104, 34457, 6341, 0.000000, 4.0768346202648834734, 25360
Rectangle(124) : 0.010902351288022413534, 34304, 6312, 0.000000, 4.0716823092101100819, 25244
Rectangle(125) : 0.011006469825487726911, 34151, 6284, 0.000000, 4.0665261670528511614, 25132
Rectangle(126) : 0.011110903844024602878, 33999, 6256, 0.000000, 4.0613661341122104349, 25020
Rectangle(127) : 0.011215652987649774514, 33847, 6228, 0.000000, 4.0562023017633039084, 24908
Rectangle(128) : 0.011320719974436293375, 33695, 6200, 0.000000, 4.0510346100313985217, 24796
Rectangle(129) : 0.011426107557461412785, 33543, 6172, 0.000000, 4.0458629982808631538, 24684
Rectangle(130) : 0.011531818525421370546, 33392, 6144, 0.000000, 4.0406874052038229144, 24572
Rectangle(131) : 0.011637852527733416033, 33241, 6116, 0.000000, 4.0355079237461185655, 24460
Rectangle(132) : 0.011744212382242790557, 33090, 6088, 0.000000, 4.0303244922896136652, 24348
Rectangle(133) : 0.011850900943508720254, 32939, 6061, 0.000000, 4.0251370485284374371, 24240
Rectangle(134) : 0.011957921103456758672, 32788, 6033, 0.000000, 4.019945529457044625, 24128
Rectangle(135) : 0.012065275792045786506, 32638, 6005, 0.000000, 4.0147498713580167685, 24016
Rectangle(136) : 0.012172964678354935864, 32488, 5977, 0.000000, 4.0095501689230778598, 23904
Rectangle(137) : 0.012280990723938630701, 32338, 5950, 0.000000, 4.00434635809687104, 23796
Rectangle(138) : 0.012389356929582049312, 32188, 5922, 0.000000, 3.9991383740952804243, 23684
Rectangle(139) : 0.012498066336009764002, 32039, 5895, 0.000000, 3.9939261513925781014, 23576
Rectangle(140) : 0.012607118620768732075, 31890, 5867, 0.000000, 3.9887097863344899518, 23464
Rectangle(141) : 0.012716516858032278326, 31741, 5840, 0.000000, 3.9834892130378226782, 23356
Rectangle(142) : 0.012826264163190837372, 31592, 5812, 0.000000, 3.9782643648598489997, 23244
Rectangle(143) : 0.012936363693605494532, 31444, 5785, 0.000000, 3.9730351743847543307, 23136
Rectangle(144) : 0.0130468151366275259, 31295, 5757, 0.000000, 3.967801739653515275, 23024
Rectangle(145) : 0.013157625225768075997, 31147, 5730, 0.000000, 3.9625638257048920539, 22916
Rectangle(146) : 0.01326879367941384901, 31000, 5703, 0.000000, 3.9573215308381470059, 22808
Rectangle(147) : 0.013380320180408627946, 30852, 5676, 0.000000, 3.9520749547004610038, 22700
Rectangle(148) : 0.013492211628441185349, 30705, 5648, 0.000000, 3.946823858317716733, 22588
Rectangle(149) : 0.013604467738466188337, 30558, 5621, 0.000000, 3.9415683416006040889, 22480
Rectangle(150) : 0.013717091874260435476, 30411, 5594, 0.000000, 3.9363083339219068424, 22372
Rectangle(151) : 0.0138300874460575453, 30264, 5567, 0.000000, 3.9310437638125162086, 22264
Rectangle(152) : 0.013943457911422748717, 30118, 5540, 0.000000, 3.9257745589459744757, 22156
Rectangle(153) : 0.014057202999375002335, 29971, 5513, 0.000000, 3.9205008210172618813, 22048
Rectangle(154) : 0.014171330016191834002, 29825, 5486, 0.000000, 3.9152223013619861248, 21940
Rectangle(155) : 0.014285838727050576202, 29680, 5459, 0.000000, 3.9099391019212635756, 21832
Rectangle(156) : 0.014400728858516926053, 29534, 5433, 0.000000, 3.9046513260935160495, 21728
Rectangle(157) : 0.01451600790389152875, 29389, 5406, 0.000000, 3.8993587207990288023, 21620
Rectangle(158) : 0.014631675627216549295, 29244, 5379, 0.000000, 3.8940613896868935285, 21512
Rectangle(159) : 0.014747735721242226136, 29099, 5352, 0.000000, 3.8887592568240497754, 21404
Rectangle(160) : 0.014864191931312127155, 28955, 5326, 0.000000, 3.8834522453404684097, 21300
Rectangle(161) : 0.014981044020600349169, 28810, 5299, 0.000000, 3.8781404606383810468, 21192
Rectangle(162) : 0.015098299850542674093, 28666, 5272, 0.000000, 3.8728236410428678332, 21084
Rectangle(163) : 0.015215959225448237053, 28522, 5246, 0.000000, 3.8675018921933655084, 20980
Rectangle(164) : 0.015334026047276768205, 28379, 5219, 0.000000, 3.8621751347741610942, 20872
Rectangle(165) : 0.015452500099737184749, 28235, 5193, 0.000000, 3.8568434761127816366, 20768
Rectangle(166) : 0.015571389544614563238, 28092, 5167, 0.000000, 3.8515066475988494043, 20664
Rectangle(167) : 0.015690694209558278509, 27949, 5140, 0.000000, 3.8461647567910053426, 20556
Rectangle(168) : 0.015810418162357699073, 27806, 5114, 0.000000, 3.8408177218039215774, 20452
Rectangle(169) : 0.015930565530616489319, 27664, 5088, 0.000000, 3.8354654597050733344, 20348
Rectangle(170) : 0.016051136144399928928, 27522, 5061, 0.000000, 3.8301080799120026598, 20240
Rectangle(171) : 0.016172134185236786811, 27380, 5035, 0.000000, 3.8247454989141262189, 20136
Rectangle(172) : 0.016293563896665352414, 27238, 5009, 0.000000, 3.8193776321239339789, 20032
Rectangle(173) : 0.01641542958548699622, 27096, 4983, 0.000000, 3.8140043938558093243, 19928
Rectangle(174) : 0.016537735623051795796, 26955, 4957, 0.000000, 3.8086256973043267622, 19824
Rectangle(175) : 0.016660481892660563252, 26814, 4931, 0.000000, 3.8032416540114591895, 19720
Rectangle(176) : 0.016783672824785999934, 26673, 4905, 0.000000, 3.7978521765358042345, 19616
Rectangle(177) : 0.016907312916884219266, 26533, 4879, 0.000000, 3.7924571762833113731, 19512
Rectangle(178) : 0.017031402057813752729, 26392, 4853, 0.000000, 3.7870567667602016898, 19408
Rectangle(179) : 0.017155949525484266585, 26252, 4827, 0.000000, 3.7816506541533825191, 19304
Rectangle(180) : 0.017280955264252870216, 26112, 4802, 0.000000, 3.776238952160312334, 19204
Rectangle(181) : 0.017406423974124205706, 25973, 4776, 0.000000, 3.7708215691213956564, 19100
Rectangle(182) : 0.017532355578833765467, 25833, 4750, 0.000000, 3.7653986206637126656, 18996
Rectangle(183) : 0.017658759737106661091, 25694, 4724, 0.000000, 3.7599698045632154675, 18892
Rectangle(184) : 0.017785636432232496518, 25555, 4699, 0.000000, 3.7545352366247772096, 18792
Rectangle(185) : 0.017912990579625365906, 25417, 4673, 0.000000, 3.7490948219544857867, 18688
Rectangle(186) : 0.01804082214204242873, 25278, 4648, 0.000000, 3.743648678350446744, 18588
Rectangle(187) : 0.018169141181458143848, 25140, 4622, 0.000000, 3.7381964947785521858, 18484
Rectangle(188) : 0.018297947724607648708, 25002, 4597, 0.000000, 3.7327383891990644131, 18384
Rectangle(189) : 0.018427246916240280674, 24864, 4571, 0.000000, 3.727274263302209351, 18280
Rectangle(190) : 0.01855704398281453298, 24727, 4546, 0.000000, 3.7218040174097911643, 18180
Rectangle(191) : 0.018687338964713258712, 24590, 4521, 0.000000, 3.7163277716207312044, 18080
Rectangle(192) : 0.018818137166080510896, 24453, 4496, 0.000000, 3.7108454254261441504, 17980
Rectangle(193) : 0.018949443976100800601, 24316, 4470, 0.000000, 3.7053568769048538899, 17876
Rectangle(194) : 0.019081264870857539122, 24179, 4445, 0.000000, 3.6998620226934335988, 17776
Rectangle(195) : 0.019213605415242891436, 24043, 4420, 0.000000, 3.6943607579554465128, 17676
Rectangle(196) : 0.019346465738744760858, 23907, 4395, 0.000000, 3.6888532051118462299, 17576
Rectangle(197) : 0.019479851492085282305, 23771, 4370, 0.000000, 3.6833392584059386783, 17476
Rectangle(198) : 0.019613768418525311697, 23636, 4345, 0.000000, 3.677818810559127384, 17376
Rectangle(199) : 0.019748216667406642184, 23500, 4320, 0.000000, 3.6722919862502672874, 17276
Rectangle(200) : 0.019883207815757717387, 23365, 4295, 0.000000, 3.6667584421165268854, 17176
Rectangle(201) : 0.020018742095326154232, 23230, 4270, 0.000000, 3.661218302914214373, 17076
Rectangle(202) : 0.020154825534969469531, 23096, 4245, 0.000000, 3.6556714572139480113, 16976
Rectangle(203) : 0.020291458348323034997, 22962, 4221, 0.000000, 3.6501180320610914013, 16880
Rectangle(204) : 0.02042864666084202687, 22827, 4196, 0.000000, 3.6445579149986330743, 16780
Rectangle(205) : 0.020566402735446601851, 22694, 4171, 0.000000, 3.6389907483815281136, 16680
Rectangle(206) : 0.020704720826060047172, 22560, 4147, 0.000000, 3.633416904571328268, 16584
Rectangle(207) : 0.020843613419347783354, 22427, 4122, 0.000000, 3.6278360213519485001, 16484
Rectangle(208) : 0.020983080847954014615, 22293, 4098, 0.000000, 3.6222482281934648098, 16388
Rectangle(209) : 0.021123135942745808668, 22161, 4073, 0.000000, 3.6166531557913989026, 16288
Rectangle(210) : 0.021263772789268591886, 22028, 4049, 0.000000, 3.6110511860301785055, 16192
Rectangle(211) : 0.021405004457419589639, 21896, 4024, 0.000000, 3.6054419447829057813, 16092
Rectangle(212) : 0.021546831363922279892, 21763, 4000, 0.000000, 3.5998255639619965584, 15996
Rectangle(213) : 0.021689266945595854149, 21632, 3976, 0.000000, 3.594201661969307172, 15900
Rectangle(214) : 0.02183230511414103292, 21500, 3951, 0.000000, 3.5885706305991089791, 15800
Rectangle(215) : 0.021975959562075875198, 21369, 3927, 0.000000, 3.5829320831596878464, 15704
Rectangle(216) : 0.022120230799998084373, 21237, 3903, 0.000000, 3.5772861540479125513, 15608
Rectangle(217) : 0.022265132912068900051, 21107, 3879, 0.000000, 3.5716324486884281084, 15512
Rectangle(218) : 0.022410659630630913985, 20976, 3855, 0.000000, 3.565971369193652091, 15416
Rectangle(219) : 0.022556825313754181151, 20846, 3831, 0.000000, 3.5603025156016998249, 15320
Rectangle(220) : 0.02270363057690306822, 20715, 3807, 0.000000, 3.5546260248330875772, 15224
Rectangle(221) : 0.022851090196735705805, 20585, 3783, 0.000000, 3.5489414885973619213, 15128
Rectangle(222) : 0.022999204915637690839, 20456, 3759, 0.000000, 3.5432490436570856607, 15032
Rectangle(223) : 0.023147975400759761902, 20326, 3735, 0.000000, 3.5375488295761042535, 14936
Rectangle(224) : 0.023297416945066369412, 20197, 3711, 0.000000, 3.5318404279756881769, 14840
Rectangle(225) : 0.023447530349432150873, 20068, 3688, 0.000000, 3.5261239782385991172, 14748
Rectangle(226) : 0.023598323850440651926, 19940, 3664, 0.000000, 3.5203993378335251118, 14652
Rectangle(227) : 0.023749798240502513767, 19811, 3640, 0.000000, 3.5146666489465955873, 14556
Rectangle(228) : 0.023901969592223607885, 19683, 3617, 0.000000, 3.5089254780841783329, 14464
Rectangle(229) : 0.024054838843764743806, 19555, 3593, 0.000000, 3.5031759671840808433, 14368
Rectangle(230) : 0.024208414705037261364, 19428, 3570, 0.000000, 3.4974179672343579731, 14276
Rectangle(231) : 0.024362698108745021194, 19300, 3546, 0.000000, 3.4916516230727915458, 14180
Rectangle(232) : 0.024517705964862782414, 19173, 3523, 0.000000, 3.4858764851751449933, 14088
Rectangle(233) : 0.02467343936522658281, 19046, 3499, 0.000000, 3.4800926980539321139, 13992
Rectangle(234) : 0.024829907531668561814, 18920, 3476, 0.000000, 3.4743001057499217323, 13900
Rectangle(235) : 0.024987111554171200384, 18793, 3453, 0.000000, 3.4684988557751708189, 13808
Rectangle(236) : 0.025145069243511655384, 18667, 3430, 0.000000, 3.4626884815797247448, 13716
Rectangle(237) : 0.025303781863728065345, 18541, 3406, 0.000000, 3.4568691302622662904, 13620
Rectangle(238) : 0.025463259191286571698, 18416, 3383, 0.000000, 3.4510406384035860293, 13528
Rectangle(239) : 0.025623502492676861991, 18290, 3360, 0.000000, 3.4452031562042609491, 13436
Rectangle(240) : 0.025784530549331004197, 18165, 3337, 0.000000, 3.4393561990050555753, 13344
Rectangle(241) : 0.025946344818475240672, 18041, 3314, 0.000000, 3.4334999164922094811, 13252
Rectangle(242) : 0.026108946665185079898, 17916, 3291, 0.000000, 3.4276344618224158953, 13160
Rectangle(243) : 0.026272355599200619968, 17792, 3268, 0.000000, 3.4217593369646123719, 13068
Rectangle(244) : 0.026436573187833972732, 17668, 3245, 0.000000, 3.4158746945095183293, 12976
Rectangle(245) : 0.026601610243217124098, 17544, 3223, 0.000000, 3.4099803576004707647, 12888
Rectangle(246) : 0.026767477796659923389, 17420, 3200, 0.000000, 3.4040761461767653075, 12796
Rectangle(247) : 0.026934187104706810031, 17297, 3177, 0.000000, 3.3981618768881646579, 12704
Rectangle(248) : 0.027101739968029245405, 17174, 3155, 0.000000, 3.3922377049446595627, 12616
Rectangle(249) : 0.027270147893087161998, 17051, 3132, 0.000000, 3.3863034443951741405, 12524
Rectangle(250) : 0.027439422624445743555, 16929, 3109, 0.000000, 3.3803589058446510657, 12432
Rectangle(251) : 0.027609566100483586964, 16807, 3087, 0.000000, 3.3744042475220304978, 12344
Rectangle(252) : 0.027780590331311339121, 16685, 3064, 0.000000, 3.3684392772862226518, 12252
Rectangle(253) : 0.027952507578976081263, 16563, 3042, 0.000000, 3.3624637993875829719, 12164
Rectangle(254) : 0.028125330364666329586, 16442, 3020, 0.000000, 3.3564776143683172981, 12076
Rectangle(255) : 0.028299060909269681812, 16320, 2997, 0.000000, 3.3504808830665211033, 11984
Rectangle(256) : 0.02847372272808503237, 16199, 2975, 0.000000, 3.344473035548176288, 11896
Rectangle(257) : 0.028649318322600013313, 16079, 2953, 0.000000, 3.3384542315605170945, 11808
Rectangle(258) : 0.028825850086488346983, 15958, 2931, 0.000000, 3.3324246350597259839, 11720
Rectangle(259) : 0.02900334254388023356, 15838, 2909, 0.000000, 3.3263836585917772715, 11632
Rectangle(260) : 0.029181798387963563353, 15718, 2887, 0.000000, 3.320331464920670876, 11544
Rectangle(261) : 0.029361231615150271005, 15599, 2865, 0.000000, 3.3142678361192308653, 11456
Rectangle(262) : 0.029541644964475178427, 15480, 2843, 0.000000, 3.3081929386998948026, 11368
Rectangle(263) : 0.029723052777052691011, 15361, 2821, 0.000000, 3.3021065512160419585, 11280
Rectangle(264) : 0.029905469712878225934, 15242, 2799, 0.000000, 3.2960084477975834368, 11192
Rectangle(265) : 0.030088910760496490167, 15123, 2777, 0.000000, 3.2898983980216499584, 11104
Rectangle(266) : 0.030273391247041596955, 15005, 2755, 0.000000, 3.2837761667784824418, 11016
Rectangle(267) : 0.030458914483747927008, 14887, 2733, 0.000000, 3.277641922220182691, 10928
Rectangle(268) : 0.030645496194114030501, 14769, 2712, 0.000000, 3.2714954251915676662, 10844
Rectangle(269) : 0.03083315246232390034, 14652, 2690, 0.000000, 3.26533643159574415, 10756
Rectangle(270) : 0.03102188686251471007, 14535, 2669, 0.000000, 3.2591651126800060576, 10672
Rectangle(271) : 0.031211715903634765526, 14418, 2647, 0.000000, 3.2529812200407099173, 10584
Rectangle(272) : 0.031402656479306891335, 14301, 2626, 0.000000, 3.2467845000583002543, 10500
Rectangle(273) : 0.031594725880052174899, 14185, 2604, 0.000000, 3.2405746937376300204, 10412
Rectangle(274) : 0.031787928184862723368, 14069, 2583, 0.000000, 3.2343519744202080257, 10328
Rectangle(275) : 0.031982281157669618529, 13953, 2562, 0.000000, 3.228116078328748395, 10244
Rectangle(276) : 0.032177802986547189546, 13838, 2540, 0.000000, 3.2218667360015256189, 10156
Rectangle(277) : 0.032374498082370395617, 13723, 2519, 0.000000, 3.2156041238376437751, 10072
Rectangle(278) : 0.032572385142330873922, 13608, 2498, 0.000000, 3.2093279672670827211, 9988
Rectangle(279) : 0.032771483317468078707, 13493, 2477, 0.000000, 3.2030379857016979114, 9904
Rectangle(280) : 0.032971812227695729927, 13379, 2456, 0.000000, 3.1967338923433651458, 9820
Rectangle(281) : 0.033173376910582594801, 13264, 2435, 0.000000, 3.190415865321714294, 9736
Rectangle(282) : 0.033376212847352929112, 13151, 2414, 0.000000, 3.1840831356858991227, 9652
Rectangle(283) : 0.033580310112632063711, 13037, 2393, 0.000000, 3.1777363602821434493, 9568
Rectangle(284) : 0.033785705246503517531, 12924, 2372, 0.000000, 3.1713747537407606479, 9484
Rectangle(285) : 0.033992404004917380163, 12811, 2351, 0.000000, 3.164998495554227448, 9400
Rectangle(286) : 0.03420042824155419442, 12698, 2331, 0.000000, 3.1586072734566956954, 9320
Rectangle(287) : 0.034409800368933049019, 12586, 2310, 0.000000, 3.152200767948965264, 9236
Rectangle(288) : 0.03462052663366759258, 12473, 2289, 0.000000, 3.1457791612683448735, 9152
Rectangle(289) : 0.034832647146877593772, 12362, 2269, 0.000000, 3.1393416120472307897, 9072
Rectangle(290) : 0.035046151564613173031, 12250, 2248, 0.000000, 3.1328888196464125677, 8988
Rectangle(291) : 0.035261081264176145485, 12139, 2228, 0.000000, 3.1264199236392374783, 8908
Rectangle(292) : 0.035477443396447274695, 12028, 2207, 0.000000, 3.1199351069041655156, 8824
Rectangle(293) : 0.035695263076103424139, 11917, 2187, 0.000000, 3.113434019708026708, 8744
Rectangle(294) : 0.035914566090260345068, 11807, 2167, 0.000000, 3.1069163038172881312, 8664
Rectangle(295) : 0.036135360221184143504, 11697, 2146, 0.000000, 3.1003821444799473057, 8580
Rectangle(296) : 0.036357672108375726585, 11587, 2126, 0.000000, 3.0938311751354459307, 8500
Rectangle(297) : 0.036581529118398635529, 11477, 2106, 0.000000, 3.0872630201365036807, 8420
Rectangle(298) : 0.036806959371961108621, 11368, 2086, 0.000000, 3.0806772944237257964, 8340
Rectangle(299) : 0.037033971801097608076, 11259, 2066, 0.000000, 3.0740741828188868847, 8260
Rectangle(300) : 0.037262595496169895746, 11150, 2046, 0.000000, 3.0674532908352038468, 8180
Rectangle(301) : 0.037492860365303097885, 11042, 2026, 0.000000, 3.060814213897268661, 8100
Rectangle(302) : 0.03772477616080185433, 10934, 2006, 0.000000, 3.0541571385698853559, 8020
Rectangle(303) : 0.037958373850446072855, 10826, 1986, 0.000000, 3.0474816500506848251, 7940
Rectangle(304) : 0.038193685290502481947, 10718, 1967, 0.000000, 3.0407873227040241736, 7864
Rectangle(305) : 0.038430743260525249643, 10611, 1947, 0.000000, 3.0340737196532979661, 7784
Rectangle(306) : 0.038669558991337924977, 10504, 1927, 0.000000, 3.0273410254686104731, 7704
Rectangle(307) : 0.03891016647662625423, 10398, 1908, 0.000000, 3.0205887916157240211, 7628
Rectangle(308) : 0.039152577400997837613, 10291, 1888, 0.000000, 3.0138172072514556622, 7548
Rectangle(309) : 0.039396850766778758385, 10185, 1869, 0.000000, 3.0070251533230026262, 7472
Rectangle(310) : 0.039642999529991620695, 10080, 1849, 0.000000, 3.000212811043861592, 7392
Rectangle(311) : 0.039891036515214226012, 9974, 1830, 0.000000, 2.9933803702827641582, 7316
Rectangle(312) : 0.040141024521057695448, 9869, 1810, 0.000000, 2.9865266589860389423, 7236
Rectangle(313) : 0.040392977774577407571, 9765, 1791, 0.000000, 2.9796518581814578987, 7160
Rectangle(314) : 0.040646910376541714576, 9660, 1772, 0.000000, 2.9727561579504957333, 7084
Rectangle(315) : 0.040902889274880275211, 9556, 1753, 0.000000, 2.9658383291483443806, 7008
Rectangle(316) : 0.041160930121379683371, 9452, 1734, 0.000000, 2.9588985519952520201, 6932
Rectangle(317) : 0.041421075969030471778, 9348, 1715, 0.000000, 2.9519362814730904008, 6856
Rectangle(318) : 0.041683371249461910631, 9245, 1696, 0.000000, 2.9449509566043674036, 6780
Rectangle(319) : 0.041947833224216304076, 9142, 1677, 0.000000, 2.9379427560333684435, 6704
Rectangle(320) : 0.042214508213937740135, 9040, 1658, 0.000000, 2.9309111011636050746, 6628
Rectangle(321) : 0.042483414309199200873, 8937, 1639, 0.000000, 2.9238561745623349776, 6552
Rectangle(322) : 0.042754630172974778245, 8835, 1620, 0.000000, 2.9167765891153064275, 6476
Rectangle(323) : 0.043028175910282679369, 8734, 1602, 0.000000, 2.909672514170755674, 6404
Rectangle(324) : 0.043304071549642738411, 8632, 1583, 0.000000, 2.9025441295291148654, 6328
Rectangle(325) : 0.043582401499773544118, 8531, 1564, 0.000000, 2.8953899728393034689, 6252
Rectangle(326) : 0.043863188039785184427, 8431, 1546, 0.000000, 2.8882102090320275074, 6180
Rectangle(327) : 0.044146453394907000048, 8330, 1528, 0.000000, 2.8810050139599282797, 6108
Rectangle(328) : 0.044432288330556451222, 8230, 1509, 0.000000, 2.8737728433358452757, 6032
Rectangle(329) : 0.044720717594631280539, 8130, 1491, 0.000000, 2.8665138562381158376, 5960
Rectangle(330) : 0.045011801709789720372, 8031, 1473, 0.000000, 2.859227329423192428, 5888
Rectangle(331) : 0.045305566786296156983, 7932, 1454, 0.000000, 2.8519134241822851318, 5812
Rectangle(332) : 0.04560207629514415057, 7833, 1436, 0.000000, 2.8445713906728623587, 5740
Rectangle(333) : 0.045901396018196986311, 7735, 1418, 0.000000, 2.8372004539987811937, 5668
Rectangle(334) : 0.04620355509434421077, 7636, 1400, 0.000000, 2.8298007671256652664, 5596
Rectangle(335) : 0.046508662580871930161, 7539, 1382, 0.000000, 2.8223705552338815095, 5524
Rectangle(336) : 0.046816710140924176017, 7441, 1364, 0.000000, 2.8149109349955745842, 5452
Rectangle(337) : 0.047127812268997764861, 7344, 1346, 0.000000, 2.807420066285725675, 5380
Rectangle(338) : 0.047442003454494187202, 7247, 1329, 0.000000, 2.7998980787158731547, 5312
Rectangle(339) : 0.047759362096513764014, 7151, 1311, 0.000000, 2.7923440755813329508, 5240
Rectangle(340) : 0.048079924825584010546, 7055, 1293, 0.000000, 2.7847581857828866137, 5168
Rectangle(341) : 0.048403774320379600427, 6959, 1276, 0.000000, 2.7771394750230889761, 5100
Rectangle(342) : 0.048730996546995937398, 6864, 1258, 0.000000, 2.7694869748337208462, 5028
Rectangle(343) : 0.049061632761278239386, 6768, 1241, 0.000000, 2.7618007973739719285, 4960
Rectangle(344) : 0.049395823186422147767, 6674, 1223, 0.000000, 2.7540787943174177941, 4888
Rectangle(345) : 0.049733563491234466886, 6579, 1206, 0.000000, 2.746322201988702481, 4820
Rectangle(346) : 0.050075001734430804092, 6485, 1189, 0.000000, 2.7385287827692284962, 4752
Rectangle(347) : 0.050420187360146953436, 6392, 1171, 0.000000, 2.7306986086340384181, 4680
Rectangle(348) : 0.050769170246353780473, 6298, 1154, 0.000000, 2.7228317657206293601, 4612
Rectangle(349) : 0.051122112730590145884, 6205, 1137, 0.000000, 2.7149258531030346483, 4544
Rectangle(350) : 0.051479070966384349695, 6113, 1120, 0.000000, 2.7069809138237968012, 4476
Rectangle(351) : 0.051840101706417687958, 6020, 1103, 0.000000, 2.6989970053714871548, 4408
Rectangle(352) : 0.052205383600997669213, 5929, 1086, 0.000000, 2.6909715436886450785, 4340
Rectangle(353) : 0.052574918352842608508, 5837, 1070, 0.000000, 2.6829058922020799039, 4276
Rectangle(354) : 0.052948895720017883461, 5746, 1053, 0.000000, 2.6747973465512290135, 4208
Rectangle(355) : 0.053327384642146534525, 5655, 1036, 0.000000, 2.666645900537825003, 4140
Rectangle(356) : 0.053710522732427317019, 5565, 1020, 0.000000, 2.6584501188270426217, 4076
Rectangle(357) : 0.054098384389000011111, 5475, 1003, 0.000000, 2.6502099794012946639, 4008
Rectangle(358) : 0.054491116805329014703, 5385, 987, 0.000000, 2.6419239676835253457, 3944
Rectangle(359) : 0.054888874273793921916, 5296, 970, 0.000000, 2.6335905016299660617, 3876
Rectangle(360) : 0.055291742570929489526, 5207, 954, 0.000000, 2.6252095046452381494, 3812
Rectangle(361) : 0.055699887280867119284, 5118, 938, 0.000000, 2.6167793022862188525, 3748
Rectangle(362) : 0.056113482298898815035, 5030, 922, 0.000000, 2.6082981424166484819, 3684
Rectangle(363) : 0.056532627058822602009, 4942, 905, 0.000000, 2.599765880459451557, 3616
Rectangle(364) : 0.056957508863852843118, 4855, 889, 0.000000, 2.5911806557721272726, 3552
Rectangle(365) : 0.057388236084403229786, 4768, 873, 0.000000, 2.5825422905473686759, 3488
Rectangle(366) : 0.057825010893662325565, 4681, 858, 0.000000, 2.5738488052288299444, 3428
Rectangle(367) : 0.058268046314561456081, 4595, 842, 0.000000, 2.5650981219630910888, 3364
Rectangle(368) : 0.05871746919202894054, 4509, 826, 0.000000, 2.5562899675016934135, 3300
Rectangle(369) : 0.059173510435653179487, 4424, 810, 0.000000, 2.5474221226174291248, 3236
Rectangle(370) : 0.059636309287962724949, 4339, 795, 0.000000, 2.5384942630952711655, 3176
Rectangle(371) : 0.060106116677475347942, 4254, 779, 0.000000, 2.5295040134195201301, 3112
Rectangle(372) : 0.060583198015843829402, 4170, 764, 0.000000, 2.5204488710820814969, 3052
Rectangle(373) : 0.061067718128813153502, 4086, 749, 0.000000, 2.5113283755311965825, 2992
Rectangle(374) : 0.061559966874660240282, 4003, 733, 0.000000, 2.5021398357580842128, 2928
Rectangle(375) : 0.062060126713720466165, 3920, 718, 0.000000, 2.4928827126905675002, 2868
Rectangle(376) : 0.062568515160835406854, 3837, 703, 0.000000, 2.4835541047833689995, 2808
Rectangle(377) : 0.063085469579595732369, 3755, 688, 0.000000, 2.4741509423191147044, 2748
Rectangle(378) : 0.063611208845193366112, 3673, 673, 0.000000, 2.4646724871929559057, 2688
Rectangle(379) : 0.064146104703399997178, 3592, 658, 0.000000, 2.4551154113974234914, 2628
Rectangle(380) : 0.064690401866929346702, 3511, 643, 0.000000, 2.4454788542532733845, 2568
Rectangle(381) : 0.065244511480786730178, 3431, 629, 0.000000, 2.4357591957089248717, 2512
Rectangle(382) : 0.06580870827347368001, 3351, 614, 0.000000, 2.4259554309932844941, 2452
Rectangle(383) : 0.066383448778097160909, 3272, 599, 0.000000, 2.4160636081849857015, 2392
Rectangle(384) : 0.066969042790378635757, 3193, 585, 0.000000, 2.4060825523409169153, 2336
Rectangle(385) : 0.067565999430635734697, 3114, 571, 0.000000, 2.3960079323631365849, 2280
Rectangle(386) : 0.06817486517641708877, 3036, 556, 0.000000, 2.3858351220793040854, 2220
Rectangle(387) : 0.068796022990013697494, 2959, 542, 0.000000, 2.375562538939333254, 2164
Rectangle(388) : 0.069429873121456527252, 2882, 528, 0.000000, 2.365188562167823771, 2108
Rectangle(389) : 0.070077058604512677068, 2805, 514, 0.000000, 2.3547079155200234063, 2052
Rectangle(390) : 0.07073827354765707044, 2729, 500, 0.000000, 2.3441149334725365491, 1996
Rectangle(391) : 0.07141402104984561443, 2653, 486, 0.000000, 2.3334074236578184982, 1940
Rectangle(392) : 0.07210509056498237225, 2578, 472, 0.000000, 2.3225790633995901837, 1884
Rectangle(393) : 0.07281206460043605347, 2504, 459, 0.000000, 2.3116272535988246141, 1832
Rectangle(394) : 0.073535557912576159146, 2429, 445, 0.000000, 2.3005492954988956879, 1776
Rectangle(395) : 0.07427682975098657318, 2356, 432, 0.000000, 2.2893332122732409683, 1724
Rectangle(396) : 0.075036309043122923336, 2283, 418, 0.000000, 2.2779802514682844118, 1668
Rectangle(397) : 0.075815100217660060617, 2210, 405, 0.000000, 2.2664820342413977228, 1616
Rectangle(398) : 0.076614413355325851442, 2138, 392, 0.000000, 2.2548294365164920544, 1564
Rectangle(399) : 0.07743519419560484679, 2067, 379, 0.000000, 2.2430179852659970007, 1512
Rectangle(400) : 0.078278453985283606829, 1996, 366, 0.000000, 2.2310429622515044561, 1460
Rectangle(401) : 0.07914570997839558301, 1926, 353, 0.000000, 2.2188933407989815081, 1408
Rectangle(402) : 0.080038177964272520449, 1856, 340, 0.000000, 2.2065633582121644793, 1356
Rectangle(403) : 0.080957662532274764242, 1787, 328, 0.000000, 2.1940401930900152698, 1308
Rectangle(404) : 0.081905642494832131488, 1719, 315, 0.000000, 2.1813167401344689792, 1256
Rectangle(405) : 0.082883720877691043053, 1651, 303, 0.000000, 2.1683853934510289291, 1208
Rectangle(406) : 0.083894251097830975778, 1584, 291, 0.000000, 2.1552300916376453676, 1160
Rectangle(407) : 0.084939219590026458964, 1517, 278, 0.000000, 2.1418413019907845316, 1108
Rectangle(408) : 0.086021514449611682782, 1451, 266, 0.000000, 2.1281998021111706315, 1060
Rectangle(409) : 0.087143636987248602583, 1386, 255, 0.000000, 2.1142934809295962225, 1016
Rectangle(410) : 0.088308350898453217462, 1322, 243, 0.000000, 2.1001091190893585212, 968
Rectangle(411) : 0.089518720882635788205, 1258, 231, 0.000000, 2.0856322365623132189, 920
Rectangle(412) : 0.090779159862415051495, 1195, 220, 0.000000, 2.0708352703323582347, 876
Rectangle(413) : 0.09209366636478522575, 1133, 208, 0.000000, 2.0556992221074754195, 828
Rectangle(414) : 0.093466745995948046067, 1071, 197, 0.000000, 2.0402029519159311986, 784
Rectangle(415) : 0.094904843990267309558, 1010, 186, 0.000000, 2.0243081473052431668, 740
Rectangle(416) : 0.096414059977698243386, 950, 175, 0.000000, 2.0079861375695434134, 696
Rectangle(417) : 0.0980014138067188154, 891, 164, 0.000000, 1.9912043623640565103, 652
Rectangle(418) : 0.099675043843042111147, 833, 154, 0.000000, 1.9739255846917091719, 612
Rectangle(419) : 0.10144446231205976922, 776, 143, 0.000000, 1.9561068883461758676, 568
Rectangle(420) : 0.10332088871456772781, 720, 133, 0.000000, 1.9376983836128027317, 528
Rectangle(421) : 0.10531769202514106494, 664, 123, 0.000000, 1.9186415112329287754, 488
Rectangle(422) : 0.10745420032519065647, 610, 113, 0.000000, 1.8988374453771811545, 448
Rectangle(423) : 0.10974737646515324852, 557, 103, 0.000000, 1.8782295233077531485, 408
Rectangle(424) : 0.11222175621974526495, 505, 94, 0.000000, 1.8567154421288923118, 372
Rectangle(425) : 0.11490832145168366556, 454, 85, 0.000000, 1.8341683896583362838, 336
Rectangle(426) : 0.11784701834520423007, 405, 76, 0.000000, 1.8104280735904709237, 300
Rectangle(427) : 0.12108264321826712124, 357, 67, 0.000000, 1.7853478577733674408, 264
Rectangle(428) : 0.12468305738569952303, 311, 59, 0.000000, 1.7586729009365434959, 232
Rectangle(429) : 0.12873023713147619022, 266, 51, 0.000000, 1.7301449683100546718, 200
Rectangle(430) : 0.13335484227549895214, 224, 43, 0.000000, 1.6993089698817851967, 168
Rectangle(431) : 0.13870890017675692177, 184, 36, 0.000000, 1.6657815862799575261, 140
Rectangle(432) : 0.14504466966740886485, 146, 29, 0.000000, 1.6288635197246784439, 112
Rectangle(433) : 0.15277661158333131994, 111, 23, 0.000000, 1.587463009012001746, 88
Rectangle(434) : 0.16257357562848448883, 80, 17, 0.000000, 1.540105552202738452, 64
Rectangle(435) : 0.17557489503101871948, 53, 12, 0.000000, 1.4848208725882492329, 44

Overall winding number: 0.000000 

cpu/wall(s): 1.84467e+10 98.685
