
Filling stored sums matrix with 60 X 60 terms guaranteeing 20 digits accuracy...

Processing the barrier for X= 2000000129093...2000000129094 (N = 398942), y0 = 0.15429...1 , t = 0...0.198

Rectangle(1) : 0, 45912, 8783, 0.0000000000, 4.7571396285732838363, 35128
Rectangle(2) : 9.2723898513967673729e-05, 45742, 8750, 0.0000000000, 4.7517101778279087228, 34996
Rectangle(3) : 0.00018567370783205408715, 45572, 8718, 0.0000000000, 4.7462775526888519116, 34868
Rectangle(4) : 0.0002788510437551834629, 45403, 8685, 0.0000000000, 4.7408417107846403228, 34736
Rectangle(5) : 0.00037225548202544402548, 45234, 8653, 0.0000000000, 4.7354027290409966115, 34608
Rectangle(6) : 0.00046588865019631099748, 45065, 8620, 0.0000000000, 4.7299605649691069514, 34476
Rectangle(7) : 0.00055975219318907937541, 44896, 8588, 0.0000000000, 4.7245151756916481009, 34348
Rectangle(8) : 0.00065384777354571800916, 44728, 8556, 0.0000000000, 4.7190665179372552797, 34220
Rectangle(9) : 0.0007481749627322958861, 44559, 8523, 0.0000000000, 4.7136146698123099198, 34088
Rectangle(10) : 0.00084273755771450621218, 44391, 8491, 0.0000000000, 4.7081594656136803042, 33960
Rectangle(11) : 0.00093753513978325168546, 44223, 8459, 0.0000000000, 4.7027009837074092052, 33832
Rectangle(12) : 0.0010325694202189392056, 44056, 8427, 0.0000000000, 4.6972391798890834661, 33704
Rectangle(13) : 0.0011278399663395376137, 43888, 8395, 0.0000000000, 4.6917741334752134843, 33576
Rectangle(14) : 0.0012233506784584588105, 43721, 8363, 0.0000000000, 4.6863056756530635721, 33448
Rectangle(15) : 0.001319101134204051628, 43554, 8331, 0.0000000000, 4.6808338860027792376, 33320
Rectangle(16) : 0.0014150930955853892603, 43387, 8299, 0.0000000000, 4.6753587193551147756, 33192
Rectangle(17) : 0.0015113283439168045408, 43221, 8267, 0.0000000000, 4.6698801301152798845, 33064
Rectangle(18) : 0.0016078064478504312473, 43054, 8235, 0.0000000000, 4.6643981989732992138, 32936
Rectangle(19) : 0.0017045314489879167124, 42888, 8203, 0.0000000000, 4.6589127529113299303, 32808
Rectangle(20) : 0.0018015029270916130828, 42722, 8171, 0.0000000000, 4.6534238728852709227, 32680
Rectangle(21) : 0.0018987227171970686074, 42557, 8140, 0.0000000000, 4.6479315122851537629, 32556
Rectangle(22) : 0.0019961903843795568881, 42391, 8108, 0.0000000000, 4.6424357530723796849, 32428
Rectangle(23) : 0.0020939100832088456448, 42226, 8076, 0.0000000000, 4.6369364188901531118, 32300
Rectangle(24) : 0.0021918813904340185978, 42061, 8045, 0.0000000000, 4.6314335919696240715, 32176
Rectangle(25) : 0.0022901061970712745848, 41896, 8013, 0.0000000000, 4.6259272246499107278, 32048
Rectangle(26) : 0.0023885864153415130498, 41732, 7982, 0.0000000000, 4.6204172688095010501, 31924
Rectangle(27) : 0.0024873216130030078511, 41568, 7950, 0.0000000000, 4.6149038078495372634, 31796
Rectangle(28) : 0.0025863137176953081125, 41404, 7919, 0.0000000000, 4.6093867934897802477, 31672
Rectangle(29) : 0.0026855646787978532832, 41240, 7887, 0.0000000000, 4.6038661769809641104, 31544
Rectangle(30) : 0.0027850764677644140036, 41076, 7856, 0.0000000000, 4.5983419090977503702, 31420
Rectangle(31) : 0.0028848510784640378805, 40913, 7825, 0.0000000000, 4.5928139401315499355, 31296
Rectangle(32) : 0.002984888082353548548, 40749, 7793, 0.0000000000, 4.5872823549566702378, 31168
Rectangle(33) : 0.0030851919512817840933, 40587, 7762, 0.0000000000, 4.5817469679891533277, 31044
Rectangle(34) : 0.003185759792412913601, 40424, 7731, 0.0000000000, 4.5762080007156880421, 30920
Rectangle(35) : 0.0032865961272812019456, 40261, 7700, 0.0000000000, 4.5706652661068052725, 30796
Rectangle(36) : 0.00338770303635218392, 40099, 7669, 0.0000000000, 4.5651187127823922072, 30672
Rectangle(37) : 0.0034890800959492410089, 39937, 7638, 0.0000000000, 4.5595684271269173601, 30548
Rectangle(38) : 0.0035907294042880475632, 39775, 7607, 0.0000000000, 4.5540143575737069307, 30424
Rectangle(39) : 0.003692653083925350063, 39614, 7576, 0.0000000000, 4.5484564520389278812, 30300
Rectangle(40) : 0.0037948507022430894451, 39452, 7545, 0.0000000000, 4.5428947981721104623, 30176
Rectangle(41) : 0.0038973269974416119652, 39291, 7514, 0.0000000000, 4.5373292027723857849, 30052
Rectangle(42) : 0.004000081551990297053, 39130, 7483, 0.0000000000, 4.5317597537690858279, 29928
Rectangle(43) : 0.0041031165571977871074, 38969, 7452, 0.0000000000, 4.5261863978215908019, 29804
Rectangle(44) : 0.0042064342301640318353, 38809, 7422, 0.0000000000, 4.5206090810455525875, 29684
Rectangle(45) : 0.0043100341446438059235, 38649, 7391, 0.0000000000, 4.5150278926734024398, 29560
Rectangle(46) : 0.0044139185373233940742, 38489, 7360, 0.0000000000, 4.5094427786142230679, 29436
Rectangle(47) : 0.0045180896713776491359, 38329, 7330, 0.0000000000, 4.5038536842225929808, 29316
Rectangle(48) : 0.004622549836897819059, 38169, 7299, 0.0000000000, 4.4982605542898536252, 29192
Rectangle(49) : 0.0047273013513281120618, 38010, 7269, 0.0000000000, 4.4926633330352044308, 29072
Rectangle(50) : 0.0048323437962908903946, 37851, 7238, 0.0000000000, 4.4870621113104477306, 28948
Rectangle(51) : 0.0049376795103092901127, 37692, 7208, 0.0000000000, 4.4814568331103927417, 28828
Rectangle(52) : 0.0050433108600150736408, 37534, 7177, 0.0000000000, 4.4758474418460607324, 28704
Rectangle(53) : 0.0051492374183847134536, 37375, 7147, 0.0000000000, 4.4702340297394914747, 28584
Rectangle(54) : 0.0052554644158359373058, 37217, 7117, 0.0000000000, 4.4646163898281292047, 28464
Rectangle(55) : 0.0053619914435337133008, 37059, 7086, 0.0000000000, 4.458994614620043812, 28340
Rectangle(56) : 0.0054688209482321682999, 36901, 7056, 0.0000000000, 4.4533686460912647357, 28220
Rectangle(57) : 0.005575955406542004476, 36744, 7026, 0.0000000000, 4.4477384256026584282, 28100
Rectangle(58) : 0.0056833944013602784371, 36587, 6996, 0.0000000000, 4.4421040470744143304, 27980
Rectangle(59) : 0.0057911404326575811493, 36430, 6966, 0.0000000000, 4.43646545161802925, 27860
Rectangle(60) : 0.0058991960311099014691, 36273, 6936, 0.0000000000, 4.4308225797168878818, 27740
Rectangle(61) : 0.0060075637586129171524, 36116, 6906, 0.0000000000, 4.4251753712160143636, 27620
Rectangle(62) : 0.0061162462088071804807, 35960, 6876, 0.0000000000, 4.4195237653116143555, 27500
Rectangle(63) : 0.0062252429764743555184, 35804, 6846, 0.0000000000, 4.4138678576606552107, 27380
Rectangle(64) : 0.0063345566804644307952, 35648, 6816, 0.0000000000, 4.4082075871879326611, 27260
Rectangle(65) : 0.0064441899722953310606, 35492, 6786, 0.0000000000, 4.4025428921553845593, 27140
Rectangle(66) : 0.0065541455367085899516, 35337, 6756, 0.0000000000, 4.3968737101511130578, 27020
Rectangle(67) : 0.0066644229714130389161, 35182, 6727, 0.0000000000, 4.3912001384661678904, 26904
Rectangle(68) : 0.0067750249877414502597, 35027, 6697, 0.0000000000, 4.3855221144020411806, 26784
Rectangle(69) : 0.0068859543312308167821, 34872, 6667, 0.0000000000, 4.379839574571551875, 26664
Rectangle(70) : 0.0069972137822107305202, 34717, 6638, 0.0000000000, 4.3741524548873141141, 26548
Rectangle(71) : 0.0071088061564045639192, 34563, 6608, 0.0000000000, 4.3684606905499634862, 26428
Rectangle(72) : 0.0072207310671631775664, 34409, 6579, 0.0000000000, 4.3627643806707979244, 26312
Rectangle(73) : 0.0073329913589667986517, 34255, 6549, 0.0000000000, 4.3570634601380388121, 26192
Rectangle(74) : 0.0074455899127585966027, 34102, 6520, 0.0000000000, 4.3513578631118029051, 26076
Rectangle(75) : 0.0075585263347605848411, 33949, 6491, 0.0000000000, 4.3456476902766579669, 25960
Rectangle(76) : 0.0076718035355699358666, 33795, 6461, 0.0000000000, 4.3399328754724420881, 25840
Rectangle(77) : 0.0077854278254196900341, 33643, 6432, 0.0000000000, 4.3342131827394223989, 25724
Rectangle(78) : 0.007899395461562109628, 33490, 6403, 0.0000000000, 4.3284888831511058265, 25608
Rectangle(79) : 0.0080137128363949285538, 33338, 6374, 0.0000000000, 4.3227597385928990706, 25492
Rectangle(80) : 0.0081283795752092815165, 33185, 6344, 0.0000000000, 4.3170258516543850641, 25372
Rectangle(81) : 0.0082434022014456649749, 33033, 6315, 0.0000000000, 4.3112869808156099317, 25256
Rectangle(82) : 0.008358780368152158782, 32882, 6286, 0.0000000000, 4.3055432289474678426, 25140
Rectangle(83) : 0.0084745136942560292231, 32730, 6257, 0.0000000000, 4.2997947003022783442, 25024
Rectangle(84) : 0.0085906088577238654083, 32579, 6228, 0.0000000000, 4.2940411493586229253, 24908
Rectangle(85) : 0.0087070655061587045049, 32428, 6199, 0.0000000000, 4.2882826806561003109, 24792
Rectangle(86) : 0.0088238868543965267668, 32277, 6171, 0.0000000000, 4.282519222622965424, 24680
Rectangle(87) : 0.0089410761601753465278, 32127, 6142, 0.0000000000, 4.2767507028513912586, 24564
Rectangle(88) : 0.0090586330656707675524, 31977, 6113, 0.0000000000, 4.2709772275917037102, 24448
Rectangle(89) : 0.0091765608646385163628, 31827, 6084, 0.0000000000, 4.2651987240435795567, 24332
Rectangle(90) : 0.0092948628951171533552, 31677, 6055, 0.0000000000, 4.2594151185502279942, 24216
Rectangle(91) : 0.0094135425402398047424, 31527, 6027, 0.0000000000, 4.2536263365831308884, 24104
Rectangle(92) : 0.0095326032290647208743, 31378, 5998, 0.0000000000, 4.2478323027264414974, 23988
Rectangle(93) : 0.009652044630770579804, 31229, 5970, 0.0000000000, 4.2420331252703562939, 23876
Rectangle(94) : 0.0097718702135708730025, 31080, 5941, 0.0000000000, 4.2362287283694498001, 23760
Rectangle(95) : 0.0098920834931194395983, 30931, 5913, 0.0000000000, 4.2304190352686771237, 23648
Rectangle(96) : 0.010012688033395171942, 30783, 5884, 0.0000000000, 4.2246039682868946984, 23532
Rectangle(97) : 0.010133683516885634038, 30635, 5856, 0.0000000000, 4.2187836376616362811, 23420
Rectangle(98) : 0.010255073549125282684, 30487, 5828, 0.0000000000, 4.2129579652556630747, 23308
Rectangle(99) : 0.010376861785595111237, 30339, 5799, 0.0000000000, 4.2071268719819149636, 23192
Rectangle(100) : 0.010499051932665941355, 30192, 5771, 0.0000000000, 4.2012902777860883676, 23080
Rectangle(101) : 0.010621643688024516089, 30044, 5743, 0.0000000000, 4.1954482949011997447, 22968
Rectangle(102) : 0.010744644896082737356, 29897, 5715, 0.0000000000, 4.1896006483891248119, 22856
Rectangle(103) : 0.010868055293393140567, 29751, 5687, 0.0000000000, 4.183747450746345098, 22744
Rectangle(104) : 0.010991874575123043599, 29604, 5659, 0.0000000000, 4.1778888161165684064, 22632
Rectangle(105) : 0.01111611078699024291, 29458, 5631, 0.0000000000, 4.1720244646109235246, 22520
Rectangle(106) : 0.011240763664463626152, 29312, 5603, 0.0000000000, 4.1661545106413279435, 22408
Rectangle(107) : 0.011365837167146531717, 29166, 5575, 0.0000000000, 4.1602788701035781995, 22296
Rectangle(108) : 0.011491335311221947551, 29021, 5547, 0.0000000000, 4.1543974578358998456, 22184
Rectangle(109) : 0.011617257831391338676, 28875, 5519, 0.0000000000, 4.1485103902161960497, 22072
Rectangle(110) : 0.011743613169580644167, 28730, 5491, 0.0000000000, 4.1426173777015004113, 21960
Rectangle(111) : 0.011870401104759951526, 28586, 5464, 0.0000000000, 4.136718536922019491, 21852
Rectangle(112) : 0.011997621371216329455, 28441, 5436, 0.0000000000, 4.1308139862740162527, 21740
Rectangle(113) : 0.012125282634402364273, 28297, 5408, 0.0000000000, 4.1249034308290018902, 21628
Rectangle(114) : 0.012253384674577259205, 28153, 5381, 0.0000000000, 4.118986989239498025, 21520
Rectangle(115) : 0.012381931791731363493, 28009, 5353, 0.0000000000, 4.1130645718700007157, 21408
Rectangle(116) : 0.012510928348976177685, 27865, 5326, 0.0000000000, 4.107136087925062609, 21300
Rectangle(117) : 0.012640378773807509557, 27722, 5298, 0.0000000000, 4.1012014454267780301, 21188
Rectangle(118) : 0.012770282873274603491, 27579, 5271, 0.0000000000, 4.095260765228038113, 21080
Rectangle(119) : 0.012900645133154513499, 27436, 5243, 0.0000000000, 4.0893139547072883329, 20968
Rectangle(120) : 0.013031470105989740512, 27293, 5216, 0.0000000000, 4.0833609200265959433, 20860
Rectangle(121) : 0.013162762412442918834, 27151, 5189, 0.0000000000, 4.0774015661077172533, 20752
Rectangle(122) : 0.013294521889666878072, 27009, 5162, 0.0000000000, 4.0714360160568096506, 20644
Rectangle(123) : 0.013426753220558684864, 26867, 5135, 0.0000000000, 4.0654641741084709538, 20536
Rectangle(124) : 0.013559461158702447508, 26725, 5107, 0.0000000000, 4.0594859432206356703, 20424
Rectangle(125) : 0.013692650529823893183, 26584, 5080, 0.0000000000, 4.0535012250491070784, 20316
Rectangle(126) : 0.013826321204855833714, 26443, 5053, 0.0000000000, 4.0475101450069802213, 20208
Rectangle(127) : 0.013960478076050742772, 26302, 5026, 0.0000000000, 4.0415126040157379011, 20100
Rectangle(128) : 0.014095126110573430701, 26161, 4999, 0.0000000000, 4.0355085016557248701, 19992
Rectangle(129) : 0.014230270352064800483, 26021, 4973, 0.0000000000, 4.0294977361390152327, 19888
Rectangle(130) : 0.014365910709320056439, 25880, 4946, 0.0000000000, 4.0234804352399633839, 19780
Rectangle(131) : 0.014502057557667813911, 25740, 4919, 0.0000000000, 4.0174562639221887769, 19672
Rectangle(132) : 0.014638710870174503452, 25601, 4892, 0.0000000000, 4.0114253501414418902, 19564
Rectangle(133) : 0.014775870565113819959, 25461, 4866, 0.0000000000, 4.0053878239962855666, 19460
Rectangle(134) : 0.014913547318736862477, 25322, 4839, 0.0000000000, 3.9993433435950662974, 19352
Rectangle(135) : 0.015051741116367186555, 25183, 4812, 0.0000000000, 3.9932920392171689649, 19244
Rectangle(136) : 0.015190457394777906841, 25044, 4786, 0.0000000000, 3.9872338031017905982, 19140
Rectangle(137) : 0.015329701676965328603, 24906, 4759, 0.0000000000, 3.9811685259727792298, 19032
Rectangle(138) : 0.015469473961795200089, 24768, 4733, 0.0000000000, 3.9750963404978250465, 18928
Rectangle(139) : 0.015609779854095661371, 24630, 4706, 0.0000000000, 3.9690171364988719147, 18820
Rectangle(140) : 0.015750625048431790966, 24492, 4680, 0.0000000000, 3.9629308022339373764, 18716
Rectangle(141) : 0.015892015331064239822, 24355, 4654, 0.0000000000, 3.9568372243640575523, 18612
Rectangle(142) : 0.016033950753949234999, 24217, 4627, 0.0000000000, 3.9507365380833683068, 18504
Rectangle(143) : 0.016176443074966841157, 24080, 4601, 0.0000000000, 3.9446283772090699338, 18400
Rectangle(144) : 0.0163194924261798424, 23944, 4575, 0.0000000000, 3.93851287705172653, 18296
Rectangle(145) : 0.016463098877777391954, 23807, 4549, 0.0000000000, 3.9323901753286525858, 18192
Rectangle(146) : 0.016607274547762213754, 23671, 4523, 0.0000000000, 3.9262598979257497152, 18088
Rectangle(147) : 0.016752019590131600333, 23535, 4497, 0.0000000000, 3.9201221826717439247, 17984
Rectangle(148) : 0.016897340269233862662, 23399, 4471, 0.0000000000, 3.9139769091290676909, 17880
Rectangle(149) : 0.017043242953499389723, 23264, 4445, 0.0000000000, 3.9078239550805149811, 17776
Rectangle(150) : 0.017189727820894528778, 23129, 4419, 0.0000000000, 3.901663460944071486, 17672
Rectangle(151) : 0.017336801341623659804, 22994, 4393, 0.0000000000, 3.8954953033835693679, 17568
Rectangle(152) : 0.017484470094488910276, 22859, 4367, 0.0000000000, 3.88931935722193544, 17464
Rectangle(153) : 0.017632740769375035454, 22725, 4342, 0.0000000000, 3.8831354954004361239, 17364
Rectangle(154) : 0.017781613618457562896, 22590, 4316, 0.0000000000, 3.8769438610263979901, 17260
Rectangle(155) : 0.017931102058520705791, 22456, 4290, 0.0000000000, 3.8707440517844141396, 17156
Rectangle(156) : 0.018081206442729131786, 22323, 4265, 0.0000000000, 3.8645362107993158703, 17056
Rectangle(157) : 0.018231927054241890639, 22189, 4239, 0.0000000000, 3.8583204839128726759, 16952
Rectangle(158) : 0.018383277745301103432, 22056, 4214, 0.0000000000, 3.8520964595502255808, 16852
Rectangle(159) : 0.01853525890505582893, 21923, 4188, 0.0000000000, 3.8458642835586532026, 16748
Rectangle(160) : 0.018687877811389754634, 21791, 4163, 0.0000000000, 3.8396238203522142656, 16648
Rectangle(161) : 0.018841134835865557225, 21658, 4138, 0.0000000000, 3.83337521858617679, 16548
Rectangle(162) : 0.01899504448673757573, 21526, 4112, 0.0000000000, 3.8271180528403264089, 16444
Rectangle(163) : 0.019149607250504198717, 21394, 4087, 0.0000000000, 3.8208524717293232865, 16344
Rectangle(164) : 0.019304830793167063225, 21262, 4062, 0.0000000000, 3.8145783339617653877, 16244
Rectangle(165) : 0.019460722916860119635, 21131, 4037, 0.0000000000, 3.8082954960054241527, 16144
Rectangle(166) : 0.019617284153716180595, 21000, 4012, 0.0000000000, 3.8020041093456819092, 16044
Rectangle(167) : 0.019774522444637403543, 20869, 3987, 0.0000000000, 3.795704028931935757, 15944
Rectangle(168) : 0.019932445873116580109, 20738, 3962, 0.0000000000, 3.7893951073873947339, 15844
Rectangle(169) : 0.020091062668727892422, 20608, 3937, 0.0000000000, 3.7830771949540472171, 15744
Rectangle(170) : 0.020250373479818442073, 20478, 3912, 0.0000000000, 3.7767504459991114394, 15644
Rectangle(171) : 0.020410386686479205402, 20348, 3887, 0.0000000000, 3.770414709120124756, 15544
Rectangle(172) : 0.020571110821977540607, 20219, 3862, 0.0000000000, 3.7640698304402590474, 15444
Rectangle(173) : 0.020732546591819781027, 20089, 3838, 0.0000000000, 3.7577159673438718829, 15348
Rectangle(174) : 0.020894710759640173873, 19960, 3813, 0.0000000000, 3.7513526479701045095, 15248
Rectangle(175) : 0.021057604178877153056, 19831, 3788, 0.0000000000, 3.7449800294799888931, 15148
Rectangle(176) : 0.021221235868125299337, 19703, 3764, 0.0000000000, 3.7385979510432475369, 15052
Rectangle(177) : 0.021385606672116734527, 19575, 3739, 0.0000000000, 3.732206573036195876, 14952
Rectangle(178) : 0.02155072578185038438, 19447, 3715, 0.0000000000, 3.7258057327589539915, 14856
Rectangle(179) : 0.021716602561444098268, 19319, 3690, 0.0000000000, 3.7193952647683323981, 14756
Rectangle(180) : 0.021883246552580716747, 19191, 3666, 0.0000000000, 3.7129750008097931414, 14660
Rectangle(181) : 0.022050667479098865522, 19064, 3641, 0.0000000000, 3.7065447697472735733, 14560
Rectangle(182) : 0.022218866428414186209, 18937, 3617, 0.0000000000, 3.7001047347932492402, 14464
Rectangle(183) : 0.022387853318354158182, 18810, 3593, 0.0000000000, 3.6936547227034314796, 14368
Rectangle(184) : 0.022557638258423452784, 18684, 3569, 0.0000000000, 3.6871945572295889844, 14272
Rectangle(185) : 0.022728222424406624963, 18558, 3545, 0.0000000000, 3.6807244048089135041, 14176
Rectangle(186) : 0.022899616130884096323, 18432, 3520, 0.0000000000, 3.6742440869775581014, 14076
Rectangle(187) : 0.023071829894283486411, 18306, 3496, 0.0000000000, 3.6677534221380507991, 13980
Rectangle(188) : 0.023244874438265680817, 18181, 3472, 0.0000000000, 3.6612522254785950388, 13884
Rectangle(189) : 0.023418751135118361915, 18056, 3449, 0.0000000000, 3.6547406664865003835, 13792
Rectangle(190) : 0.023593470932774902699, 17931, 3425, 0.0000000000, 3.6482185579319989981, 13696
Rectangle(191) : 0.023769044997686619781, 17806, 3401, 0.0000000000, 3.6416857092281394787, 13600
Rectangle(192) : 0.023945484720770307272, 17682, 3377, 0.0000000000, 3.6351419263426291523, 13504
Rectangle(193) : 0.024122791695453184161, 17558, 3353, 0.0000000000, 3.6285873818127188836, 13408
Rectangle(194) : 0.024300977558410965166, 17434, 3330, 0.0000000000, 3.6220218789623610197, 13316
Rectangle(195) : 0.024480054183337107246, 17311, 3306, 0.0000000000, 3.615445217512423504, 13220
Rectangle(196) : 0.024660023290697307321, 17187, 3282, 0.0000000000, 3.6088575734233782922, 13124
Rectangle(197) : 0.024840907538874614489, 17065, 3259, 0.0000000000, 3.6022583603219678318, 13032
Rectangle(198) : 0.025022698242673147617, 16942, 3236, 0.0000000000, 3.5956481400729496594, 12940
Rectangle(199) : 0.025205418590924413682, 16819, 3212, 0.0000000000, 3.5890263165629643735, 12844
Rectangle(200) : 0.025389081491011396521, 16697, 3189, 0.0000000000, 3.5823926751005579997, 12752
Rectangle(201) : 0.025573689065731439523, 16575, 3165, 0.0000000000, 3.575747394248613753, 12656
Rectangle(202) : 0.025759254519381431302, 16454, 3142, 0.0000000000, 3.5690902561372240648, 12564
Rectangle(203) : 0.025945779999880837165, 16332, 3119, 0.0000000000, 3.5624214433567833221, 12472
Rectangle(204) : 0.026133290497269814836, 16211, 3096, 0.0000000000, 3.5557403264459591241, 12380
Rectangle(205) : 0.026321788450909069609, 16091, 3073, 0.0000000000, 3.5490470869014928089, 12288
Rectangle(206) : 0.026511276182367741712, 15970, 3050, 0.0000000000, 3.5423419109450082342, 12196
Rectangle(207) : 0.026701779745983584432, 15850, 3027, 0.0000000000, 3.535624149851149443, 12104
Rectangle(208) : 0.026893301774365360422, 15730, 3004, 0.0000000000, 3.5288939886427751408, 12012
Rectangle(209) : 0.027085857018398594697, 15610, 2981, 0.0000000000, 3.5221511893683792993, 11920
Rectangle(210) : 0.027279460553912264094, 15491, 2958, 0.0000000000, 3.5153955093431562766, 11828
Rectangle(211) : 0.027474115224969210468, 15372, 2935, 0.0000000000, 3.5086271371888189342, 11736
Rectangle(212) : 0.027669836480315867958, 15253, 2913, 0.0000000000, 3.5018458262886417535, 11648
Rectangle(213) : 0.027866640114111753473, 15134, 2890, 0.0000000000, 3.4950513250455082721, 11556
Rectangle(214) : 0.02806454227646443672, 15016, 2867, 0.0000000000, 3.4882433767355823911, 11464
Rectangle(215) : 0.028263546230695628941, 14898, 2845, 0.0000000000, 3.481422172828431758, 11376
Rectangle(216) : 0.028463668540591482865, 14780, 2822, 0.0000000000, 3.4745874522515989652, 11284
Rectangle(217) : 0.028664926148998221632, 14663, 2800, 0.0000000000, 3.4677389485291544769, 11196
Rectangle(218) : 0.02886732258550706392, 14546, 2777, 0.0000000000, 3.4608768567799086385, 11104
Rectangle(219) : 0.029070875236186282168, 14429, 2755, 0.0000000000, 3.4540009058984444215, 11016
Rectangle(220) : 0.029275601891248895268, 14312, 2733, 0.0000000000, 3.4471108190781722926, 10928
Rectangle(221) : 0.029481520757869784892, 14196, 2710, 0.0000000000, 3.4402063136372348278, 10836
Rectangle(222) : 0.029688635882809009661, 14080, 2688, 0.0000000000, 3.4332875873315822686, 10748
Rectangle(223) : 0.029896965967136536811, 13964, 2666, 0.0000000000, 3.4263543523374639358, 10660
Rectangle(224) : 0.030106530157364083641, 13849, 2644, 0.0000000000, 3.4194063146206620433, 10572
Rectangle(225) : 0.03031733283731358628, 13734, 2622, 0.0000000000, 3.4124436755770508393, 10484
Rectangle(226) : 0.030529393684523215728, 13619, 2600, 0.0000000000, 3.405466135679995724, 10396
Rectangle(227) : 0.030742732853014294054, 13504, 2578, 0.0000000000, 3.3984733888303676515, 10308
Rectangle(228) : 0.03095737098903550019, 13390, 2556, 0.0000000000, 3.3914651221475345385, 10220
Rectangle(229) : 0.031173313119143605831, 13276, 2535, 0.0000000000, 3.3844415393124241819, 10136
Rectangle(230) : 0.031390580484262046941, 13162, 2513, 0.0000000000, 3.3774023213156003664, 10048
Rectangle(231) : 0.031609194852998986644, 13049, 2491, 0.0000000000, 3.3703471419561288374, 9960
Rectangle(232) : 0.031829161681258326734, 12935, 2470, 0.0000000000, 3.3632762084551691594, 9876
Rectangle(233) : 0.032050520491343766948, 12823, 2448, 0.0000000000, 3.3561886412326611207, 9788
Rectangle(234) : 0.0322732599938964193, 12710, 2426, 0.0000000000, 3.3490851970324811765, 9700
Rectangle(235) : 0.032497420906330131431, 12598, 2405, 0.0000000000, 3.3419649772090489114, 9616
Rectangle(236) : 0.032723009490010798911, 12486, 2384, 0.0000000000, 3.3348281907149023073, 9532
Rectangle(237) : 0.032950050030673533358, 12374, 2362, 0.0000000000, 3.3276744818825121508, 9444
Rectangle(238) : 0.033178567444758106831, 12263, 2341, 0.0000000000, 3.3205034866476933887, 9360
Rectangle(239) : 0.033408568544541821532, 12152, 2320, 0.0000000000, 3.313315417267970889, 9276
Rectangle(240) : 0.033640079029833787537, 12041, 2299, 0.0000000000, 3.306109901745498723, 9192
Rectangle(241) : 0.033873125280290186401, 11930, 2277, 0.0000000000, 3.2988865591331084328, 9104
Rectangle(242) : 0.034107734379966054669, 11820, 2256, 0.0000000000, 3.2916449992235784082, 9020
Rectangle(243) : 0.03434391415993420851, 11710, 2235, 0.0000000000, 3.2843854351640036069, 8936
Rectangle(244) : 0.034581692591630536743, 11600, 2214, 0.0000000000, 3.2771074677980341288, 8852
Rectangle(245) : 0.034821098407820022444, 11491, 2194, 0.0000000000, 3.2698106880748948115, 8772
Rectangle(246) : 0.035062140152496281674, 11382, 2173, 0.0000000000, 3.2624953120086469745, 8688
Rectangle(247) : 0.035304847524839336232, 11273, 2152, 0.0000000000, 3.2551609208711181018, 8604
Rectangle(248) : 0.035549251048379752989, 11165, 2131, 0.0000000000, 3.2478070853443146343, 8520
Rectangle(249) : 0.035795360057367152418, 11057, 2111, 0.0000000000, 3.2404340241292053967, 8440
Rectangle(250) : 0.036043206129912074676, 10949, 2090, 0.0000000000, 3.2330412974231351955, 8356
Rectangle(251) : 0.036292821738408114058, 10842, 2069, 0.0000000000, 3.2256284540695935443, 8272
Rectangle(252) : 0.036544217094806342571, 10734, 2049, 0.0000000000, 3.2181957152298647078, 8192
Rectangle(253) : 0.036797449414093641314, 10628, 2029, 0.0000000000, 3.210741925570239917, 8112
Rectangle(254) : 0.037052506049920724483, 10521, 2008, 0.0000000000, 3.2032680009609664821, 8028
Rectangle(255) : 0.037309446264820540706, 10415, 1988, 0.0000000000, 3.1957727561965922258, 7948
Rectangle(256) : 0.037568281863111140056, 10309, 1968, 0.0000000000, 3.1882564108550914813, 7868
Rectangle(257) : 0.037829049775697723767, 10203, 1948, 0.0000000000, 3.1807184645536843981, 7788
Rectangle(258) : 0.038091788035479521709, 10098, 1927, 0.0000000000, 3.1731584032714838338, 7704
Rectangle(259) : 0.038356509604430946133, 9993, 1907, 0.0000000000, 3.1655764479852478364, 7624
Rectangle(260) : 0.038623253970285569152, 9888, 1887, 0.0000000000, 3.1579720704929276159, 7544
Rectangle(261) : 0.038892061825311148402, 9784, 1867, 0.0000000000, 3.1503447278675412839, 7464
Rectangle(262) : 0.039162947427096465377, 9680, 1848, 0.0000000000, 3.1426946419943537495, 7388
Rectangle(263) : 0.03943595307193059283, 9576, 1828, 0.0000000000, 3.1350212544302354525, 7308
Rectangle(264) : 0.039711122375860233124, 9472, 1808, 0.0000000000, 3.1273239907986087024, 7228
Rectangle(265) : 0.039988500330969883536, 9369, 1788, 0.0000000000, 3.1196022601372334336, 7148
Rectangle(266) : 0.040268103518090945915, 9267, 1769, 0.0000000000, 3.1118562790548583644, 7072
Rectangle(267) : 0.04054994837392938968, 9164, 1749, 0.0000000000, 3.1040862751748595785, 6992
Rectangle(268) : 0.040834113179164533676, 9062, 1730, 0.0000000000, 3.0962907906578858413, 6916
Rectangle(269) : 0.041120616245889085192, 8960, 1710, 0.0000000000, 3.0884700410302483853, 6836
Rectangle(270) : 0.041409507991539782556, 8859, 1691, 0.0000000000, 3.0806233798967555721, 6760
Rectangle(271) : 0.041700807616767997431, 8757, 1671, 0.0000000000, 3.0727510277436806118, 6680
Rectangle(272) : 0.041994601270729820043, 8657, 1652, 0.0000000000, 3.064851417829930794, 6604
Rectangle(273) : 0.042290876125509758912, 8556, 1633, 0.0000000000, 3.0569256693828254782, 6528
Rectangle(274) : 0.042589722042922431362, 8456, 1614, 0.0000000000, 3.0489721663956861888, 6452
Rectangle(275) : 0.042891161513877455746, 8356, 1595, 0.0000000000, 3.0409911190829681368, 6376
Rectangle(276) : 0.043195253318458950257, 8256, 1576, 0.0000000000, 3.0329817944091133306, 6300
Rectangle(277) : 0.043502058283867030844, 8157, 1557, 0.0000000000, 3.0249434359156612912, 6224
Rectangle(278) : 0.04381160142913068921, 8058, 1538, 0.0000000000, 3.0168762491303993358, 6148
Rectangle(279) : 0.044123946458806837055, 7960, 1519, 0.0000000000, 3.0087794508071400676, 6072
Rectangle(280) : 0.044439119756646930029, 7862, 1500, 0.0000000000, 3.0006532502249066201, 5996
Rectangle(281) : 0.044757188091704791466, 7764, 1482, 0.0000000000, 2.9924968359033430036, 5924
Rectangle(282) : 0.045078220656864933532, 7666, 1463, 0.0000000000, 2.9843093693236504636, 5848
Rectangle(283) : 0.045402289189257791668, 7569, 1445, 0.0000000000, 2.9760899836408084793, 5776
Rectangle(284) : 0.045729424872127498165, 7472, 1426, 0.0000000000, 2.9678388695362840754, 5700
Rectangle(285) : 0.046059703093425180723, 7376, 1408, 0.0000000000, 2.9595551267608096739, 5628
Rectangle(286) : 0.046393156879591234096, 7280, 1389, 0.0000000000, 2.9512389481642536959, 5552
Rectangle(287) : 0.04672986552631709312, 7184, 1371, 0.0000000000, 2.9428893981197891813, 5480
Rectangle(288) : 0.047069911377948466892, 7088, 1353, 0.0000000000, 2.9345055079369609544, 5408
Rectangle(289) : 0.047413379987984719849, 6993, 1335, 0.0000000000, 2.9260862741936772175, 5336
Rectangle(290) : 0.047760310672125099831, 6898, 1317, 0.0000000000, 2.9176318625606984125, 5264
Rectangle(291) : 0.048110793690762487249, 6804, 1299, 0.0000000000, 2.9091412273208890759, 5192
Rectangle(292) : 0.048464870884666204045, 6710, 1281, 0.0000000000, 2.9006145336859462604, 5120
Rectangle(293) : 0.048822637581191680388, 6616, 1263, 0.0000000000, 2.8920506908986296088, 5048
Rectangle(294) : 0.049184193006055439397, 6523, 1245, 0.0000000000, 2.8834485671411789785, 4976
Rectangle(295) : 0.049549584477332639915, 6430, 1227, 0.0000000000, 2.8748083080431663601, 4904
Rectangle(296) : 0.049918917029127844637, 6337, 1210, 0.0000000000, 2.8661287306441647226, 4836
Rectangle(297) : 0.050292300133221921444, 6245, 1192, 0.0000000000, 2.857408605941267283, 4764
Rectangle(298) : 0.050669787500065999471, 6153, 1174, 0.0000000000, 2.8486480549301904139, 4692
Rectangle(299) : 0.051051495293813795735, 6062, 1157, 0.0000000000, 2.8398457902524608675, 4624
Rectangle(300) : 0.051437481072476359389, 5971, 1140, 0.0000000000, 2.8310019271072292787, 4556
Rectangle(301) : 0.051827868265091872583, 5880, 1122, 0.0000000000, 2.8221151154952349101, 4484
Rectangle(302) : 0.052222785801740722057, 5789, 1105, 0.0000000000, 2.813183949951461714, 4416
Rectangle(303) : 0.052622368449858093229, 5699, 1088, 0.0000000000, 2.8042069662991631257, 4348
Rectangle(304) : 0.053026686218992882337, 5610, 1071, 0.0000000000, 2.7951842163316367429, 4280
Rectangle(305) : 0.053435809965219555553, 5520, 1054, 0.0000000000, 2.7861157699965882873, 4212
Rectangle(306) : 0.053849961372827633141, 5432, 1037, 0.0000000000, 2.7769984254252590195, 4144
Rectangle(307) : 0.054269143704459676407, 5343, 1020, 0.0000000000, 2.7678338681615970167, 4076
Rectangle(308) : 0.054693593239956887153, 5255, 1003, 0.0000000000, 2.7586187386072011849, 4008
Rectangle(309) : 0.055123396996114299367, 5167, 986, 0.0000000000, 2.7493530216970462261, 3940
Rectangle(310) : 0.055558727559632210384, 5080, 970, 0.0000000000, 2.7400349244496953573, 3876
Rectangle(311) : 0.055999679316413646478, 4993, 953, 0.0000000000, 2.7306644094094260326, 3808
Rectangle(312) : 0.056446437659976519707, 4906, 937, 0.0000000000, 2.7212395778420392127, 3744
Rectangle(313) : 0.056899197459781256604, 4820, 920, 0.0000000000, 2.7117584413253713534, 3676
Rectangle(314) : 0.05735806850569938344, 4734, 904, 0.0000000000, 2.702220887449627874, 3612
Rectangle(315) : 0.057823260919609317508, 4649, 888, 0.0000000000, 2.6926248032629756785, 3548
Rectangle(316) : 0.058294894561954547811, 4564, 871, 0.0000000000, 2.6829700407581671359, 3480
Rectangle(317) : 0.058773196499018125185, 4480, 855, 0.0000000000, 2.6732543503246867766, 3416
Rectangle(318) : 0.059258297916501314197, 4395, 839, 0.0000000000, 2.663477542693272635, 3352
Rectangle(319) : 0.059750556743052684535, 4312, 823, 0.0000000000, 2.6536349877944711447, 3288
Rectangle(320) : 0.060250008270834333688, 4228, 807, 0.0000000000, 2.6437286491717927284, 3224
Rectangle(321) : 0.060757039644810632819, 4146, 792, 0.0000000000, 2.6337536098801785281, 3164
Rectangle(322) : 0.061271693192779802749, 4063, 776, 0.0000000000, 2.6237118934544688959, 3100
Rectangle(323) : 0.061794388711720110132, 3981, 760, 0.0000000000, 2.6135982677257347568, 3036
Rectangle(324) : 0.06232531015550954363, 3899, 745, 0.0000000000, 2.6034122693903100284, 2976
Rectangle(325) : 0.062864784961713778056, 3818, 729, 0.0000000000, 2.5931508275257784988, 2912
Rectangle(326) : 0.063413017237126501602, 3738, 714, 0.0000000000, 2.5828133911710220582, 2852
Rectangle(327) : 0.06397021718126000135, 3657, 699, 0.0000000000, 2.5723994194173578245, 2792
Rectangle(328) : 0.064536911033985557222, 3577, 683, 0.0000000000, 2.5619026710738207923, 2728
Rectangle(329) : 0.065113344545608095884, 3498, 668, 0.0000000000, 2.5513223695879205456, 2668
Rectangle(330) : 0.065699771752465706103, 3419, 653, 0.0000000000, 2.5406577408285380234, 2608
Rectangle(331) : 0.066296629822319036908, 3341, 638, 0.0000000000, 2.5299048848533499861, 2548
Rectangle(332) : 0.066904203867471191947, 3263, 623, 0.0000000000, 2.5190628853435511178, 2488
Rectangle(333) : 0.067522978885964465352, 3185, 609, 0.0000000000, 2.5081274904545524361, 2432
Rectangle(334) : 0.068153474173391326399, 3108, 594, 0.0000000000, 2.4970941695278520376, 2372
Rectangle(335) : 0.068796039865002604403, 3031, 579, 0.0000000000, 2.4859616520513158979, 2312
Rectangle(336) : 0.069451256510351108494, 2955, 565, 0.0000000000, 2.474724963348364484, 2256
Rectangle(337) : 0.070119522149386088015, 2880, 550, 0.0000000000, 2.4633826007077599049, 2196
Rectangle(338) : 0.070801252219076282426, 2804, 536, 0.0000000000, 2.4519330332835089492, 2140
Rectangle(339) : 0.071497376695996221424, 2730, 522, 0.0000000000, 2.4403665019743495503, 2084
Rectangle(340) : 0.072208133656426386094, 2656, 508, 0.0000000000, 2.4286852043203561081, 2028
Rectangle(341) : 0.072934295254438568364, 2582, 494, 0.0000000000, 2.4168828549891649633, 1972
Rectangle(342) : 0.07367669759951570429, 2509, 480, 0.0000000000, 2.4049526854985723358, 1916
Rectangle(343) : 0.07443594538169927238, 2436, 466, 0.0000000000, 2.3928921720058313142, 1860
Rectangle(344) : 0.075212994713392963395, 2364, 452, 0.0000000000, 2.3806937279463631628, 1804
Rectangle(345) : 0.076008550435874504496, 2293, 439, 0.0000000000, 2.3683543274690748796, 1752
Rectangle(346) : 0.076823358254221244522, 2222, 425, 0.0000000000, 2.3558708237536613446, 1696
Rectangle(347) : 0.077658583647449714975, 2151, 412, 0.0000000000, 2.3432342927124420911, 1644
Rectangle(348) : 0.07851550335582370014, 2081, 398, 0.0000000000, 2.3304350190197401176, 1588
Rectangle(349) : 0.079395097310182056756, 2012, 385, 0.0000000000, 2.3174685882778999251, 1536
Rectangle(350) : 0.080298411717874849959, 1943, 372, 0.0000000000, 2.3043303572866751175, 1484
Rectangle(351) : 0.081227042884774837153, 1875, 359, 0.0000000000, 2.2910086300455514459, 1432
Rectangle(352) : 0.082182247487465797924, 1807, 346, 0.0000000000, 2.2774977108412053518, 1380
Rectangle(353) : 0.083165920819419979082, 1740, 334, 0.0000000000, 2.263784031512940913, 1332
Rectangle(354) : 0.084179589803048106043, 1674, 321, 0.0000000000, 2.2498605429451082623, 1280
Rectangle(355) : 0.085224906734317585292, 1608, 309, 0.0000000000, 2.2357197188088134166, 1232
Rectangle(356) : 0.086304334420143961795, 1543, 296, 0.0000000000, 2.2213446421473501026, 1180
Rectangle(357) : 0.087419917467549891868, 1479, 284, 0.0000000000, 2.2067258503820158082, 1132
Rectangle(358) : 0.088573890321087427911, 1415, 272, 0.0000000000, 2.1918531353433067067, 1084
Rectangle(359) : 0.089769546247125100495, 1352, 260, 0.0000000000, 2.1767048481791997975, 1036
Rectangle(360) : 0.091009712554949952417, 1290, 248, 0.0000000000, 2.1612679031336336822, 988
Rectangle(361) : 0.092297517131022536667, 1228, 236, 0.0000000000, 2.1455280063865416573, 940
Rectangle(362) : 0.093637523650881283944, 1167, 225, 0.0000000000, 2.1294565355847827189, 896
Rectangle(363) : 0.095033801744784268279, 1107, 213, 0.0000000000, 2.1130347137256906487, 848
Rectangle(364) : 0.09649092434074243508, 1047, 202, 0.0000000000, 2.0962417107694120225, 804
Rectangle(365) : 0.098015510501935760794, 989, 191, 0.0000000000, 2.0790380666646330766, 760
Rectangle(366) : 0.099612111176015268455, 931, 180, 0.0000000000, 2.061413174110764969, 716
Rectangle(367) : 0.10128924670137591826, 874, 169, 0.0000000000, 2.0433184075342119366, 672
Rectangle(368) : 0.10305505723631208752, 818, 158, 0.0000000000, 2.024717489516145154, 628
Rectangle(369) : 0.10491901504745651925, 763, 148, 0.0000000000, 2.0055687942924108118, 588
Rectangle(370) : 0.10689223758257108126, 709, 138, 0.0000000000, 1.9858241670657391987, 548
Rectangle(371) : 0.10898789931327029029, 655, 128, 0.0000000000, 1.9654273888882947995, 508
Rectangle(372) : 0.11122519303676387013, 603, 118, 0.0000000000, 1.9442803943652741389, 468
Rectangle(373) : 0.11362035123637460668, 552, 108, 0.0000000000, 1.9223332752379618792, 428
Rectangle(374) : 0.11619704195238540719, 502, 98, 0.0000000000, 1.8994898057893620532, 388
Rectangle(375) : 0.11898487025077059056, 453, 89, 0.0000000000, 1.8756317732807059052, 352
Rectangle(376) : 0.12202158498207457711, 406, 80, 0.0000000000, 1.8506113197986192473, 316
Rectangle(377) : 0.12534821384857363929, 360, 71, 0.0000000000, 1.8243031126716477065, 280
Rectangle(378) : 0.12902683360599488292, 315, 63, 0.0000000000, 1.7964799638335184808, 248
Rectangle(379) : 0.13314264301499017968, 272, 55, 0.0000000000, 1.7668375444274507803, 216
Rectangle(380) : 0.1378001339871499252, 231, 47, 0.0000000000, 1.7350667736988267411, 184
Rectangle(381) : 0.14314674339710155611, 192, 40, 0.0000000000, 1.7007500219825100585, 156
Rectangle(382) : 0.149400649761593796, 155, 33, 0.0000000000, 1.6632970165966981857, 128
Rectangle(383) : 0.15690579180415313914, 121, 26, 0.0000000000, 1.621822520355981406, 100
Rectangle(384) : 0.16617705230296290282, 90, 20, 0.0000000000, 1.5752539647317471915, 76
Rectangle(385) : 0.17812431857776009384, 63, 15, 0.0000000000, 1.5218670851067978158, 56
Rectangle(386) : 0.19434443103977275758, 40, 11, 0.0000000000, 1.4594213156193707183, 40

Overall winding number: 0.000000 

cpu/wall(s): 1.84467e+10 104.437
