
Filling stored sums matrix with 62 X 62 terms guaranteeing 20 digits accuracy...

Processing the barrier for X= 10000000009995...10000000009996 (N = 892062), y0 = 0.2...1 , t = 0...0.16

Rectangle(1) : 0, 53481, 9496, 0.000000, 4.5146043233102162838, 37980
Rectangle(2) : 7.5065992096449510739e-05, 53299, 9463, 0.000000, 4.5098216008757135162, 37848
Rectangle(3) : 0.00015029857809010255331, 53118, 9431, 0.000000, 4.5050374029125062292, 37720
Rectangle(4) : 0.0002256974523495345016, 52938, 9399, 0.000000, 4.500251787831375123, 37592
Rectangle(5) : 0.00030126229778818679528, 52757, 9367, 0.000000, 4.4954648145246515223, 37464
Rectangle(6) : 0.00037699565666993995643, 52577, 9334, 0.000000, 4.4906763610183455966, 37332
Rectangle(7) : 0.00045289721744781517937, 52397, 9302, 0.000000, 4.4858864863975919959, 37204
Rectangle(8) : 0.00052896810865146409049, 52217, 9270, 0.000000, 4.4810951588837531664, 37076
Rectangle(9) : 0.00060520946987259424286, 52037, 9238, 0.000000, 4.4763023464541717063, 36948
Rectangle(10) : 0.00068162245191333778507, 51858, 9206, 0.000000, 4.4715080168388801073, 36820
Rectangle(11) : 0.00075820674010105964298, 51679, 9174, 0.000000, 4.4667122299087119686, 36692
Rectangle(12) : 0.00083496349293893792949, 51500, 9142, 0.000000, 4.461914953299141196, 36564
Rectangle(13) : 0.00091189388038163970029, 51321, 9110, 0.000000, 4.4571161543945987844, 36436
Rectangle(14) : 0.00098899908399019367984, 51142, 9079, 0.000000, 4.4523158003250617494, 36312
Rectangle(15) : 0.0010662802970895066076, 50964, 9047, 0.000000, 4.4475138579625862263, 36184
Rectangle(16) : 0.0011437372050630288238, 50786, 9015, 0.000000, 4.4427103880797705499, 36056
Rectangle(17) : 0.0012213710094201305949, 50608, 8983, 0.000000, 4.4379053574482060621, 35928
Rectangle(18) : 0.0012991829236915542051, 50430, 8952, 0.000000, 4.4330987325775800683, 35804
Rectangle(19) : 0.0013771741735939452435, 50253, 8920, 0.000000, 4.4282904797120794067, 35676
Rectangle(20) : 0.0014553444416319147061, 50076, 8889, 0.000000, 4.4234806604465372786, 35552
Rectangle(21) : 0.0015336949620498102505, 49899, 8857, 0.000000, 4.418669240920852575, 35424
Rectangle(22) : 0.0016122269815476128633, 49722, 8825, 0.000000, 4.4138561870052680031, 35296
Rectangle(23) : 0.0016909417594528714611, 49545, 8794, 0.000000, 4.4090414642966377991, 35172
Rectangle(24) : 0.0017698405678956333503, 49369, 8763, 0.000000, 4.4042250381146330557, 35048
Rectangle(25) : 0.0018489230900879935977, 49193, 8731, 0.000000, 4.3994069709959054944, 34920
Rectangle(26) : 0.0019281906072346588854, 49017, 8700, 0.000000, 4.39458722814916645, 34796
Rectangle(27) : 0.0020076444136314021877, 48841, 8669, 0.000000, 4.3897657745015033626, 34672
Rectangle(28) : 0.0020872858168479928259, 48666, 8637, 0.000000, 4.3849425746944391852, 34544
Rectangle(29) : 0.0021671144975428195876, 48490, 8606, 0.000000, 4.3801176921255493569, 34420
Rectangle(30) : 0.0022471334229320864335, 48315, 8575, 0.000000, 4.3752909918827446264, 34296
Rectangle(31) : 0.0023273422812966263202, 48141, 8544, 0.000000, 4.3704625375674419582, 34172
Rectangle(32) : 0.0024077407470029357438, 47966, 8513, 0.000000, 4.3656323933535157476, 34048
Rectangle(33) : 0.0024883318405557338872, 47792, 8482, 0.000000, 4.3608004227239595317, 33924
Rectangle(34) : 0.0025691152441112234991, 47618, 8451, 0.000000, 4.3559666900603319745, 33800
Rectangle(35) : 0.0026500923260982941861, 47444, 8420, 0.000000, 4.3511311588830011463, 33676
Rectangle(36) : 0.0027312644692330003902, 47270, 8389, 0.000000, 4.3462937924089101437, 33552
Rectangle(37) : 0.0028126330707225055762, 47097, 8358, 0.000000, 4.3414545535472484036, 33428
Rectangle(38) : 0.0028941978105901669645, 46923, 8327, 0.000000, 4.3366135075814619719, 33304
Rectangle(39) : 0.0029759618390534251102, 46750, 8296, 0.000000, 4.3317705141888038797, 33180
Rectangle(40) : 0.0030579248447045225194, 46578, 8265, 0.000000, 4.3269256388609413114, 33056
Rectangle(41) : 0.0031400865012561336086, 46405, 8234, 0.000000, 4.3220789476974758072, 32932
Rectangle(42) : 0.0032224500169914525571, 46233, 8204, 0.000000, 4.3172302986584146514, 32812
Rectangle(43) : 0.0033050150743889481696, 46061, 8173, 0.000000, 4.3123797580555540095, 32688
Rectangle(44) : 0.0033877831375672455146, 45889, 8142, 0.000000, 4.3075272875813470424, 32564
Rectangle(45) : 0.0034707556862735007619, 45717, 8112, 0.000000, 4.3026728486006532565, 32444
Rectangle(46) : 0.0035539342161114309248, 45546, 8081, 0.000000, 4.2978164021459707209, 32320
Rectangle(47) : 0.0036373184079646336368, 45374, 8051, 0.000000, 4.2929580154743417419, 32200
Rectangle(48) : 0.0037209116114616658963, 45203, 8020, 0.000000, 4.2880975424693759041, 32076
Rectangle(49) : 0.0038047135171420272861, 45033, 7990, 0.000000, 4.2832350506003173657, 31956
Rectangle(50) : 0.0038887237996148875745, 44862, 7960, 0.000000, 4.278370607982882673, 31836
Rectangle(51) : 0.0039729458719251475422, 44692, 7929, 0.000000, 4.2735040666596420373, 31712
Rectangle(52) : 0.0040573794185701766758, 44522, 7899, 0.000000, 4.2686354949626050166, 31592
Rectangle(53) : 0.0041420260089066980588, 44352, 7869, 0.000000, 4.2637648526005823497, 31472
Rectangle(54) : 0.0042268872294288973362, 44182, 7838, 0.000000, 4.2588920989279194735, 31348
Rectangle(55) : 0.0043119646840241605537, 44013, 7808, 0.000000, 4.2540171929392301831, 31228
Rectangle(56) : 0.0043972580562764321594, 43843, 7778, 0.000000, 4.2491402039576385312, 31108
Rectangle(57) : 0.0044827709136073091188, 43674, 7748, 0.000000, 4.2442609796507575112, 30988
Rectangle(58) : 0.0045685029505091444788, 43506, 7718, 0.000000, 4.2393795895573435096, 30868
Rectangle(59) : 0.0046544538443986618674, 43337, 7688, 0.000000, 4.2344961039045660878, 30748
Rectangle(60) : 0.0047406272321251903785, 43169, 7658, 0.000000, 4.2296103683821822121, 30628
Rectangle(61) : 0.0048270228022885525647, 43001, 7628, 0.000000, 4.22472245343718278, 30508
Rectangle(62) : 0.00491364224028853356, 42833, 7598, 0.000000, 4.2198323166204334813, 30388
Rectangle(63) : 0.0050004872503653536165, 42665, 7568, 0.000000, 4.2149399150983656371, 30268
Rectangle(64) : 0.0050875595558874060163, 42498, 7538, 0.000000, 4.2100452056471416802, 30148
Rectangle(65) : 0.0051748588453986098772, 42331, 7509, 0.000000, 4.2051482597533481567, 30032
Rectangle(66) : 0.0052623868570154709992, 42164, 7479, 0.000000, 4.2002490340157959865, 29912
Rectangle(67) : 0.005350145348477756266, 41997, 7449, 0.000000, 4.1953474846356143648, 29792
Rectangle(68) : 0.0054381360974511499456, 41830, 7419, 0.000000, 4.1904435674101591824, 29672
Rectangle(69) : 0.0055263609018358059146, 41664, 7390, 0.000000, 4.1855372377268074028, 29556
Rectangle(70) : 0.0056148194568887726821, 41498, 7360, 0.000000, 4.1806285682472048627, 29436
Rectangle(71) : 0.0057035135763221719993, 41332, 7331, 0.000000, 4.1757175141685222181, 29320
Rectangle(72) : 0.0057924450946171618913, 41167, 7301, 0.000000, 4.1708040302699631712, 29200
Rectangle(73) : 0.0058816137012746779399, 41001, 7272, 0.000000, 4.1658881901909103138, 29084
Rectangle(74) : 0.0059710234276274720257, 40836, 7242, 0.000000, 4.1609698286937109404, 28964
Rectangle(75) : 0.006060673976865735101, 40671, 7213, 0.000000, 4.1560490196401784274, 28848
Rectangle(76) : 0.0061505672428203508819, 40507, 7184, 0.000000, 4.1511257167531909464, 28732
Rectangle(77) : 0.0062407029160806069104, 40342, 7154, 0.000000, 4.1461999947867855242, 28612
Rectangle(78) : 0.0063310851478684901469, 40178, 7125, 0.000000, 4.141271685235447544, 28496
Rectangle(79) : 0.0064217136431951725986, 40014, 7096, 0.000000, 4.1363408630775323829, 28380
Rectangle(80) : 0.0065125903579219565337, 39850, 7067, 0.000000, 4.1314074809394437263, 28264
Rectangle(81) : 0.0066037172708689940175, 39686, 7038, 0.000000, 4.1264714909920142272, 28148
Rectangle(82) : 0.0066950963841833117675, 39523, 7009, 0.000000, 4.1215328449432749085, 28032
Rectangle(83) : 0.0067867274052329101003, 39360, 6979, 0.000000, 4.1165916189162443767, 27912
Rectangle(84) : 0.0068786123549004976099, 39197, 6950, 0.000000, 4.1116477643949178171, 27796
Rectangle(85) : 0.0069707532780424451522, 39035, 6922, 0.000000, 4.1067012323909315592, 27684
Rectangle(86) : 0.0070631498767971763309, 38872, 6893, 0.000000, 4.1017521000838412662, 27568
Rectangle(87) : 0.0071558065988614858922, 38710, 6864, 0.000000, 4.0968001910130175717, 27452
Rectangle(88) : 0.0072487231628246224866, 38548, 6835, 0.000000, 4.0918455825827311332, 27336
Rectangle(89) : 0.0073419016826591853987, 38386, 6806, 0.000000, 4.0868882245997568389, 27220
Rectangle(90) : 0.007435344297794905631, 38225, 6777, 0.000000, 4.0819280663729292023, 27104
Rectangle(91) : 0.0075290507220296454401, 38063, 6749, 0.000000, 4.0769651863942953067, 26992
Rectangle(92) : 0.0076230255843997764152, 37902, 6720, 0.000000, 4.0719994034159616482, 26876
Rectangle(93) : 0.0077172686165198746066, 37742, 6691, 0.000000, 4.0670307961526001606, 26760
Rectangle(94) : 0.0078117795273394549193, 37581, 6663, 0.000000, 4.062059444209158579, 26648
Rectangle(95) : 0.0079065630467830343498, 37421, 6634, 0.000000, 4.0570851636769597885, 26532
Rectangle(96) : 0.0080016189021497257741, 37260, 6606, 0.000000, 4.0521080343878442283, 26420
Rectangle(97) : 0.0080969519143447833218, 37101, 6577, 0.000000, 4.0471278700852695759, 26304
Rectangle(98) : 0.0081925592529632914368, 36941, 6549, 0.000000, 4.042144884977990296, 26192
Rectangle(99) : 0.0082884457986707165281, 36781, 6520, 0.000000, 4.0371588912306720661, 26076
Rectangle(100) : 0.0083846138988102089852, 36622, 6492, 0.000000, 4.0321698344514640812, 25964
Rectangle(101) : 0.0084810632962885407006, 36463, 6464, 0.000000, 4.0271777958421682656, 25852
Rectangle(102) : 0.0085777963625705846429, 36304, 6435, 0.000000, 4.0221827207240369712, 25736
Rectangle(103) : 0.008674815498773869046, 36146, 6407, 0.000000, 4.0171845538509194798, 25624
Rectangle(104) : 0.0087721204441025615564, 35988, 6379, 0.000000, 4.012183377601998723, 25512
Rectangle(105) : 0.0088697136245405408473, 35830, 6351, 0.000000, 4.0071791364372824651, 25400
Rectangle(106) : 0.0089675974966152626577, 35672, 6323, 0.000000, 4.002171774236487472, 25288
Rectangle(107) : 0.0090657745479226322325, 35514, 6295, 0.000000, 3.9971612342892068485, 25176
Rectangle(108) : 0.009164247297663275552, 35357, 6267, 0.000000, 3.9921474592848719084, 25064
Rectangle(109) : 0.0092630155036560032129, 35200, 6239, 0.000000, 3.9871305330318559812, 24952
Rectangle(110) : 0.0093620817119807718487, 35043, 6211, 0.000000, 3.9821103979018297473, 24840
Rectangle(111) : 0.0094614485012939536467, 34886, 6183, 0.000000, 3.9770869956522844524, 24728
Rectangle(112) : 0.0095611184833971550586, 34730, 6155, 0.000000, 3.9720602674159696524, 24616
Rectangle(113) : 0.0096610914251597801565, 34573, 6127, 0.000000, 3.9670302983517026251, 24504
Rectangle(114) : 0.0097613728672779562658, 34417, 6100, 0.000000, 3.9619968838481680734, 24396
Rectangle(115) : 0.0098619626015327770832, 34262, 6072, 0.000000, 3.9569601092773976592, 24284
Rectangle(116) : 0.0099628603923586891041, 34106, 6044, 0.000000, 3.9519200610719274878, 24172
Rectangle(117) : 0.010064071911184465433, 33951, 6016, 0.000000, 3.9468765313462081559, 24060
Rectangle(118) : 0.010165596948189154784, 33796, 5989, 0.000000, 3.9418296067496523757, 23952
Rectangle(119) : 0.010267438278723823159, 33641, 5961, 0.000000, 3.9367792257649172553, 23840
Rectangle(120) : 0.010369598714672960142, 33486, 5934, 0.000000, 3.9317253261963740533, 23732
Rectangle(121) : 0.010472081105110646759, 33332, 5906, 0.000000, 3.9266678451581301797, 23620
Rectangle(122) : 0.01057488525263129149, 33178, 5879, 0.000000, 3.9216068707159452196, 23512
Rectangle(123) : 0.010678014038896766962, 33024, 5852, 0.000000, 3.916542339600833578, 23404
Rectangle(124) : 0.010781470383967044142, 32870, 5824, 0.000000, 3.9114741878363348993, 23292
Rectangle(125) : 0.010885257246998268203, 32717, 5797, 0.000000, 3.906402350725875466, 23184
Rectangle(126) : 0.010989374444501886367, 32564, 5770, 0.000000, 3.9013269177842921947, 23076
Rectangle(127) : 0.011093824970167784052, 32411, 5742, 0.000000, 3.8962478239102559401, 22964
Rectangle(128) : 0.011198611858073441265, 32258, 5715, 0.000000, 3.8911650032640253694, 22856
Rectangle(129) : 0.011303738183427276759, 32106, 5688, 0.000000, 3.8860783892540999457, 22748
Rectangle(130) : 0.011409203778308423583, 31953, 5661, 0.000000, 3.8809880728778044394, 22640
Rectangle(131) : 0.011515015065914526436, 31801, 5634, 0.000000, 3.8758938278908175198, 22532
Rectangle(132) : 0.011621171910915967193, 31649, 5607, 0.000000, 3.8707957454856132499, 22424
Rectangle(133) : 0.011727677511266234603, 31498, 5580, 0.000000, 3.8656937570796576149, 22316
Rectangle(134) : 0.011834531716519890632, 31347, 5553, 0.000000, 3.8605879551904710792, 22208
Rectangle(135) : 0.011941737763516109443, 31196, 5526, 0.000000, 3.8554782707824690273, 22100
Rectangle(136) : 0.012049298933883543378, 31045, 5499, 0.000000, 3.850364634013879494, 21992
Rectangle(137) : 0.012157218554885762077, 30894, 5473, 0.000000, 3.845246974221815823, 21888
Rectangle(138) : 0.0122655000002868696, 30744, 5446, 0.000000, 3.8401252199070062554, 21780
Rectangle(139) : 0.012374143157322616616, 30594, 5419, 0.000000, 3.8349994652342321769, 21672
Rectangle(140) : 0.012483151442124676895, 30444, 5392, 0.000000, 3.8298696382104575785, 21564
Rectangle(141) : 0.01259252831895460915, 30294, 5366, 0.000000, 3.8247356659834886147, 21460
Rectangle(142) : 0.012702277301128752169, 30145, 5339, 0.000000, 3.8195974748257957819, 21352
Rectangle(143) : 0.01281239829880086349, 29995, 5313, 0.000000, 3.8144551604891918398, 21248
Rectangle(144) : 0.012922898554193068586, 29847, 5286, 0.000000, 3.8093084773657274181, 21140
Rectangle(145) : 0.013033774303091307183, 29698, 5260, 0.000000, 3.8041576937291351904, 21036
Rectangle(146) : 0.013145032896051410058, 29549, 5233, 0.000000, 3.7990025614426867139, 20928
Rectangle(147) : 0.013256678046866756998, 29401, 5207, 0.000000, 3.793843003504305283, 20824
Rectangle(148) : 0.013368709712575552797, 29253, 5181, 0.000000, 3.7886791173718740516, 20720
Rectangle(149) : 0.013481131656217978328, 29105, 5154, 0.000000, 3.7835108254709721735, 20612
Rectangle(150) : 0.013593947695574479691, 28958, 5128, 0.000000, 3.7783380492660253187, 20508
Rectangle(151) : 0.013707157794658188003, 28811, 5102, 0.000000, 3.7731608877934051652, 20404
Rectangle(152) : 0.013820765822418189571, 28664, 5076, 0.000000, 3.7679792619265625168, 20300
Rectangle(153) : 0.013934775704567455637, 28517, 5050, 0.000000, 3.7627930915499627124, 20196
Rectangle(154) : 0.014049191424718592247, 28370, 5024, 0.000000, 3.7576022955397292389, 20092
Rectangle(155) : 0.014164017025548332439, 28224, 4998, 0.000000, 3.7524067917438154603, 19988
Rectangle(156) : 0.014279252526956489166, 28078, 4972, 0.000000, 3.7472066809656590679, 19884
Rectangle(157) : 0.014394902027667567557, 27932, 4946, 0.000000, 3.7420018804057882927, 19780
Rectangle(158) : 0.014510969687713600361, 27786, 4920, 0.000000, 3.7367923062058254061, 19676
Rectangle(159) : 0.014627459729684586664, 27641, 4894, 0.000000, 3.7315778734273821269, 19572
Rectangle(160) : 0.014744372210181941395, 27496, 4868, 0.000000, 3.7263586846018922583, 19468
Rectangle(161) : 0.014861711411687683767, 27351, 4842, 0.000000, 3.7211346541012498796, 19364
Rectangle(162) : 0.014979481681663233103, 27206, 4817, 0.000000, 3.7159056951843480231, 19264
Rectangle(163) : 0.015097687433893783277, 27062, 4791, 0.000000, 3.7106717199745898804, 19160
Rectangle(164) : 0.015216328765649551138, 26918, 4765, 0.000000, 3.7054328327668273958, 19056
Rectangle(165) : 0.015335410154785698972, 26774, 4740, 0.000000, 3.700188944948903718, 18956
Rectangle(166) : 0.015454936148098200045, 26630, 4714, 0.000000, 3.6949399667377174003, 18852
Rectangle(167) : 0.015574911362771039602, 26487, 4689, 0.000000, 3.6896858071552301876, 18752
Rectangle(168) : 0.015695335941136095297, 26344, 4663, 0.000000, 3.6844265722948850595, 18648
Rectangle(169) : 0.015816214568994237001, 26201, 4638, 0.000000, 3.6791621703933266864, 18548
Rectangle(170) : 0.015937552005366639836, 26058, 4612, 0.000000, 3.673892508454110604, 18444
Rectangle(171) : 0.016059353084054724517, 25916, 4587, 0.000000, 3.6686174922220755882, 18344
Rectangle(172) : 0.016181617997321512431, 25773, 4562, 0.000000, 3.6633372296239636928, 18244
Rectangle(173) : 0.016304356414642893865, 25631, 4537, 0.000000, 3.6580514207711976478, 18144
Rectangle(174) : 0.016427568596015887414, 25490, 4511, 0.000000, 3.6527601736389536035, 18040
Rectangle(175) : 0.016551254754259863624, 25348, 4486, 0.000000, 3.6474635979980440932, 17940
Rectangle(176) : 0.016675424850440944739, 25207, 4461, 0.000000, 3.642161387700662382, 17840
Rectangle(177) : 0.016800079168197943286, 25066, 4436, 0.000000, 3.6368536525594325097, 17740
Rectangle(178) : 0.016925222934756605718, 24925, 4411, 0.000000, 3.6315402925710071408, 17640
Rectangle(179) : 0.017050861462041300086, 24785, 4386, 0.000000, 3.6262212063308673079, 17540
Rectangle(180) : 0.0171769950592303607, 24645, 4361, 0.000000, 3.620896505538023462, 17440
Rectangle(181) : 0.017303629123159677943, 24505, 4336, 0.000000, 3.6155660878252959639, 17340
Rectangle(182) : 0.017430769138986051988, 24365, 4311, 0.000000, 3.6102298493763895667, 17240
Rectangle(183) : 0.017558420682157666581, 24225, 4287, 0.000000, 3.6048876848944073276, 17144
Rectangle(184) : 0.017686589420440201455, 24086, 4262, 0.000000, 3.5995394875695076275, 17044
Rectangle(185) : 0.01781527577299228597, 23947, 4237, 0.000000, 3.5941853710211812617, 16944
Rectangle(186) : 0.017944485501602182044, 23808, 4212, 0.000000, 3.5888252273738864512, 16844
Rectangle(187) : 0.018074224464445507247, 23670, 4188, 0.000000, 3.5834589471855197977, 16748
Rectangle(188) : 0.018204493114516716364, 23531, 4163, 0.000000, 3.5780866460534345, 16648
Rectangle(189) : 0.018335302967308923856, 23393, 4139, 0.000000, 3.5727079851968827613, 16552
Rectangle(190) : 0.018466654567582376717, 23256, 4114, 0.000000, 3.5673230801365194246, 16452
Rectangle(191) : 0.018598548404877548691, 23118, 4090, 0.000000, 3.5619320485004137322, 16356
Rectangle(192) : 0.01873099636960202372, 22981, 4065, 0.000000, 3.55653454382690169, 16256
Rectangle(193) : 0.018863999047632871015, 22844, 4041, 0.000000, 3.5511306836521376251, 16160
Rectangle(194) : 0.018997562814208432985, 22707, 4017, 0.000000, 3.5457203512133310008, 16064
Rectangle(195) : 0.019131694154817642964, 22571, 3992, 0.000000, 3.5403034279879440703, 15964
Rectangle(196) : 0.019266393699719860148, 22434, 3968, 0.000000, 3.5348800335807109482, 15868
Rectangle(197) : 0.01940167407921440909, 22298, 3944, 0.000000, 3.5294498065091314651, 15772
Rectangle(198) : 0.019537536031250875655, 22163, 3920, 0.000000, 3.5240128662104102083, 15676
Rectangle(199) : 0.019673980234030752486, 22027, 3896, 0.000000, 3.5185693344124937532, 15580
Rectangle(200) : 0.019811019746193665899, 21892, 3872, 0.000000, 3.513118841067399416, 15484
Rectangle(201) : 0.019948655359251741882, 21757, 3848, 0.000000, 3.5076615077138201691, 15388
Rectangle(202) : 0.02008689415631539129, 21622, 3824, 0.000000, 3.5021972075030696243, 15292
Rectangle(203) : 0.020225743347301566002, 21487, 3800, 0.000000, 3.4967258115995770563, 15196
Rectangle(204) : 0.02036521027202812518, 21353, 3776, 0.000000, 3.4912471891338175781, 15100
Rectangle(205) : 0.020505295842633371168, 21219, 3752, 0.000000, 3.4857614636698312289, 15004
Rectangle(206) : 0.020646007537985170556, 21085, 3729, 0.000000, 3.4802685027883306712, 14912
Rectangle(207) : 0.02078735297326087986, 20952, 3705, 0.000000, 3.474768171954266796, 14816
Rectangle(208) : 0.020929333126561484423, 20819, 3681, 0.000000, 3.4692605969282858205, 14720
Rectangle(209) : 0.021071955759585562708, 20686, 3658, 0.000000, 3.4637456415525337446, 14628
Rectangle(210) : 0.021215228777160373389, 20553, 3634, 0.000000, 3.4582231674670118413, 14532
Rectangle(211) : 0.021359160230839496234, 20421, 3610, 0.000000, 3.4526930340558768925, 14436
Rectangle(212) : 0.021503751241762363718, 20288, 3587, 0.000000, 3.4471553691444678422, 14344
Rectangle(213) : 0.021649017180698900974, 20156, 3564, 0.000000, 3.4416097574680118764, 14252
Rectangle(214) : 0.021794959319886637225, 20025, 3540, 0.000000, 3.4360563264158655547, 14156
Rectangle(215) : 0.02194157886178006372, 19893, 3517, 0.000000, 3.430495206103323177, 14064
Rectangle(216) : 0.022088891746015891557, 19762, 3494, 0.000000, 3.4249259704489356527, 13972
Rectangle(217) : 0.022236899334845409605, 19631, 3470, 0.000000, 3.4193487490899787204, 13876
Rectangle(218) : 0.022385610493171015978, 19500, 3447, 0.000000, 3.4137633904468821011, 13784
Rectangle(219) : 0.022535034256783676599, 19370, 3424, 0.000000, 3.4081697403632748048, 13692
Rectangle(220) : 0.022685172085403360378, 19240, 3401, 0.000000, 3.4025679307763917645, 13600
Rectangle(221) : 0.022836033204466582403, 19110, 3378, 0.000000, 3.3969578054520116843, 13508
Rectangle(222) : 0.022987627019508550571, 18980, 3355, 0.000000, 3.391339205464780794, 13416
Rectangle(223) : 0.023139963120955588548, 18851, 3332, 0.000000, 3.3857119691288519152, 13324
Rectangle(224) : 0.023293043168121725724, 18722, 3309, 0.000000, 3.380076230401229803, 13232
Rectangle(225) : 0.02344687695887064303, 18593, 3286, 0.000000, 3.3744318253317765287, 13140
Rectangle(226) : 0.023601474486183705824, 18465, 3263, 0.000000, 3.3687785870837930793, 13048
Rectangle(227) : 0.023756837529080201523, 18336, 3240, 0.000000, 3.3631166519830979358, 12956
Rectangle(228) : 0.023912984815946644473, 18208, 3218, 0.000000, 3.3574455420645973896, 12868
Rectangle(229) : 0.024069918336490614014, 18080, 3195, 0.000000, 3.3517653928357518432, 12776
Rectangle(230) : 0.024227648723262502943, 17953, 3172, 0.000000, 3.3460760289233986751, 12684
Rectangle(231) : 0.024386177995747513731, 17826, 3150, 0.000000, 3.3403775886463835404, 12596
Rectangle(232) : 0.024545517027983931522, 17699, 3127, 0.000000, 3.3346698940224929081, 12504
Rectangle(233) : 0.024705676918035487706, 17572, 3105, 0.000000, 3.3289527638192890231, 12416
Rectangle(234) : 0.024866668994282886353, 17445, 3082, 0.000000, 3.3232260134658087987, 12324
Rectangle(235) : 0.02502850482193928124, 17319, 3060, 0.000000, 3.3174894549612315761, 12236
Rectangle(236) : 0.025191186815989817158, 17193, 3037, 0.000000, 3.3117432280003836666, 12144
Rectangle(237) : 0.025354726816455145121, 17068, 3015, 0.000000, 3.3059871416177264934, 12056
Rectangle(238) : 0.025519127281747957782, 16942, 2993, 0.000000, 3.3002213384774842007, 11968
Rectangle(239) : 0.025684410090063238398, 16817, 2971, 0.000000, 3.2944452842884311945, 11880
Rectangle(240) : 0.025850577972818095459, 16692, 2948, 0.000000, 3.2886591204794580916, 11788
Rectangle(241) : 0.026017643580323454799, 16568, 2926, 0.000000, 3.2828626455598985593, 11700
Rectangle(242) : 0.026185609698476514828, 16443, 2904, 0.000000, 3.277056004005705234, 11612
Rectangle(243) : 0.026354499560667459621, 16319, 2882, 0.000000, 3.2712386378753046446, 11524
Rectangle(244) : 0.026524316255187669477, 16195, 2860, 0.000000, 3.2654106901985102977, 11436
Rectangle(245) : 0.026695073321578438869, 16072, 2838, 0.000000, 3.2595719480416560787, 11348
Rectangle(246) : 0.026866773915657685763, 15949, 2816, 0.000000, 3.2537225575554102935, 11260
Rectangle(247) : 0.027039431922902993324, 15826, 2795, 0.000000, 3.2478623021379289946, 11176
Rectangle(248) : 0.027213061538860147942, 15703, 2773, 0.000000, 3.2419909608711446081, 11088
Rectangle(249) : 0.027387677278583203703, 15580, 2751, 0.000000, 3.2361083083938701624, 11000
Rectangle(250) : 0.027563293986439036191, 15458, 2729, 0.000000, 3.2302141147701781743, 10912
Rectangle(251) : 0.027739915419662621271, 15336, 2708, 0.000000, 3.2243085266964477782, 10828
Rectangle(252) : 0.027917556820725248278, 15215, 2686, 0.000000, 3.2183913100237881214, 10740
Rectangle(253) : 0.028096222039918398993, 15093, 2665, 0.000000, 3.212462614715088975, 10656
Rectangle(254) : 0.028275938637991352612, 14972, 2643, 0.000000, 3.2065218094698576907, 10568
Rectangle(255) : 0.028456710866783087697, 14852, 2622, 0.000000, 3.2005690421025110427, 10484
Rectangle(256) : 0.028638542878774907724, 14731, 2600, 0.000000, 3.1946044648830644783, 10396
Rectangle(257) : 0.028821463553873887052, 14611, 2579, 0.000000, 3.1886274248024207784, 10312
Rectangle(258) : 0.029005477476589814831, 14491, 2558, 0.000000, 3.1826380717843036296, 10228
Rectangle(259) : 0.029190601903598599844, 14371, 2537, 0.000000, 3.1766361470452886961, 10144
Rectangle(260) : 0.029376854505856291633, 14252, 2515, 0.000000, 3.1706213862243619825, 10056
Rectangle(261) : 0.029564240233208548298, 14133, 2494, 0.000000, 3.1645939413171870416, 9972
Rectangle(262) : 0.029752777270024311903, 14014, 2473, 0.000000, 3.1585535426270937211, 9888
Rectangle(263) : 0.029942484244665891304, 13895, 2452, 0.000000, 3.1524999145411576564, 9804
Rectangle(264) : 0.030133380244273027515, 13777, 2431, 0.000000, 3.1464327753402973742, 9720
Rectangle(265) : 0.03032547088630977698, 13659, 2410, 0.000000, 3.1403522774920727428, 9636
Rectangle(266) : 0.030518775833779728861, 13542, 2389, 0.000000, 3.1342581333211156665, 9552
Rectangle(267) : 0.030713300876854689404, 13424, 2369, 0.000000, 3.128150498786956672, 9472
Rectangle(268) : 0.030909080860375767821, 13307, 2348, 0.000000, 3.1220286250101763814, 9388
Rectangle(269) : 0.031106122163825844952, 13190, 2327, 0.000000, 3.1158926644516346473, 9304
Rectangle(270) : 0.031304446095929835448, 13074, 2307, 0.000000, 3.1097423096394427082, 9224
Rectangle(271) : 0.031504059244900268575, 12957, 2286, 0.000000, 3.1035777165282083409, 9140
Rectangle(272) : 0.031704999101080573302, 12841, 2265, 0.000000, 3.0973980948700795758, 9056
Rectangle(273) : 0.031907272918919532851, 12726, 2245, 0.000000, 3.0912035965319489003, 8976
Rectangle(274) : 0.032110887848711450885, 12610, 2224, 0.000000, 3.0849943790219342679, 8892
Rectangle(275) : 0.032315883437848796981, 12495, 2204, 0.000000, 3.0787696205873114963, 8812
Rectangle(276) : 0.032522267561145100422, 12380, 2184, 0.000000, 3.0725294742425552972, 8732
Rectangle(277) : 0.032730064772311704243, 12266, 2163, 0.000000, 3.0662735946917296212, 8648
Rectangle(278) : 0.032939283229403806772, 12152, 2143, 0.000000, 3.0600021384315879535, 8568
Rectangle(279) : 0.033149948316503180369, 12038, 2123, 0.000000, 3.0537147518006145689, 8488
Rectangle(280) : 0.033362086109475485949, 11924, 2103, 0.000000, 3.0474110724221406857, 8408
Rectangle(281) : 0.033575723401694719485, 11811, 2083, 0.000000, 3.0410907288924640367, 8328
Rectangle(282) : 0.033790869513699838784, 11698, 2063, 0.000000, 3.0347538758308879699, 8248
Rectangle(283) : 0.034007552183885416487, 11585, 2043, 0.000000, 3.0284001323643158649, 8168
Rectangle(284) : 0.034225799929449880523, 11472, 2023, 0.000000, 3.0220291079305547813, 8088
Rectangle(285) : 0.034445642076236016749, 11360, 2003, 0.000000, 3.0156404019212183271, 8008
Rectangle(286) : 0.034667089294714997236, 11248, 1983, 0.000000, 3.0092341660054224635, 7928
Rectangle(287) : 0.034890171990839234652, 11137, 1963, 0.000000, 3.0028099888119149109, 7848
Rectangle(288) : 0.035114901270610440086, 11025, 1944, 0.000000, 2.9963680253053893204, 7772
Rectangle(289) : 0.035341329209413650001, 10915, 1924, 0.000000, 2.9899072683219015209, 7692
Rectangle(290) : 0.035569447145127979046, 10804, 1904, 0.000000, 2.983428457506339954, 7612
Rectangle(291) : 0.035799309090472882781, 10694, 1885, 0.000000, 2.9769305585627531083, 7536
Rectangle(292) : 0.036030927807376076451, 10583, 1865, 0.000000, 2.970413721935607948, 7456
Rectangle(293) : 0.036264360078181671079, 10474, 1846, 0.000000, 2.9638768732246372581, 7380
Rectangle(294) : 0.03649959751118001338, 10364, 1826, 0.000000, 2.9573207784512342047, 7300
Rectangle(295) : 0.036736699091501436981, 10255, 1807, 0.000000, 2.9507443329258266663, 7224
Rectangle(296) : 0.036975679523771142166, 10146, 1788, 0.000000, 2.9441476808269492112, 7148
Rectangle(297) : 0.037216577185985507355, 10038, 1769, 0.000000, 2.9375303234965058967, 7072
Rectangle(298) : 0.037459407463281433426, 9930, 1749, 0.000000, 2.9308924077848421705, 6992
Rectangle(299) : 0.037704210324085546434, 9822, 1730, 0.000000, 2.9242334196644894586, 6916
Rectangle(300) : 0.037951027002935524998, 9714, 1711, 0.000000, 2.9175528302729732012, 6840
Rectangle(301) : 0.038199900055259281762, 9607, 1692, 0.000000, 2.9108500952963262724, 6764
Rectangle(302) : 0.03845084729115980495, 9500, 1673, 0.000000, 2.9041253526143640448, 6688
Rectangle(303) : 0.038703913117750790639, 9393, 1654, 0.000000, 2.8973780401334155644, 6612
Rectangle(304) : 0.038959143399889981054, 9287, 1636, 0.000000, 2.8906075789155724584, 6540
Rectangle(305) : 0.039216557804855585927, 9181, 1617, 0.000000, 2.8838141021559122, 6464
Rectangle(306) : 0.039476204259724980568, 9075, 1598, 0.000000, 2.8769970112750783847, 6388
Rectangle(307) : 0.039738132305044548434, 8970, 1580, 0.000000, 2.8701556892812124868, 6316
Rectangle(308) : 0.040002363708531863093, 8865, 1561, 0.000000, 2.8632902634086649278, 6240
Rectangle(309) : 0.040268950314669332346, 8760, 1542, 0.000000, 2.8564000949019524237, 6164
Rectangle(310) : 0.040537945759292842896, 8656, 1524, 0.000000, 2.8494845248206471768, 6092
Rectangle(311) : 0.040809374193306318772, 8552, 1506, 0.000000, 2.8425436729188814681, 6020
Rectangle(312) : 0.041083291835134999954, 8448, 1487, 0.000000, 2.8355768560639978491, 5944
Rectangle(313) : 0.041359756898589545153, 8345, 1469, 0.000000, 2.8285833689273206688, 5872
Rectangle(314) : 0.041638796247771968241, 8241, 1451, 0.000000, 2.8215633219690890583, 5800
Rectangle(315) : 0.041920505181392777495, 8139, 1432, 0.000000, 2.8145151300884863252, 5724
Rectangle(316) : 0.042204878584770156328, 8036, 1414, 0.000000, 2.8074397494136527739, 5652
Rectangle(317) : 0.042492016433129247017, 7934, 1396, 0.000000, 2.8003355373403689999, 5580
Rectangle(318) : 0.042781950329945527456, 7832, 1378, 0.000000, 2.7932025811086093152, 5508
Rectangle(319) : 0.043074749433764297797, 7731, 1360, 0.000000, 2.7860400662976206316, 5436
Rectangle(320) : 0.043370447282205330087, 7630, 1342, 0.000000, 2.7788480777463609933, 5364
Rectangle(321) : 0.04366911675504233677, 7529, 1325, 0.000000, 2.7716257670726596884, 5296
Rectangle(322) : 0.043970833552369028188, 7429, 1307, 0.000000, 2.7643722557536249883, 5224
Rectangle(323) : 0.044275635309772935173, 7329, 1289, 0.000000, 2.7570876113996011886, 5152
Rectangle(324) : 0.044583601964350585765, 7229, 1272, 0.000000, 2.7497709171676003429, 5084
Rectangle(325) : 0.044894816643720844493, 7130, 1254, 0.000000, 2.7424212225865413681, 5012
Rectangle(326) : 0.045209321724027512286, 7031, 1237, 0.000000, 2.7350385742373200315, 4944
Rectangle(327) : 0.045527205179330786363, 6932, 1219, 0.000000, 2.7276219782204499837, 4872
Rectangle(328) : 0.045848558609541468703, 6834, 1202, 0.000000, 2.7201704029559111624, 4804
Rectangle(329) : 0.046173429900579793427, 6736, 1184, 0.000000, 2.7126838693780839273, 4732
Rectangle(330) : 0.046501916223230934152, 6638, 1167, 0.000000, 2.7051612964569862502, 4664
Rectangle(331) : 0.04683411888916298993, 6541, 1150, 0.000000, 2.6976015607455002794, 4596
Rectangle(332) : 0.047170092220571872406, 6444, 1133, 0.000000, 2.6900046518957321693, 4528
Rectangle(333) : 0.047509943966676113898, 6348, 1116, 0.000000, 2.6823693898683542731, 4460
Rectangle(334) : 0.04785373246539513631, 6252, 1099, 0.000000, 2.6746957517086648984, 4392
Rectangle(335) : 0.048201572476864852385, 6156, 1082, 0.000000, 2.6669824963947574524, 4324
Rectangle(336) : 0.048553583928520920847, 6060, 1065, 0.000000, 2.6592283313980559173, 4256
Rectangle(337) : 0.048909892234032151196, 5965, 1048, 0.000000, 2.651431909639610885, 4188
Rectangle(338) : 0.049270568161884558721, 5871, 1032, 0.000000, 2.6435931361002577146, 4124
Rectangle(339) : 0.049635683667948305564, 5776, 1015, 0.000000, 2.6357119263995964331, 4056
Rectangle(340) : 0.050005439887892834032, 5682, 998, 0.000000, 2.6277854732651756222, 3988
Rectangle(341) : 0.05037991814788318525, 5589, 982, 0.000000, 2.6198136247129336456, 3924
Rectangle(342) : 0.050759201315661487924, 5496, 965, 0.000000, 2.6117962386857797173, 3856
Rectangle(343) : 0.051143443717169089765, 5403, 949, 0.000000, 2.6037317218859149556, 3792
Rectangle(344) : 0.051532807352535722183, 5310, 933, 0.000000, 2.5956184078281382334, 3728
Rectangle(345) : 0.051927462419923318838, 5218, 916, 0.000000, 2.5874545520600237478, 3660
Rectangle(346) : 0.052327511203376753822, 5127, 900, 0.000000, 2.5792398957457671329, 3596
Rectangle(347) : 0.052733058286611738634, 5036, 884, 0.000000, 2.5709741883182596675, 3532
Rectangle(348) : 0.053144292239812346193, 4945, 868, 0.000000, 2.5626555429184011918, 3468
Rectangle(349) : 0.053561411662040536525, 4854, 852, 0.000000, 2.5542819798798384652, 3404
Rectangle(350) : 0.053984625914178945768, 4764, 836, 0.000000, 2.545851420242297689, 3340
Rectangle(351) : 0.054414065758898151832, 4675, 820, 0.000000, 2.5373634537455939852, 3276
Rectangle(352) : 0.054849865428148546267, 4586, 805, 0.000000, 2.528817674959836893, 3216
Rectangle(353) : 0.055292259164511354138, 4497, 789, 0.000000, 2.5202118153567689163, 3152
Rectangle(354) : 0.055741494613779036796, 4408, 773, 0.000000, 2.5115434862140108608, 3088
Rectangle(355) : 0.056197833880161525649, 4320, 758, 0.000000, 2.502810169569399576, 3028
Rectangle(356) : 0.056661447345339627402, 4233, 742, 0.000000, 2.4940112370291718141, 2964
Rectangle(357) : 0.057132510713406996128, 4146, 727, 0.000000, 2.4851460584318757276, 2904
Rectangle(358) : 0.057611320664789503539, 4059, 712, 0.000000, 2.4762118572075444875, 2844
Rectangle(359) : 0.058098192272872170326, 3973, 697, 0.000000, 2.4672056971947334976, 2784
Rectangle(360) : 0.058593335916767144778, 3887, 682, 0.000000, 2.4581267452434873206, 2724
Rectangle(361) : 0.05909709890756814486, 3802, 666, 0.000000, 2.4489718151313257046, 2660
Rectangle(362) : 0.059609716428644243152, 3717, 652, 0.000000, 2.4397399448053423694, 2604
Rectangle(363) : 0.060131572749549635234, 3632, 637, 0.000000, 2.4304276650249566145, 2544
Rectangle(364) : 0.060663078163928753245, 3548, 622, 0.000000, 2.4210312884494780839, 2484
Rectangle(365) : 0.061204518775103916177, 3465, 607, 0.000000, 2.4115495505938476587, 2424
Rectangle(366) : 0.061756192527079052586, 3382, 593, 0.000000, 2.4019811587383364697, 2368
Rectangle(367) : 0.062318576074902333624, 3299, 578, 0.000000, 2.3923219498996086275, 2308
Rectangle(368) : 0.062892180788421463247, 3217, 563, 0.000000, 2.382567479495096477, 2248
Rectangle(369) : 0.063477374285311452827, 3135, 549, 0.000000, 2.3727160419409661256, 2192
Rectangle(370) : 0.064074731874447327189, 3054, 535, 0.000000, 2.3627627228585509564, 2136
Rectangle(371) : 0.064684673826922294758, 2973, 521, 0.000000, 2.3527055293599638734, 2080
Rectangle(372) : 0.065307850930642430605, 2893, 507, 0.000000, 2.3425390002911557188, 2024
Rectangle(373) : 0.065944746540836400781, 2813, 493, 0.000000, 2.332260797105110559, 1968
Rectangle(374) : 0.066596101250081018826, 2734, 479, 0.000000, 2.321864817500509369, 1912
Rectangle(375) : 0.067262474628830290724, 2655, 465, 0.000000, 2.3113483039504090819, 1856
Rectangle(376) : 0.067944715044630821451, 2577, 451, 0.000000, 2.3007043961422608038, 1800
Rectangle(377) : 0.068643474996568058861, 2500, 437, 0.000000, 2.2899298244873620006, 1744
Rectangle(378) : 0.069359446926363003661, 2423, 424, 0.000000, 2.2790211632199221438, 1692
Rectangle(379) : 0.070093669445232141979, 2346, 410, 0.000000, 2.2679702879218234016, 1636
Rectangle(380) : 0.070847279968642978893, 2270, 397, 0.000000, 2.2567683550618904912, 1584
Rectangle(381) : 0.071621186732987424044, 2195, 384, 0.000000, 2.2454106844813184323, 1532
Rectangle(382) : 0.072416362443457272988, 2120, 371, 0.000000, 2.2338923222704337403, 1480
Rectangle(383) : 0.073234236180377288903, 2046, 358, 0.000000, 2.2222025420018519609, 1428
Rectangle(384) : 0.074075977403252094358, 1972, 345, 0.000000, 2.2103353181290119323, 1376
Rectangle(385) : 0.074943287402303317447, 1899, 332, 0.000000, 2.1982781558854899613, 1324
Rectangle(386) : 0.075837588695555286884, 1827, 319, 0.000000, 2.1860236541595021925, 1272
Rectangle(387) : 0.076760425944684735266, 1755, 307, 0.000000, 2.1735638657412664236, 1224
Rectangle(388) : 0.077714023588981753171, 1684, 294, 0.000000, 2.1608830707416543259, 1172
Rectangle(389) : 0.078700296196310526523, 1613, 282, 0.000000, 2.1479713432375859762, 1124
Rectangle(390) : 0.079721977128261912746, 1543, 270, 0.000000, 2.1348098267577804979, 1076
Rectangle(391) : 0.080781477988117894922, 1474, 257, 0.000000, 2.1213859498020207887, 1024
Rectangle(392) : 0.081881468456097556244, 1406, 245, 0.000000, 2.1076859506768927372, 976
Rectangle(393) : 0.0830249150782006094, 1338, 234, 0.000000, 2.0936947098686797087, 932
Rectangle(394) : 0.084216017252990355071, 1271, 222, 0.000000, 2.0793849631214496658, 884
Rectangle(395) : 0.085458649009970252527, 1205, 210, 0.000000, 2.0647369214468736434, 836
Rectangle(396) : 0.086757185874241516961, 1140, 199, 0.000000, 2.0497284967957337154, 792
Rectangle(397) : 0.088116596836343037764, 1075, 188, 0.000000, 2.0343349059531884679, 748
Rectangle(398) : 0.089543885120950654944, 1011, 176, 0.000000, 2.0185136381091765779, 700
Rectangle(399) : 0.091045876850039850372, 949, 165, 0.000000, 2.0022307223737380468, 656
Rectangle(400) : 0.092628838622825664963, 887, 155, 0.000000, 1.9854646523586664594, 616
Rectangle(401) : 0.094303545108010181828, 826, 144, 0.000000, 1.9681540445185325666, 572
Rectangle(402) : 0.096080971312027775734, 766, 134, 0.000000, 1.9502464685582943453, 532
Rectangle(403) : 0.097974243464192650859, 707, 123, 0.000000, 1.9316801283955458007, 488
Rectangle(404) : 0.099999250717934582684, 649, 113, 0.000000, 1.9123813586948807468, 448
Rectangle(405) : 0.102175493181254892, 592, 103, 0.000000, 1.8922612013064835017, 408
Rectangle(406) : 0.10452728575102935738, 537, 94, 0.000000, 1.8712106160711521065, 372
Rectangle(407) : 0.10708075058542628867, 483, 84, 0.000000, 1.849134055596874254, 332
Rectangle(408) : 0.10987398879577178402, 430, 75, 0.000000, 1.8258701004068513825, 296
Rectangle(409) : 0.11295740763392725235, 379, 66, 0.000000, 1.8012096305067137108, 260
Rectangle(410) : 0.11639067842682095608, 329, 58, 0.000000, 1.7749417999562462487, 228
Rectangle(411) : 0.12026588146620164376, 281, 50, 0.000000, 1.7467092635823314908, 196
Rectangle(412) : 0.12470256923695727184, 236, 42, 0.000000, 1.7161074293813270226, 164
Rectangle(413) : 0.12985556681908153889, 192, 34, 0.000000, 1.6826990520251396264, 132
Rectangle(414) : 0.13601545771504580778, 152, 27, 0.000000, 1.6455160318409116191, 104
Rectangle(415) : 0.14355174739820970001, 114, 21, 0.000000, 1.6037003706026658614, 80
Rectangle(416) : 0.15323332959647869879, 80, 15, 0.000000, 1.5552198580656183074, 56

Overall winding number: 0.000000 

cpu/wall(s): 554.476 554.814
