
Filling stored sums matrix with 64 X 64 terms guaranteeing 20 digits accuracy...

Processing the barrier for X= 20000000131252...20000000131253 (N = 1261566), y0 = 0.14142...1 , t = 0...0.18

Rectangle(1) : 0, 96216, 17095, 0.000000, 4.5081918622708235674, 68376
Rectangle(2) : 4.1658267463528140511e-05, 96025, 17061, 0.000000, 4.5058734376918986445, 68240
Rectangle(3) : 8.3375251974768949097e-05, 95835, 17027, 0.000000, 4.5035537604221014274, 68104
Rectangle(4) : 0.00012515073859679745045, 95644, 16993, 0.000000, 4.5012328488192689125, 67968
Rectangle(5) : 0.00016698538424962741273, 95453, 16959, 0.000000, 4.4989106728220452767, 67832
Rectangle(6) : 0.00020887941243964810645, 95263, 16925, 0.000000, 4.4965872265195120048, 67696
Rectangle(7) : 0.0002508326075575796434, 95073, 16891, 0.000000, 4.4942625283622426663, 67560
Rectangle(8) : 0.00029284519292211260929, 94882, 16858, 0.000000, 4.4919365724658797538, 67428
Rectangle(9) : 0.00033491783654751974398, 94692, 16824, 0.000000, 4.4896093283984365877, 67292
Rectangle(10) : 0.00037705032216825261041, 94502, 16790, 0.000000, 4.4872808147036067021, 67156
Rectangle(11) : 0.00041924287697877097724, 94313, 16756, 0.000000, 4.4849510254036000272, 67020
Rectangle(12) : 0.00046149528147659842443, 94123, 16722, 0.000000, 4.482619979194545581, 66884
Rectangle(13) : 0.00050380821220760514522, 93933, 16689, 0.000000, 4.4802876453571889523, 66752
Rectangle(14) : 0.00054618190031888860207, 93744, 16655, 0.000000, 4.4779540178185662974, 66616
Rectangle(15) : 0.00058861612563270672694, 93554, 16621, 0.000000, 4.4756191153699476896, 66480
Rectangle(16) : 0.0006311115733460054388, 93365, 16587, 0.000000, 4.4732829070049833732, 66344
Rectangle(17) : 0.00067366802283998051911, 93176, 16554, 0.000000, 4.4709454115786629758, 66212
Rectangle(18) : 0.00071628570777578655259, 92987, 16520, 0.000000, 4.4686066229805669079, 66076
Rectangle(19) : 0.00075896486317364396178, 92798, 16487, 0.000000, 4.4662665350677349258, 65944
Rectangle(20) : 0.00080170572542356028461, 92609, 16453, 0.000000, 4.4639251416644186815, 65808
Rectangle(21) : 0.00084450853229615818202, 92420, 16419, 0.000000, 4.4615824365618318898, 65672
Rectangle(22) : 0.00088737352295361145934, 92231, 16386, 0.000000, 4.4592384135178980853, 65540
Rectangle(23) : 0.00093030093796069040335, 92043, 16352, 0.000000, 4.4568930662569959397, 65404
Rectangle(24) : 0.00097329055223072718985, 91854, 16319, 0.000000, 4.4545464139537818195, 65272
Rectangle(25) : 0.0010163430748639688758, 91666, 16285, 0.000000, 4.4521984248097807851, 65136
Rectangle(26) : 0.0010594582803361153727, 91478, 16252, 0.000000, 4.4498491180651986825, 65004
Rectangle(27) : 0.0011026364118875834708, 91290, 16218, 0.000000, 4.4474984874044362645, 64868
Rectangle(28) : 0.0011458777141923751924, 91102, 16185, 0.000000, 4.4451465264777982467, 64736
Rectangle(29) : 0.0011891824333695370357, 90914, 16151, 0.000000, 4.4427932289012306181, 64600
Rectangle(30) : 0.0012325508169947348118, 90726, 16118, 0.000000, 4.4404385882560553889, 64468
Rectangle(31) : 0.0012759831141119454834, 90539, 16085, 0.000000, 4.4380825980887027447, 64336
Rectangle(32) : 0.0013194790948284179731, 90351, 16051, 0.000000, 4.4357252779355113353, 64200
Rectangle(33) : 0.0013630394901526037744, 90164, 16018, 0.000000, 4.4333665952773839602, 64068
Rectangle(34) : 0.0014066640697550768675, 89977, 15984, 0.000000, 4.4310065697179336283, 63932
Rectangle(35) : 0.0014503530855004110487, 89790, 15951, 0.000000, 4.4286451947614202552, 63800
Rectangle(36) : 0.0014941067907544640642, 89603, 15918, 0.000000, 4.4262824638766273407, 63668
Rectangle(37) : 0.0015379254403965143006, 89416, 15885, 0.000000, 4.4239183704965855606, 63536
Rectangle(38) : 0.0015818092908315212967, 89229, 15851, 0.000000, 4.4215529080182936312, 63400
Rectangle(39) : 0.0016257586000025115984, 89042, 15818, 0.000000, 4.4191860698024364131, 63268
Rectangle(40) : 0.0016697736274030915092, 88856, 15785, 0.000000, 4.4168178491731002215, 63136
Rectangle(41) : 0.0017138541379952079698, 88669, 15752, 0.000000, 4.4144482660733026434, 63004
Rectangle(42) : 0.0017580008890138650274, 88483, 15719, 0.000000, 4.4120772871287140429, 62872
Rectangle(43) : 0.0018022136449910438532, 88297, 15685, 0.000000, 4.4097049323515824653, 62736
Rectangle(44) : 0.0018464926684273053622, 88110, 15652, 0.000000, 4.4073311950209205522, 62604
Rectangle(45) : 0.001890838726706966247, 87924, 15619, 0.000000, 4.4049560414344900707, 62472
Rectangle(46) : 0.0019352515837361561163, 87739, 15586, 0.000000, 4.4025794917088429005, 62340
Rectangle(47) : 0.0019797309998647744377, 87553, 15553, 0.000000, 4.400201566100309654, 62208
Rectangle(48) : 0.0020242777494461743858, 87367, 15520, 0.000000, 4.3978222306790502211, 62076
Rectangle(49) : 0.0020688921030428304484, 87182, 15487, 0.000000, 4.3954414785349722875, 61944
Rectangle(50) : 0.0021135738203529973668, 86996, 15454, 0.000000, 4.3930593300308187493, 61812
Rectangle(51) : 0.0021583236862092530424, 86811, 15421, 0.000000, 4.3906757509000401135, 61680
Rectangle(52) : 0.0022031414598888563198, 86626, 15388, 0.000000, 4.388290761576634571, 61548
Rectangle(53) : 0.0022480274151629845789, 86441, 15355, 0.000000, 4.3859043551022939741, 61416
Rectangle(54) : 0.0022929818274800828768, 86256, 15322, 0.000000, 4.3835165244796126723, 61284
Rectangle(55) : 0.0023380049739798001449, 86071, 15289, 0.000000, 4.3811272626717744985, 61152
Rectangle(56) : 0.0023830971335070715196, 85886, 15256, 0.000000, 4.3787365626022365803, 61020
Rectangle(57) : 0.0024282585866263486612, 85702, 15224, 0.000000, 4.3763444171544099381, 60892
Rectangle(58) : 0.0024734890878649943164, 85517, 15191, 0.000000, 4.373950847087623045, 60760
Rectangle(59) : 0.0025187894474085660395, 85333, 15158, 0.000000, 4.3715558173220522287, 60628
Rectangle(60) : 0.0025641594193692618105, 85148, 15125, 0.000000, 4.3691593486901958291, 60496
Rectangle(61) : 0.0026095998213597982392, 84964, 15092, 0.000000, 4.3667614058759581406, 60364
Rectangle(62) : 0.0026551104070887653092, 84780, 15060, 0.000000, 4.3643620097853673123, 60236
Rectangle(63) : 0.0027006914640572173889, 84596, 15027, 0.000000, 4.3619611531687472156, 60104
Rectangle(64) : 0.0027463432815564933265, 84413, 14994, 0.000000, 4.3595588287349900776, 59972
Rectangle(65) : 0.002792065609026610371, 84229, 14962, 0.000000, 4.3571550576144617487, 59844
Rectangle(66) : 0.0028378592793493550521, 84045, 14929, 0.000000, 4.3547498040041112771, 59712
Rectangle(67) : 0.0028837245872677810296, 83862, 14896, 0.000000, 4.3523430604867636497, 59580
Rectangle(68) : 0.0029296612816047484719, 83679, 14864, 0.000000, 4.3499348483055786776, 59452
Rectangle(69) : 0.0029756696570430971458, 83495, 14831, 0.000000, 4.3475251600737592922, 59320
Rectangle(70) : 0.0030217505620083496674, 83312, 14798, 0.000000, 4.3451139594976283277, 59188
Rectangle(71) : 0.0030679037447370997673, 83129, 14766, 0.000000, 4.3427012679335482033, 59060
Rectangle(72) : 0.003114129505517736467, 82946, 14733, 0.000000, 4.3402870778657965618, 58928
Rectangle(73) : 0.0031604281465355769483, 82764, 14701, 0.000000, 4.3378713817350568899, 58800
Rectangle(74) : 0.0032067994115993130762, 82581, 14668, 0.000000, 4.3354542011301877583, 58668
Rectangle(75) : 0.0032532441652488231058, 82399, 14636, 0.000000, 4.3330354992482895882, 58540
Rectangle(76) : 0.003299762150894866014, 82216, 14603, 0.000000, 4.3306152977554167698, 58408
Rectangle(77) : 0.0033463542412149426021, 82034, 14571, 0.000000, 4.328193559593829278, 58280
Rectangle(78) : 0.0033930201792356880159, 81852, 14539, 0.000000, 4.3257703065071516652, 58152
Rectangle(79) : 0.0034397602748534756285, 81670, 14506, 0.000000, 4.3233455307895133614, 58020
Rectangle(80) : 0.0034865748399421191128, 81488, 14474, 0.000000, 4.3209192246898899122, 57892
Rectangle(81) : 0.0035334641883699844416, 81306, 14441, 0.000000, 4.3184913804117265976, 57760
Rectangle(82) : 0.0035804286360172887807, 81124, 14409, 0.000000, 4.316061990112558077, 57632
Rectangle(83) : 0.0036274685007935887422, 80943, 14377, 0.000000, 4.3136310459036240055, 57504
Rectangle(84) : 0.0036745835205717489785, 80761, 14345, 0.000000, 4.3111985698870374779, 57376
Rectangle(85) : 0.0037217745975753402847, 80580, 14312, 0.000000, 4.308764524081568301, 57244
Rectangle(86) : 0.0037690414693063103554, 80399, 14280, 0.000000, 4.3063289306690222346, 57116
Rectangle(87) : 0.0038163844577846374768, 80218, 14248, 0.000000, 4.3038917816985874824, 56988
Rectangle(88) : 0.0038638038871109556035, 80037, 14216, 0.000000, 4.3014530691722624882, 56860
Rectangle(89) : 0.003911300083484785988, 79856, 14183, 0.000000, 4.2990127850444576717, 56728
Rectangle(90) : 0.0039588733752229704409, 79675, 14151, 0.000000, 4.2965709212215929037, 56600
Rectangle(91) : 0.0040065240927783089148, 79494, 14119, 0.000000, 4.2941274695616906672, 56472
Rectangle(92) : 0.0040542525687584041505, 79314, 14087, 0.000000, 4.291682421873964845, 56344
Rectangle(93) : 0.0041020585351940140661, 79134, 14055, 0.000000, 4.2892358007509664549, 56216
Rectangle(94) : 0.0041499423247250748801, 78953, 14023, 0.000000, 4.2867875980338532541, 56088
Rectangle(95) : 0.004197904879637919905, 78773, 13991, 0.000000, 4.2843377745015946269, 55960
Rectangle(96) : 0.0042459459314513787631, 78593, 13959, 0.000000, 4.2818863528697688859, 55832
Rectangle(97) : 0.004294065819391395926, 78413, 13927, 0.000000, 4.2794333248311540363, 55704
Rectangle(98) : 0.0043422648849140918315, 78233, 13895, 0.000000, 4.2769786820283243636, 55576
Rectangle(99) : 0.0043905434717256460907, 78054, 13863, 0.000000, 4.2745224160532193994, 55448
Rectangle(100) : 0.0044389013062511440716, 77874, 13831, 0.000000, 4.2720645499208375743, 55320
Rectangle(101) : 0.0044873393542507439069, 77695, 13799, 0.000000, 4.2696050436884975488, 55192
Rectangle(102) : 0.0045358573418135020966, 77516, 13767, 0.000000, 4.2671439204553483187, 55064
Rectangle(103) : 0.0045844556172721860885, 77336, 13735, 0.000000, 4.2646811717434940102, 54936
Rectangle(104) : 0.0046331351607156470124, 77157, 13703, 0.000000, 4.262216757173319436, 54808
Rectangle(105) : 0.0046818956977657308601, 76978, 13671, 0.000000, 4.2597506999706863637, 54680
Rectangle(106) : 0.0047307375837587507666, 76799, 13640, 0.000000, 4.2572829915010475047, 54556
Rectangle(107) : 0.0047796611764031998806, 76621, 13608, 0.000000, 4.2548136230768400212, 54428
Rectangle(108) : 0.0048286661962160036814, 76442, 13576, 0.000000, 4.2523426181910104082, 54300
Rectangle(109) : 0.0048777536431455844146, 76264, 13544, 0.000000, 4.2498699358584402922, 54172
Rectangle(110) : 0.0049269232373952754916, 76085, 13513, 0.000000, 4.2473955996585658719, 54048
Rectangle(111) : 0.0049761759889186843878, 75907, 13481, 0.000000, 4.2449195683034721002, 53920
Rectangle(112) : 0.0050255116176262274616, 75729, 13449, 0.000000, 4.2424418654594801069, 53792
Rectangle(113) : 0.0050749304910493478, 75551, 13417, 0.000000, 4.2399624822558068614, 53664
Rectangle(114) : 0.0051244329791998131395, 75373, 13386, 0.000000, 4.2374814097666030027, 53540
Rectangle(115) : 0.0051740194545924153047, 75195, 13354, 0.000000, 4.2349986390104676107, 53412
Rectangle(116) : 0.0052236902922679318631, 75018, 13323, 0.000000, 4.2325141609499575564, 53288
Rectangle(117) : 0.0052734452065678326544, 74840, 13291, 0.000000, 4.2300279996155858624, 53160
Rectangle(118) : 0.0053232852386311087883, 74663, 13259, 0.000000, 4.2275401127779116146, 53032
Rectangle(119) : 0.0053732101025232362358, 74486, 13228, 0.000000, 4.2250505245565530019, 52908
Rectangle(120) : 0.0054232201785718433969, 74309, 13196, 0.000000, 4.2225592258341659649, 52780
Rectangle(121) : 0.0054733158496996228848, 74131, 13165, 0.000000, 4.2200662074361761524, 52656
Rectangle(122) : 0.0055234981783804200702, 73955, 13133, 0.000000, 4.2175714264942426606, 52528
Rectangle(123) : 0.0055737661984804030688, 73778, 13102, 0.000000, 4.2150749410468472239, 52404
Rectangle(124) : 0.0056241209782392315437, 73601, 13071, 0.000000, 4.2125767080516033455, 52280
Rectangle(125) : 0.005674562911202800019, 73425, 13039, 0.000000, 4.210076718099859129, 52152
Rectangle(126) : 0.0057250917054567987814, 73248, 13008, 0.000000, 4.2075749957778744769, 52028
Rectangle(127) : 0.0057757084457879733456, 73072, 12976, 0.000000, 4.2050714975504830584, 51900
Rectangle(128) : 0.0058264128400504881674, 72896, 12945, 0.000000, 4.2025662480957439685, 51776
Rectangle(129) : 0.0058772052874837594575, 72720, 12914, 0.000000, 4.2000592379188500948, 51652
Rectangle(130) : 0.0059280861900954048109, 72544, 12882, 0.000000, 4.197550457464397056, 51524
Rectangle(131) : 0.0059790559526872717751, 72368, 12851, 0.000000, 4.1950398971158346945, 51400
Rectangle(132) : 0.0060301149828817753498, 72192, 12820, 0.000000, 4.1925275471949122735, 51276
Rectangle(133) : 0.0060812636911485488465, 72017, 12789, 0.000000, 4.1900133979611172898, 51152
Rectangle(134) : 0.0061325017793494058288, 71841, 12757, 0.000000, 4.1874974745285398415, 51024
Rectangle(135) : 0.0061838303726948289137, 71666, 12726, 0.000000, 4.1849797321635978009, 50900
Rectangle(136) : 0.0062352491728533922185, 71491, 12695, 0.000000, 4.1824601960747531543, 50776
Rectangle(137) : 0.0062867585963622919842, 71316, 12664, 0.000000, 4.179938856429723086, 50652
Rectangle(138) : 0.0063383590626872362195, 71141, 12633, 0.000000, 4.1774157033325743904, 50528
Rectangle(139) : 0.0063900509942503654192, 70966, 12602, 0.000000, 4.1748907268231393303, 50404
Rectangle(140) : 0.0064418348164585093096, 70791, 12571, 0.000000, 4.1723639168764246978, 50280
Rectangle(141) : 0.0064937109577317845098, 70617, 12540, 0.000000, 4.1698352634020139783, 50156
Rectangle(142) : 0.0065456791136064607773, 70442, 12509, 0.000000, 4.1673047920588247863, 50032
Rectangle(143) : 0.0065977404518997918125, 70268, 12478, 0.000000, 4.1647724568612838879, 49908
Rectangle(144) : 0.0066498946679990302125, 70094, 12447, 0.000000, 4.1622382835653308971, 49784
Rectangle(145) : 0.0067021421967970062289, 69919, 12416, 0.000000, 4.1597022619827076932, 49660
Rectangle(146) : 0.0067544842248864055009, 69746, 12385, 0.000000, 4.1571643455800596533, 49536
Rectangle(147) : 0.0068069196956744085355, 69572, 12354, 0.000000, 4.1546245966547437244, 49412
Rectangle(148) : 0.0068594498025658985563, 69398, 12323, 0.000000, 4.152082968473969527, 49288
Rectangle(149) : 0.0069120749930393123366, 69224, 12292, 0.000000, 4.1495394505780458667, 49164
Rectangle(150) : 0.0069647957177963047939, 69051, 12261, 0.000000, 4.1469940324378291073, 49040
Rectangle(151) : 0.00701761166589898005, 68878, 12230, 0.000000, 4.1444467403248925129, 48916
Rectangle(152) : 0.0070705232884827497952, 68704, 12199, 0.000000, 4.1418975637448892985, 48792
Rectangle(153) : 0.0071235318114762420125, 68531, 12169, 0.000000, 4.139346455022288493, 48672
Rectangle(154) : 0.0071766369238344782632, 68358, 12138, 0.000000, 4.1367934405784293024, 48548
Rectangle(155) : 0.0072298390865744418271, 68185, 12107, 0.000000, 4.1342385097072424164, 48424
Rectangle(156) : 0.0072831387640651984806, 68013, 12076, 0.000000, 4.1316816516309014308, 48300
Rectangle(157) : 0.0073365356389513364458, 67840, 12046, 0.000000, 4.1291228931009964928, 48180
Rectangle(158) : 0.007390030964616150663, 67668, 12015, 0.000000, 4.1265621856496872619, 48056
Rectangle(159) : 0.0074436244236462636745, 67495, 11984, 0.000000, 4.123999556130920955, 47932
Rectangle(160) : 0.0074973172832081707929, 67323, 11954, 0.000000, 4.1214349556811152564, 47812
Rectangle(161) : 0.0075511092258679024634, 67151, 11923, 0.000000, 4.1188684112569704176, 47688
Rectangle(162) : 0.0076050007302573675558, 66979, 11892, 0.000000, 4.1162999118225022255, 47564
Rectangle(163) : 0.0076589922785310429201, 66807, 11862, 0.000000, 4.1137294462668440544, 47444
Rectangle(164) : 0.0077130843564011290496, 66635, 11831, 0.000000, 4.111157003403527724, 47320
Rectangle(165) : 0.0077672774531731486748, 66464, 11801, 0.000000, 4.1085825719697555947, 47200
Rectangle(166) : 0.0078215712448794822628, 66292, 11770, 0.000000, 4.1060061793687441208, 47076
Rectangle(167) : 0.0078759670419495471895, 66121, 11740, 0.000000, 4.103427775500360749, 46956
Rectangle(168) : 0.0079304645204435258158, 65950, 11709, 0.000000, 4.1008473878732613045, 46832
Rectangle(169) : 0.0079850641775757966468, 65778, 11679, 0.000000, 4.0982650051053674678, 46712
Rectangle(170) : 0.0080397673458859515233, 65607, 11649, 0.000000, 4.0956805764684928033, 46592
Rectangle(171) : 0.0080945737015563600591, 65437, 11618, 0.000000, 4.0930941296298374503, 46468
Rectangle(172) : 0.0081494829139229086088, 65266, 11588, 0.000000, 4.0905056925047888871, 46348
Rectangle(173) : 0.0082044963312076324909, 65095, 11557, 0.000000, 4.0879152139209371661, 46224
Rectangle(174) : 0.0082596144695273334997, 64925, 11527, 0.000000, 4.0853226820975001723, 46104
Rectangle(175) : 0.0083148369983235984234, 64754, 11497, 0.000000, 4.0827281251123657561, 45984
Rectangle(176) : 0.0083701652888556484242, 64584, 11467, 0.000000, 4.0801314911430691656, 45864
Rectangle(177) : 0.0084255990106929931097, 64414, 11436, 0.000000, 4.0775328083760845173, 45740
Rectangle(178) : 0.0084811386885328429019, 64244, 11406, 0.000000, 4.074932064901156973, 45620
Rectangle(179) : 0.0085367848510523179809, 64074, 11376, 0.000000, 4.072329248724677857, 45500
Rectangle(180) : 0.0085925380309493850886, 63905, 11346, 0.000000, 4.069724347768859793, 45380
Rectangle(181) : 0.0086483978908628325464, 63735, 11315, 0.000000, 4.0671173906428869292, 45256
Rectangle(182) : 0.0087043658423909236569, 63565, 11285, 0.000000, 4.0645083243922343288, 45136
Rectangle(183) : 0.0087604424305194886586, 63396, 11255, 0.000000, 4.0618971366821054215, 45016
Rectangle(184) : 0.0088166273181572277181, 63227, 11225, 0.000000, 4.0592838562890399441, 44896
Rectangle(185) : 0.0088729210511556151151, 63058, 11195, 0.000000, 4.0566684709133927339, 44776
Rectangle(186) : 0.0089293241795598365102, 62889, 11165, 0.000000, 4.0539014763066196938, 44656
Rectangle(187) : 0.0089858348805776078167, 62720, 11135, 0.000000, 4.0510399532693237531, 44536
Rectangle(188) : 0.0090424522267713151469, 62551, 11105, 0.000000, 4.0481766256718648528, 44416
Rectangle(189) : 0.0090991767655584147113, 62383, 11075, 0.000000, 4.0453114807771154466, 44296
Rectangle(190) : 0.0091560081375792716026, 62214, 11045, 0.000000, 4.0424445516878553036, 44176
Rectangle(191) : 0.00921294780633048283, 62046, 11015, 0.000000, 4.0395757796190291472, 44056
Rectangle(192) : 0.0092699954126164485514, 61878, 10985, 0.000000, 4.0367051978019700752, 43936
Rectangle(193) : 0.0093271515132952353589, 61710, 10955, 0.000000, 4.0338327933549103065, 43816
Rectangle(194) : 0.0093844166695641530433, 61542, 10925, 0.000000, 4.0309585533059088892, 43696
Rectangle(195) : 0.0094417914470056711755, 61374, 10896, 0.000000, 4.0280824645919296555, 43580
Rectangle(196) : 0.0094992764156339491051, 61207, 10866, 0.000000, 4.025204514057907276, 43460
Rectangle(197) : 0.0095568712089428501667, 61039, 10836, 0.000000, 4.0223247354764126869, 43340
Rectangle(198) : 0.0096145773433073779717, 60872, 10806, 0.000000, 4.0194430685467002057, 43220
Rectangle(199) : 0.0096723944524634218047, 60705, 10777, 0.000000, 4.0165595471732856085, 43104
Rectangle(200) : 0.0097303231164478264766, 60538, 10747, 0.000000, 4.0136741580480698892, 42984
Rectangle(201) : 0.0097883639198778715704, 60371, 10717, 0.000000, 4.0107868877684798026, 42864
Rectangle(202) : 0.0098465174520003886698, 60204, 10688, 0.000000, 4.0078977228364890986, 42748
Rectangle(203) : 0.0099047843067415435614, 60038, 10658, 0.000000, 4.0050066496576269581, 42628
Rectangle(204) : 0.0099631641103602121873, 59871, 10628, 0.000000, 4.0021137026949746476, 42508
Rectangle(205) : 0.010021658434869490045, 59705, 10599, 0.000000, 3.9992188200677686182, 42392
Rectangle(206) : 0.010080266906857895851, 59539, 10569, 0.000000, 3.9963220363745211766, 42272
Rectangle(207) : 0.010138990130902211697, 59373, 10540, 0.000000, 3.9934233378587028015, 42156
Rectangle(208) : 0.010197828716418501977, 59207, 10510, 0.000000, 3.9905227106647229622, 42036
Rectangle(209) : 0.010256783277714712273, 59041, 10481, 0.000000, 3.9876201408368900699, 41920
Rectangle(210) : 0.010315854434043990064, 58876, 10451, 0.000000, 3.984715614318357642, 41800
Rectangle(211) : 0.01037504180435308643, 58710, 10422, 0.000000, 3.9818091662842689898, 41684
Rectangle(212) : 0.010434347019244659739, 58545, 10392, 0.000000, 3.9789007332056197534, 41564
Rectangle(213) : 0.010493769698093504555, 58380, 10363, 0.000000, 3.9759903503965651097, 41448
Rectangle(214) : 0.010553310471481592344, 58215, 10334, 0.000000, 3.9730780036284845601, 41332
Rectangle(215) : 0.010612969975108294819, 58050, 10304, 0.000000, 3.9701636785687997417, 41212
Rectangle(216) : 0.010672748849846775434, 57885, 10275, 0.000000, 3.9672473607798680746, 41096
Rectangle(217) : 0.010732647741801165485, 57720, 10246, 0.000000, 3.9643290357178615403, 40980
Rectangle(218) : 0.010792667302364538, 57556, 10217, 0.000000, 3.9614086887316303475, 40864
Rectangle(219) : 0.010852807143366894493, 57391, 10187, 0.000000, 3.9584863558025775115, 40744
Rectangle(220) : 0.010913068967621613482, 57227, 10158, 0.000000, 3.9555619713918596869, 40628
Rectangle(221) : 0.010973452387535148347, 57063, 10129, 0.000000, 3.9526355716238156163, 40512
Rectangle(222) : 0.011033958066725233264, 56899, 10100, 0.000000, 3.9497071416624035656, 40396
Rectangle(223) : 0.011094586674287095574, 56735, 10071, 0.000000, 3.9467766665612041534, 40280
Rectangle(224) : 0.01115533888485484395, 56572, 10042, 0.000000, 3.9438441312622260022, 40164
Rectangle(225) : 0.011216214302574956833, 56408, 10013, 0.000000, 3.9409095724339244667, 40048
Rectangle(226) : 0.011277214685010673832, 56245, 9983, 0.000000, 3.9379729230263625139, 39928
Rectangle(227) : 0.011338339636971316778, 56082, 9954, 0.000000, 3.9350342198544529788, 39812
Rectangle(228) : 0.011399589845948429809, 55919, 9925, 0.000000, 3.9320934476666424201, 39696
Rectangle(229) : 0.011460966005172783649, 55756, 9897, 0.000000, 3.9291505910965768046, 39584
Rectangle(230) : 0.011522468813679430052, 55593, 9868, 0.000000, 3.9262056346618452724, 39468
Rectangle(231) : 0.011584098976373687337, 55430, 9839, 0.000000, 3.9232585627627065343, 39352
Rectangle(232) : 0.011645857204098073167, 55268, 9810, 0.000000, 3.9203093596807976083, 39236
Rectangle(233) : 0.011707743093938139708, 55106, 9781, 0.000000, 3.9173580629423179949, 39120
Rectangle(234) : 0.011769757358499935483, 54943, 9752, 0.000000, 3.914404656861234491, 39004
Rectangle(235) : 0.011831901847458697009, 54781, 9723, 0.000000, 3.9114490718759625878, 38888
Rectangle(236) : 0.011894176159206857185, 54619, 9694, 0.000000, 3.9084913457381434681, 38772
Rectangle(237) : 0.011956581024651814864, 54458, 9666, 0.000000, 3.9055314623984417194, 38660
Rectangle(238) : 0.012019116032591850152, 54296, 9637, 0.000000, 3.9025694600383745345, 38544
Rectangle(239) : 0.012081783069943374657, 54135, 9608, 0.000000, 3.8996052680864400179, 38428
Rectangle(240) : 0.012144581726414907677, 53973, 9580, 0.000000, 3.8966389248781935336, 38316
Rectangle(241) : 0.012207513913339447605, 53812, 9551, 0.000000, 3.8936703591864420865, 38200
Rectangle(242) : 0.012270579221434044388, 53651, 9522, 0.000000, 3.8906996095012150599, 38084
Rectangle(243) : 0.01233377840895154108, 53490, 9494, 0.000000, 3.8877266593034140278, 37972
Rectangle(244) : 0.012397112240682769609, 53329, 9465, 0.000000, 3.8847514919452584886, 37856
Rectangle(245) : 0.01246058148803309042, 53169, 9437, 0.000000, 3.8817740906488322396, 37744
Rectangle(246) : 0.012524185732811980981, 53008, 9408, 0.000000, 3.8787944945068511735, 37628
Rectangle(247) : 0.012587926951015022997, 52848, 9379, 0.000000, 3.8758126305599448382, 37512
Rectangle(248) : 0.012651804725586623527, 52688, 9351, 0.000000, 3.8728285380591157143, 37400
Rectangle(249) : 0.01271581984360323292, 52528, 9323, 0.000000, 3.8698421999931338314, 37288
Rectangle(250) : 0.012779973099009742474, 52368, 9294, 0.000000, 3.8668535992166045841, 37172
Rectangle(251) : 0.012844265292700863093, 52208, 9266, 0.000000, 3.8638627184484350501, 37060
Rectangle(252) : 0.012908697232603721564, 52048, 9237, 0.000000, 3.8608695402702781426, 36944
Rectangle(253) : 0.012973269733761696475, 51889, 9209, 0.000000, 3.8578740471249542062, 36832
Rectangle(254) : 0.013037982371259527502, 51730, 9181, 0.000000, 3.854876279047951238, 36720
Rectangle(255) : 0.013102835962580771485, 51571, 9152, 0.000000, 3.851876218512066178, 36604
Rectangle(256) : 0.013167831332430339386, 51412, 9124, 0.000000, 3.848873847850112304, 36492
Rectangle(257) : 0.013232969312821106372, 51253, 9096, 0.000000, 3.8458691492532995733, 36380
Rectangle(258) : 0.013298250743161833736, 51094, 9068, 0.000000, 3.8428621047695912666, 36268
Rectangle(259) : 0.013363676470346426668, 50935, 9039, 0.000000, 3.8398526963020365138, 36152
Rectangle(260) : 0.013429247348844552446, 50777, 9011, 0.000000, 3.8368409056070782705, 36040
Rectangle(261) : 0.01349496294656807054, 50619, 8983, 0.000000, 3.8338267736117881262, 35928
Rectangle(262) : 0.013560824120704497339, 50460, 8955, 0.000000, 3.8308102821013854842, 35816
Rectangle(263) : 0.013626833044249907277, 50303, 8927, 0.000000, 3.8277913529291286706, 35704
Rectangle(264) : 0.013692987972443635855, 50145, 8899, 0.000000, 3.8247700872910060713, 35592
Rectangle(265) : 0.013759291095133654921, 49987, 8871, 0.000000, 3.821746406599114166, 35480
Rectangle(266) : 0.013825743300839120626, 49829, 8843, 0.000000, 3.8187202920366313383, 35368
Rectangle(267) : 0.013892345486153628871, 49672, 8815, 0.000000, 3.8156917246317510636, 35256
Rectangle(268) : 0.013959097211967603566, 49515, 8787, 0.000000, 3.8126607462327456213, 35144
Rectangle(269) : 0.014025999377901820382, 49358, 8759, 0.000000, 3.8096273378951235972, 35032
Rectangle(270) : 0.014093052891777891608, 49201, 8731, 0.000000, 3.8065914805180014704, 34920
Rectangle(271) : 0.014160258669719762738, 49044, 8703, 0.000000, 3.8035531548422371172, 34808
Rectangle(272) : 0.014227617636256795548, 48887, 8675, 0.000000, 3.8005123414485351328, 34696
Rectangle(273) : 0.014295130724428467672, 48731, 8647, 0.000000, 3.797469020755523453, 34584
Rectangle(274) : 0.014362797487284873727, 48574, 8620, 0.000000, 3.7944232354753011246, 34476
Rectangle(275) : 0.01443062025739800629, 48418, 8592, 0.000000, 3.7913749033437325124, 34364
Rectangle(276) : 0.014498598589905415363, 48262, 8564, 0.000000, 3.7883240672479462529, 34252
Rectangle(277) : 0.014566733438590673874, 48106, 8536, 0.000000, 3.7852707073025062859, 34140
Rectangle(278) : 0.014635025766102886619, 47950, 8509, 0.000000, 3.7822148034543807811, 34032
Rectangle(279) : 0.014703476544068567135, 47795, 8481, 0.000000, 3.7791563354809032641, 33920
Rectangle(280) : 0.014772085317695116006, 47639, 8453, 0.000000, 3.7760953469856745693, 33808
Rectangle(281) : 0.014840854505692044459, 47484, 8426, 0.000000, 3.7730317535118141309, 33700
Rectangle(282) : 0.014909783655584888662, 47329, 8398, 0.000000, 3.7699655988421742093, 33588
Rectangle(283) : 0.014978873760992612768, 47174, 8371, 0.000000, 3.7668968624333196551, 33480
Rectangle(284) : 0.015048125824892924797, 47019, 8343, 0.000000, 3.7638255235662949703, 33368
Rectangle(285) : 0.015117540859741949552, 46864, 8316, 0.000000, 3.7607515613444608663, 33260
Rectangle(286) : 0.015187119887595834429, 46709, 8288, 0.000000, 3.7576749546912970683, 33148
Rectangle(287) : 0.015256863940234325877, 46555, 8261, 0.000000, 3.7545956823481707264, 33040
Rectangle(288) : 0.015326772557619100246, 46401, 8233, 0.000000, 3.7515137890225832526, 32928
Rectangle(289) : 0.015396846775610578517, 46246, 8206, 0.000000, 3.7484292534778385085, 32820
Rectangle(290) : 0.015467089158810808558, 46092, 8179, 0.000000, 3.7453419875877410582, 32712
Rectangle(291) : 0.015537499251399278164, 45939, 8151, 0.000000, 3.7422520363344339703, 32600
Rectangle(292) : 0.01560807658299845172, 45785, 8124, 0.000000, 3.7391594451907537167, 32492
Rectangle(293) : 0.015678823758824393703, 45631, 8097, 0.000000, 3.7360641250179750369, 32384
Rectangle(294) : 0.015749741865484733714, 45478, 8069, 0.000000, 3.7329660536361387487, 32272
Rectangle(295) : 0.015820830436961846576, 45325, 8042, 0.000000, 3.7298652768007205826, 32164
Rectangle(296) : 0.01589209056441470307, 45172, 8015, 0.000000, 3.7267617723508656332, 32056
Rectangle(297) : 0.015963523349599128503, 45019, 7988, 0.000000, 3.7236555179302432702, 31948
Rectangle(298) : 0.016035129905007517033, 44866, 7961, 0.000000, 3.7205464909845637088, 31840
Rectangle(299) : 0.016106911354010872887, 44713, 7933, 0.000000, 3.7174346687590546299, 31728
Rectangle(300) : 0.016178868831003225326, 44561, 7906, 0.000000, 3.7143200282958970667, 31620
Rectangle(301) : 0.016251001862764090142, 44409, 7879, 0.000000, 3.7112026163373274858, 31512
Rectangle(302) : 0.016323311588638064505, 44256, 7852, 0.000000, 3.7080824099425020944, 31404
Rectangle(303) : 0.016395800797105673464, 44104, 7825, 0.000000, 3.7049593154528978347, 31296
Rectangle(304) : 0.016468469020292978421, 43952, 7798, 0.000000, 3.7018333798980909887, 31188
Rectangle(305) : 0.016541317431739513073, 43801, 7771, 0.000000, 3.6987045797117498541, 31080
Rectangle(306) : 0.016614345549355817492, 43649, 7744, 0.000000, 3.6955729625563142258, 30972
Rectangle(307) : 0.016687556229155041167, 43498, 7717, 0.000000, 3.692438433127055421, 30864
Rectangle(308) : 0.016760948992802267601, 43346, 7690, 0.000000, 3.6893010392830513716, 30756
Rectangle(309) : 0.016834526740213402455, 43195, 7664, 0.000000, 3.6861606846534545674, 30652
Rectangle(310) : 0.01690828899706381233, 43044, 7637, 0.000000, 3.6830174172936616357, 30544
Rectangle(311) : 0.016982236990217182408, 42894, 7610, 0.000000, 3.6798712127807605633, 30436
Rectangle(312) : 0.017056370230595341605, 42743, 7583, 0.000000, 3.6767221198265850517, 30328
Rectangle(313) : 0.017130691689543627524, 42592, 7556, 0.000000, 3.6735700403367387475, 30220
Rectangle(314) : 0.017205202631512465305, 42442, 7530, 0.000000, 3.6704149492077512266, 30116
Rectangle(315) : 0.017279902573767961069, 42292, 7503, 0.000000, 3.6672568954537395349, 30008
Rectangle(316) : 0.017354792786939571291, 42142, 7476, 0.000000, 3.6640958539800104982, 29900
Rectangle(317) : 0.017429874554629287264, 41992, 7450, 0.000000, 3.6609317994586499245, 29796
Rectangle(318) : 0.017505149173591438386, 41842, 7423, 0.000000, 3.6577647063254094937, 29688
Rectangle(319) : 0.017580617953915643957, 41693, 7397, 0.000000, 3.6545945487765409931, 29584
Rectangle(320) : 0.017656280404417563727, 41543, 7370, 0.000000, 3.6514213768140153212, 29476
Rectangle(321) : 0.01773213966775468467, 41394, 7343, 0.000000, 3.648245088246817994, 29368
Rectangle(322) : 0.017808195257652902237, 41245, 7317, 0.000000, 3.6450657332818235547, 29264
Rectangle(323) : 0.017884448518248897475, 41096, 7290, 0.000000, 3.6418832856320618525, 29156
Rectangle(324) : 0.017960900807659839217, 40947, 7264, 0.000000, 3.6386977187614555553, 29052
Rectangle(325) : 0.018037553498180792048, 40798, 7238, 0.000000, 3.6355090058814333515, 28948
Rectangle(326) : 0.018114407976485646044, 40650, 7211, 0.000000, 3.6323171199474847921, 28840
Rectangle(327) : 0.018191463748194071254, 40501, 7185, 0.000000, 3.6291221121911335138, 28736
Rectangle(328) : 0.018268724114905785373, 40353, 7159, 0.000000, 3.6259238766691562383, 28632
Rectangle(329) : 0.018346188587848792243, 40205, 7132, 0.000000, 3.6227224648218070394, 28524
Rectangle(330) : 0.018423858590704700887, 40057, 7106, 0.000000, 3.6195178490816978454, 28420
Rectangle(331) : 0.018501735562247295137, 39910, 7080, 0.000000, 3.6163100016149442102, 28316
Rectangle(332) : 0.01857981900002266332, 39762, 7054, 0.000000, 3.6130989747094730355, 28212
Rectangle(333) : 0.018658112319642136009, 39615, 7027, 0.000000, 3.6098846597604702156, 28104
Rectangle(334) : 0.01873661502467206079, 39467, 7001, 0.000000, 3.606667109269207973, 28000
Rectangle(335) : 0.018815330587275481571, 39320, 6975, 0.000000, 3.6034462133148737555, 27896
Rectangle(336) : 0.018894258517420824241, 39173, 6949, 0.000000, 3.6002220246109920211, 27792
Rectangle(337) : 0.01897340032490585199, 39027, 6923, 0.000000, 3.596994514214974415, 27688
Rectangle(338) : 0.019052755502455112103, 38880, 6897, 0.000000, 3.5937637356143650881, 27584
Rectangle(339) : 0.019132327614996633838, 38734, 6871, 0.000000, 3.5905295767494682937, 27480
Rectangle(340) : 0.019212116161925674689, 38587, 6845, 0.000000, 3.5872920913252623415, 27376
Rectangle(341) : 0.019292124768226378613, 38441, 6819, 0.000000, 3.5840511658988606184, 27272
Rectangle(342) : 0.019372352940383680989, 38295, 6793, 0.000000, 3.5808068543913500963, 27168
Rectangle(343) : 0.019452802264169850204, 38149, 6767, 0.000000, 3.5775591266828179252, 27064
Rectangle(344) : 0.019533474342774343583, 38004, 6741, 0.000000, 3.5743079523512402763, 26960
Rectangle(345) : 0.019614368668433517362, 37858, 6715, 0.000000, 3.5710533862346440205, 26856
Rectangle(346) : 0.019695488996666246085, 37713, 6689, 0.000000, 3.5677953119123190251, 26752
Rectangle(347) : 0.01977683482733239089, 37567, 6664, 0.000000, 3.5645337844429028986, 26652
Rectangle(348) : 0.019858409980643618907, 37422, 6638, 0.000000, 3.5612686859333465161, 26548
Rectangle(349) : 0.019940213964555043911, 37278, 6612, 0.000000, 3.5580000716612022878, 26444
Rectangle(350) : 0.020022246264347446999, 37133, 6586, 0.000000, 3.5547279976336078999, 26340
Rectangle(351) : 0.020104510772941786478, 36988, 6561, 0.000000, 3.551452344322870405, 26240
Rectangle(352) : 0.020187009214174696352, 36844, 6535, 0.000000, 3.5481730793832157392, 26136
Rectangle(353) : 0.020269741085833126917, 36700, 6509, 0.000000, 3.5448902591598713169, 26032
Rectangle(354) : 0.020352708122867455836, 36556, 6484, 0.000000, 3.5416038512805164687, 25932
Rectangle(355) : 0.020435912079845257468, 36412, 6458, 0.000000, 3.5383138230383305866, 25828
Rectangle(356) : 0.020519354731252440006, 36268, 6433, 0.000000, 3.5350201413870528983, 25728
Rectangle(357) : 0.020603037871800224635, 36124, 6407, 0.000000, 3.5317227729359496755, 25624
Rectangle(358) : 0.020686963316738103875, 35981, 6382, 0.000000, 3.528421683944686763, 25524
Rectangle(359) : 0.020771130562894260923, 35837, 6356, 0.000000, 3.5251169320865253988, 25420
Rectangle(360) : 0.02085554379313358133, 35694, 6331, 0.000000, 3.5218083913489180678, 25320
Rectangle(361) : 0.020940202514244942289, 35551, 6305, 0.000000, 3.5184961196302897279, 25216
Rectangle(362) : 0.021025108596201294845, 35409, 6280, 0.000000, 3.5151800824369821611, 25116
Rectangle(363) : 0.021110261525751323994, 35266, 6255, 0.000000, 3.5118603385824460906, 25016
Rectangle(364) : 0.021195665607262764081, 35123, 6229, 0.000000, 3.5085367593796611694, 24912
Rectangle(365) : 0.021281322776621294422, 34981, 6204, 0.000000, 3.5052093092233258154, 24812
Rectangle(366) : 0.021367232536468735199, 34839, 6179, 0.000000, 3.5018780472728166328, 24712
Rectangle(367) : 0.021453396836456473556, 34697, 6154, 0.000000, 3.4985429378752057764, 24612
Rectangle(368) : 0.021539817649145616876, 34555, 6128, 0.000000, 3.4952039449941361731, 24508
Rectangle(369) : 0.021626496970372476554, 34414, 6103, 0.000000, 3.4918610322039385537, 24408
Rectangle(370) : 0.021713434293328364814, 34272, 6078, 0.000000, 3.4885142598482790211, 24308
Rectangle(371) : 0.02180063417252561852, 34131, 6053, 0.000000, 3.4851634937728558659, 24208
Rectangle(372) : 0.021888096113100839166, 33989, 6028, 0.000000, 3.481808794552792625, 24108
Rectangle(373) : 0.02197582475455992277, 33848, 6003, 0.000000, 3.4784500261845653503, 24008
Rectangle(374) : 0.022063819614704822479, 33708, 5978, 0.000000, 3.4750872494713009645, 23908
Rectangle(375) : 0.022152080183396862973, 33567, 5953, 0.000000, 3.4717205260987355405, 23808
Rectangle(376) : 0.022240611196776037029, 33426, 5928, 0.000000, 3.4683497179945040845, 23708
Rectangle(377) : 0.022329414814259268767, 33286, 5903, 0.000000, 3.4649747862087155529, 23608
Rectangle(378) : 0.022418490545383726964, 33146, 5878, 0.000000, 3.4615957927795271035, 23508
Rectangle(379) : 0.022507840566284575547, 33006, 5853, 0.000000, 3.4582126986858952002, 23408
Rectangle(380) : 0.022597467079605968481, 32866, 5828, 0.000000, 3.4548254644712272146, 23308
Rectangle(381) : 0.022687372314939481145, 32726, 5804, 0.000000, 3.4514340502364554943, 23212
Rectangle(382) : 0.022777558529271707983, 32587, 5779, 0.000000, 3.4480384156329715831, 23112
Rectangle(383) : 0.022868025231196799939, 32447, 5754, 0.000000, 3.4446386240900421051, 23012
Rectangle(384) : 0.022958777492548852274, 32308, 5729, 0.000000, 3.4412345303683767628, 22912
Rectangle(385) : 0.023049814837180781727, 32169, 5705, 0.000000, 3.4378261981291107253, 22816
Rectangle(386) : 0.023141139596984602509, 32030, 5680, 0.000000, 3.4344135860161735788, 22716
Rectangle(387) : 0.02323275413292016834, 31892, 5655, 0.000000, 3.4309966522006728823, 22616
Rectangle(388) : 0.023324657953696559688, 31753, 5631, 0.000000, 3.4275754615483988482, 22520
Rectangle(389) : 0.023416856343188840696, 31615, 5606, 0.000000, 3.4241498643635246443, 22420
Rectangle(390) : 0.023509348826641743579, 31476, 5582, 0.000000, 3.4207199257461209547, 22324
Rectangle(391) : 0.023602140792766604456, 31338, 5557, 0.000000, 3.4172854937965738005, 22224
Rectangle(392) : 0.023695231784335835862, 31201, 5533, 0.000000, 3.4138466338437603176, 22128
Rectangle(393) : 0.023788621311397268519, 31063, 5508, 0.000000, 3.4104034122371231081, 22028
Rectangle(394) : 0.023882314882920853591, 30925, 5484, 0.000000, 3.4069556745963251927, 21932
Rectangle(395) : 0.023976315066416288521, 30788, 5459, 0.000000, 3.4035033759848414024, 21832
Rectangle(396) : 0.024070621399272753423, 30651, 5435, 0.000000, 3.4000465831057450568, 21736
Rectangle(397) : 0.024165236471639258432, 30514, 5411, 0.000000, 3.3965852509022929089, 21640
Rectangle(398) : 0.024260162907075526798, 30377, 5386, 0.000000, 3.3931193337842335797, 21540
Rectangle(399) : 0.024355403363137160059, 30240, 5362, 0.000000, 3.3896487856188277941, 21444
Rectangle(400) : 0.024450960531973761508, 30104, 5338, 0.000000, 3.3861735597216765747, 21348
Rectangle(401) : 0.024546833956094199874, 29967, 5314, 0.000000, 3.3826937243304974479, 21252
Rectangle(402) : 0.024643029562071791806, 29831, 5289, 0.000000, 3.3792091164641275795, 21152
Rectangle(403) : 0.024739546913701443095, 29695, 5265, 0.000000, 3.375719804587729991, 21056
Rectangle(404) : 0.024836388799695305024, 29559, 5241, 0.000000, 3.3722257407416388605, 20960
Rectangle(405) : 0.024933558045635344906, 29424, 5217, 0.000000, 3.3687268763835530374, 20864
Rectangle(406) : 0.025031054201031740808, 29288, 5193, 0.000000, 3.3652232813355772676, 20768
Rectangle(407) : 0.025128883458110939704, 29153, 5169, 0.000000, 3.3617147872366810864, 20672
Rectangle(408) : 0.025227045389549785829, 29018, 5145, 0.000000, 3.3582014641362072619, 20576
Rectangle(409) : 0.025325542924326000843, 28883, 5121, 0.000000, 3.3546832621356233807, 20480
Rectangle(410) : 0.025424379030760083985, 28748, 5097, 0.000000, 3.3511601307203630399, 20384
Rectangle(411) : 0.025523556717232894721, 28613, 5073, 0.000000, 3.3476320187490312959, 20288
Rectangle(412) : 0.025623079032919786389, 28479, 5049, 0.000000, 3.344098874442369672, 20192
Rectangle(413) : 0.0257229455617460222, 28344, 5025, 0.000000, 3.3405607694844477896, 20096
Rectangle(414) : 0.025823162918840449514, 28210, 5002, 0.000000, 3.3370175270356017996, 20004
Rectangle(415) : 0.025923730714906936639, 28076, 4978, 0.000000, 3.333469218996502646, 19908
Rectangle(416) : 0.026024652114643241763, 27943, 4954, 0.000000, 3.3299157920813391083, 19812
Rectangle(417) : 0.02612592670191308892, 27809, 4930, 0.000000, 3.3263573195483762863, 19716
Rectangle(418) : 0.02622756132809699975, 27676, 4907, 0.000000, 3.3227936199035247404, 19624
Rectangle(419) : 0.026329555605445732397, 27542, 4883, 0.000000, 3.3192247666239939836, 19528
Rectangle(420) : 0.026431916536628071878, 27409, 4859, 0.000000, 3.315650575218751349, 19432
Rectangle(421) : 0.026534643764006624593, 27276, 4836, 0.000000, 3.3120711193727766435, 19340
Rectangle(422) : 0.026637740666755296562, 27144, 4812, 0.000000, 3.3084863427999138401, 19244
Rectangle(423) : 0.026741206859755588112, 27011, 4789, 0.000000, 3.304896320607428905, 19152
Rectangle(424) : 0.026845049602364430025, 26879, 4765, 0.000000, 3.301300863314241423, 19056
Rectangle(425) : 0.026949268541436353885, 26746, 4742, 0.000000, 3.2977000462366571687, 18964
Rectangle(426) : 0.027053871100556845067, 26614, 4718, 0.000000, 3.2940936766817867819, 18868
Rectangle(427) : 0.02715885696050581128, 26483, 4695, 0.000000, 3.2904818301619553152, 18776
Rectangle(428) : 0.027264225756720815445, 26351, 4671, 0.000000, 3.2868645835752281615, 18680
Rectangle(429) : 0.027369985104888825318, 26219, 4648, 0.000000, 3.2832417405618161961, 18588
Rectangle(430) : 0.027476138724041417568, 26088, 4625, 0.000000, 3.279613239985783002, 18496
Rectangle(431) : 0.027582686303004380731, 25957, 4601, 0.000000, 3.2759791590461936627, 18400
Rectangle(432) : 0.027689631603271984602, 25826, 4578, 0.000000, 3.2723394363150970615, 18308
Rectangle(433) : 0.027796978441199464547, 25695, 4555, 0.000000, 3.2686940095392203812, 18216
Rectangle(434) : 0.027904730689089685227, 25564, 4532, 0.000000, 3.2650428156242729636, 18124
Rectangle(435) : 0.028012892276307032785, 25434, 4509, 0.000000, 3.2613857906188703856, 18032
Rectangle(436) : 0.028121462921530704656, 25304, 4485, 0.000000, 3.257723013555942692, 17936
Rectangle(437) : 0.028230446600536235114, 25174, 4462, 0.000000, 3.2540544201585793099, 17844
Rectangle(438) : 0.028339847348139261224, 25044, 4439, 0.000000, 3.2503799452702915606, 17752
Rectangle(439) : 0.028449669259386278137, 24914, 4416, 0.000000, 3.246699522837981531, 17660
Rectangle(440) : 0.028559916490775777275, 24785, 4393, 0.000000, 3.2430130858944913241, 17568
Rectangle(441) : 0.028670588796036801739, 24655, 4370, 0.000000, 3.2393207153556827567, 17476
Rectangle(442) : 0.028781694888730197916, 24526, 4347, 0.000000, 3.2356221940551816454, 17384
Rectangle(443) : 0.028893234568827041333, 24397, 4325, 0.000000, 3.2319176030661717604, 17296
Rectangle(444) : 0.029005212172756465925, 24268, 4302, 0.000000, 3.2282068731538437652, 17204
Rectangle(445) : 0.029117632103247394051, 24140, 4279, 0.000000, 3.224489934106930066, 17112
Rectangle(446) : 0.029230494155198799605, 24011, 4256, 0.000000, 3.2207668687767778405, 17020
Rectangle(447) : 0.029343807506111996799, 23883, 4233, 0.000000, 3.2170374514098073708, 16928
Rectangle(448) : 0.029457572001837400114, 23755, 4211, 0.000000, 3.2133017649987947966, 16840
Rectangle(449) : 0.029571792240313459672, 23627, 4188, 0.000000, 3.2095597368903513166, 16748
Rectangle(450) : 0.029686472891132029584, 23499, 4165, 0.000000, 3.2058112933862989258, 16656
Rectangle(451) : 0.029801618697055102861, 23372, 4142, 0.000000, 3.202056359722445438, 16564
Rectangle(452) : 0.02991722952880773188, 23244, 4120, 0.000000, 3.1982950207998215512, 16476
Rectangle(453) : 0.030033315186216087652, 23117, 4097, 0.000000, 3.1945270394736418138, 16384
Rectangle(454) : 0.030149875598011460832, 22990, 4075, 0.000000, 3.1907525007541546338, 16296
Rectangle(455) : 0.030266915724186065209, 22863, 4052, 0.000000, 3.1869713271787159027, 16204
Rectangle(456) : 0.030384440603999681791, 22737, 4030, 0.000000, 3.183183440141506708, 16116
Rectangle(457) : 0.03050245016727282718, 22610, 4007, 0.000000, 3.1793889265663842452, 16024
Rectangle(458) : 0.030620954763759619937, 22484, 3985, 0.000000, 3.1755875393991416831, 15936
Rectangle(459) : 0.030739954387465328071, 22358, 3963, 0.000000, 3.1717793656477970627, 15848
Rectangle(460) : 0.03085945431436611513, 22232, 3940, 0.000000, 3.1679643237882006261, 15756
Rectangle(461) : 0.030979459906476055784, 22106, 3918, 0.000000, 3.1641423310680892569, 15668
Rectangle(462) : 0.031099976613753179156, 21981, 3896, 0.000000, 3.160313303480982637, 15580
Rectangle(463) : 0.031221004469787071274, 21856, 3873, 0.000000, 3.1564773300489966096, 15488
Rectangle(464) : 0.031342549003555784515, 21731, 3851, 0.000000, 3.1526343261514944621, 15400
Rectangle(465) : 0.031464615835553920564, 21606, 3829, 0.000000, 3.1487842058739143876, 15312
Rectangle(466) : 0.03158721067985059345, 21481, 3807, 0.000000, 3.1449268819798538307, 15224
Rectangle(467) : 0.031710339346205970473, 21356, 3785, 0.000000, 3.1410622658823866492, 15136
Rectangle(468) : 0.031834007742248412253, 21232, 3763, 0.000000, 3.1371902676145873735, 15048
Rectangle(469) : 0.031958216025387757928, 21108, 3741, 0.000000, 3.1333109782909775764, 14960
Rectangle(470) : 0.03208297019339472105, 20984, 3719, 0.000000, 3.1294243072286436021, 14872
Rectangle(471) : 0.03220827634604572389, 20860, 3697, 0.000000, 3.1255301623188726183, 14784
Rectangle(472) : 0.03233414068747999391, 20736, 3675, 0.000000, 3.1216284499955491353, 14696
Rectangle(473) : 0.032460569528625612599, 20613, 3653, 0.000000, 3.1177190752026589339, 14608
Rectangle(474) : 0.032587563128548120673, 20490, 3631, 0.000000, 3.113802131153035048, 14520
Rectangle(475) : 0.032715127898248122384, 20367, 3609, 0.000000, 3.1098775219867553221, 14432
Rectangle(476) : 0.032843270360171172186, 20244, 3587, 0.000000, 3.1059451503027520683, 14344
Rectangle(477) : 0.032971997150840148281, 20121, 3566, 0.000000, 3.1020049171238977756, 14260
Rectangle(478) : 0.033101315023566349652, 19999, 3544, 0.000000, 3.0980567218610827414, 14172
Rectangle(479) : 0.03323122435512598177, 19877, 3522, 0.000000, 3.0941006598442785181, 14084
Rectangle(480) : 0.033361732010196881731, 19754, 3501, 0.000000, 3.0901366295802719024, 14000
Rectangle(481) : 0.033492851612787763168, 19633, 3479, 0.000000, 3.0861643270891376619, 13912
Rectangle(482) : 0.033624576989810588903, 19511, 3457, 0.000000, 3.0821840499663706682, 13824
Rectangle(483) : 0.033756922028504985432, 19389, 3436, 0.000000, 3.0781954899437506456, 13740
Rectangle(484) : 0.033889894099779612831, 19268, 3414, 0.000000, 3.0741985386134260031, 13652
Rectangle(485) : 0.0340234937748166393, 19147, 3393, 0.000000, 3.0701932933430306895, 13568
Rectangle(486) : 0.034157728552763212167, 19026, 3371, 0.000000, 3.0661796446653493727, 13480
Rectangle(487) : 0.034292606070090309265, 18906, 3350, 0.000000, 3.0621574812570805198, 13396
Rectangle(488) : 0.034428126935490556832, 18785, 3329, 0.000000, 3.0581269028113493347, 13312
Rectangle(489) : 0.034564306169071145032, 18665, 3307, 0.000000, 3.0540875821699946039, 13224
Rectangle(490) : 0.034701144507253303865, 18545, 3286, 0.000000, 3.0500396187828617511, 13140
Rectangle(491) : 0.03483865001379322631, 18425, 3265, 0.000000, 3.0459828963025244177, 13056
Rectangle(492) : 0.034976830903687528856, 18305, 3243, 0.000000, 3.0419172963601483157, 12968
Rectangle(493) : 0.035115695547028700575, 18186, 3222, 0.000000, 3.0378426985160887414, 12884
Rectangle(494) : 0.035255244799119104663, 18066, 3201, 0.000000, 3.0337592044540302262, 12800
Rectangle(495) : 0.035395494948817656098, 17947, 3180, 0.000000, 3.0296664662137861926, 12716
Rectangle(496) : 0.035536447000203056789, 17828, 3159, 0.000000, 3.0255645851042015404, 12632
Rectangle(497) : 0.035678109810675583238, 17710, 3138, 0.000000, 3.0214534350024620527, 12548
Rectangle(498) : 0.03582048436939960707, 17591, 3117, 0.000000, 3.0173331198660778036, 12464
Rectangle(499) : 0.035963587838211276549, 17473, 3096, 0.000000, 3.0132032777258933192, 12380
Rectangle(500) : 0.036107421368671180018, 17355, 3075, 0.000000, 3.009064012094794302, 12296
Rectangle(501) : 0.03625199434545566831, 17237, 3054, 0.000000, 3.00491519075376091, 12212
Rectangle(502) : 0.036397316338305570317, 17119, 3033, 0.000000, 3.0007566790663627367, 12128
Rectangle(503) : 0.036543397106987523862, 17002, 3012, 0.000000, 2.9965883399166429065, 12044
Rectangle(504) : 0.036690237969234120904, 16884, 2991, 0.000000, 2.9924102790467425791, 11960
Rectangle(505) : 0.036837857625657168913, 16767, 2971, 0.000000, 2.9882221099791748831, 11880
Rectangle(506) : 0.036986257584503663509, 16650, 2950, 0.000000, 2.9840239378276171738, 11796
Rectangle(507) : 0.037135448211400217093, 16534, 2929, 0.000000, 2.9798156185308131372, 11712
Rectangle(508) : 0.037285431011601669442, 16417, 2909, 0.000000, 2.975597260077507108, 11632
Rectangle(509) : 0.037436225752423835922, 16301, 2888, 0.000000, 2.9713684593758230506, 11548
Rectangle(510) : 0.037587834148189483615, 16185, 2867, 0.000000, 2.9671293236827758394, 11464
Rectangle(511) : 0.037740267223486534949, 16069, 2847, 0.000000, 2.9628797014499985839, 11384
Rectangle(512) : 0.037893536232226966749, 15954, 2826, 0.000000, 2.9586194382036714368, 11300
Rectangle(513) : 0.038047643004083784565, 15838, 2806, 0.000000, 2.954348643776382878, 11220
Rectangle(514) : 0.038202608823238752545, 15723, 2785, 0.000000, 2.9500668916710755216, 11136
Rectangle(515) : 0.038358435757772306926, 15608, 2765, 0.000000, 2.9457742908014082577, 11056
Rectangle(516) : 0.03851513580203175133, 15493, 2745, 0.000000, 2.9414706783556988995, 10976
Rectangle(517) : 0.038672721206947242125, 15379, 2724, 0.000000, 2.93715588828858149, 10892
Rectangle(518) : 0.038831194182322011713, 15264, 2704, 0.000000, 2.932830032101980256, 10812
Rectangle(519) : 0.038990577701196617338, 15150, 2684, 0.000000, 2.9284926576427984654, 10732
Rectangle(520) : 0.03915087424625554793, 15036, 2664, 0.000000, 2.9241438752690383366, 10652
Rectangle(521) : 0.039312096903562613528, 14923, 2644, 0.000000, 2.9197835096164401904, 10572
Rectangle(522) : 0.039474248180759989404, 14809, 2623, 0.000000, 2.9154116742553826575, 10488
Rectangle(523) : 0.039637352487212510347, 14696, 2603, 0.000000, 2.9110278956302102126, 10408
Rectangle(524) : 0.039801412632533020024, 14583, 2583, 0.000000, 2.9066322859914199734, 10328
Rectangle(525) : 0.039966442618543540492, 14470, 2563, 0.000000, 2.9022246598505190615, 10248
Rectangle(526) : 0.040132456762278890807, 14357, 2543, 0.000000, 2.8978048278394353281, 10168
Rectangle(527) : 0.040299469705640277958, 14245, 2523, 0.000000, 2.8933725965967078502, 10088
Rectangle(528) : 0.040467484629936291145, 14133, 2503, 0.000000, 2.8889280801743242769, 10008
Rectangle(529) : 0.040636516546739116042, 14021, 2484, 0.000000, 2.8844710820181473889, 9932
Rectangle(530) : 0.040806580813340510193, 13909, 2464, 0.000000, 2.8800014013676387082, 9852
Rectangle(531) : 0.040977693143584786468, 13798, 2444, 0.000000, 2.875518833129616187, 9772
Rectangle(532) : 0.041149857140767683713, 13686, 2424, 0.000000, 2.8710234930315072529, 9692
Rectangle(533) : 0.04132310158713853767, 13575, 2405, 0.000000, 2.8665148435702075897, 9616
Rectangle(534) : 0.041497430489058994951, 13464, 2385, 0.000000, 2.8619929984672318889, 9536
Rectangle(535) : 0.041672860747412176167, 13354, 2365, 0.000000, 2.8574577397541992613, 9456
Rectangle(536) : 0.041849396447558514287, 13243, 2346, 0.000000, 2.8529091846699763238, 9380
Rectangle(537) : 0.042027068363640216041, 13133, 2326, 0.000000, 2.8483467673945097696, 9300
Rectangle(538) : 0.042205881031529845963, 13023, 2307, 0.000000, 2.8437706028543359488, 9224
Rectangle(539) : 0.042385852666548991778, 12913, 2287, 0.000000, 2.8391804589618314009, 9144
Rectangle(540) : 0.042567001931550295225, 12804, 2268, 0.000000, 2.8345760983252296202, 9068
Rectangle(541) : 0.042749333710551016063, 12695, 2249, 0.000000, 2.8299576381879747775, 8992
Rectangle(542) : 0.042932867199183389027, 12586, 2229, 0.000000, 2.8253248365580297313, 8912
Rectangle(543) : 0.043117622072579069127, 12477, 2210, 0.000000, 2.8206774458208853884, 8836
Rectangle(544) : 0.043303618501674275137, 12368, 2191, 0.000000, 2.8160152125565027582, 8760
Rectangle(545) : 0.043490877170218623678, 12260, 2171, 0.000000, 2.8113378773486310733, 8680
Rectangle(546) : 0.0436794039138849068, 12152, 2152, 0.000000, 2.8066455566704920834, 8604
Rectangle(547) : 0.043869220039351537156, 12044, 2133, 0.000000, 2.8019379857171600259, 8528
Rectangle(548) : 0.04406034740448912932, 11936, 2114, 0.000000, 2.7972148933086143518, 8452
Rectangle(549) : 0.044252808437775708941, 11829, 2095, 0.000000, 2.7924760016747658455, 8376
Rectangle(550) : 0.044446609773617687624, 11721, 2076, 0.000000, 2.7877214274748808088, 8300
Rectangle(551) : 0.044641791193929510916, 11615, 2057, 0.000000, 2.7829504806147375656, 8224
Rectangle(552) : 0.044838343107886871017, 11508, 2038, 0.000000, 2.7781636851102360478, 8148
Rectangle(553) : 0.045036306584173822359, 11401, 2019, 0.000000, 2.7733603342316279822, 8072
Rectangle(554) : 0.045235706666116777186, 11295, 2001, 0.000000, 2.7685401223379078906, 8000
Rectangle(555) : 0.045436551298461877486, 11189, 1982, 0.000000, 2.7637031634743500381, 7924
Rectangle(556) : 0.04563886635463082467, 11083, 1963, 0.000000, 2.7588491448316265656, 7848
Rectangle(557) : 0.045842678422196612504, 10978, 1944, 0.000000, 2.753977745559016174, 7772
Rectangle(558) : 0.046047996125381073806, 10872, 1926, 0.000000, 2.7490890809770258944, 7700
Rectangle(559) : 0.046254865981983081339, 10767, 1907, 0.000000, 2.7441823720734180514, 7624
Rectangle(560) : 0.046463297520208531144, 10663, 1888, 0.000000, 2.7392577287161278188, 7548
Rectangle(561) : 0.046673300120669576611, 10558, 1870, 0.000000, 2.7343152673119165112, 7476
Rectangle(562) : 0.046884923085938748472, 10454, 1851, 0.000000, 2.729354173212059094, 7400
Rectangle(563) : 0.047098176785308564724, 10350, 1833, 0.000000, 2.7243745568387712405, 7328
Rectangle(564) : 0.047313092201428252766, 10246, 1815, 0.000000, 2.7193760535246318102, 7256
Rectangle(565) : 0.047529701224805632408, 10142, 1796, 0.000000, 2.7143582886449433913, 7180
Rectangle(566) : 0.047748036690063465517, 10039, 1778, 0.000000, 2.7093208772372274026, 7108
Rectangle(567) : 0.04796811048996756228, 9936, 1760, 0.000000, 2.7042639263576685705, 7036
Rectangle(568) : 0.048189956698336892853, 9833, 1741, 0.000000, 2.6991870404544562895, 6960
Rectangle(569) : 0.04841361041952619991, 9731, 1723, 0.000000, 2.6940898128248900859, 6888
Rectangle(570) : 0.048639084657818758751, 9628, 1705, 0.000000, 2.6889723500293267408, 6816
Rectangle(571) : 0.048866439492678472787, 9526, 1687, 0.000000, 2.6838337012467910283, 6744
Rectangle(572) : 0.049095689303852815746, 9424, 1669, 0.000000, 2.6786739642926404387, 6672
Rectangle(573) : 0.049326872873917824282, 9323, 1651, 0.000000, 2.6734926961612103841, 6600
Rectangle(574) : 0.04956000520215564584, 9222, 1633, 0.000000, 2.6682899977065956151, 6528
Rectangle(575) : 0.049795126650616564905, 9121, 1615, 0.000000, 2.6630654125774260836, 6456
Rectangle(576) : 0.05003227887214681664, 9020, 1597, 0.000000, 2.6578184708149174794, 6384
Rectangle(577) : 0.050271504866693925008, 8919, 1580, 0.000000, 2.6525486882850810592, 6316
Rectangle(578) : 0.05051284904073642765, 8819, 1562, 0.000000, 2.6472555660805402931, 6244
Rectangle(579) : 0.050756329658275892475, 8719, 1544, 0.000000, 2.6419391914507969796, 6172
Rectangle(580) : 0.051001993059061624437, 8620, 1527, 0.000000, 2.6365990491877170976, 6104
Rectangle(581) : 0.051249858377992914124, 8520, 1509, 0.000000, 2.6312352288943200726, 6032
Rectangle(582) : 0.051500003357910087841, 8421, 1491, 0.000000, 2.6258465673166289367, 5960
Rectangle(583) : 0.051752449215565547874, 8322, 1474, 0.000000, 2.6204331404133449134, 5892
Rectangle(584) : 0.052007247718378975525, 8223, 1456, 0.000000, 2.6149943812228442214, 5820
Rectangle(585) : 0.052264452434568060315, 8125, 1439, 0.000000, 2.6095297043784272823, 5752
Rectangle(586) : 0.052524086859722328288, 8027, 1422, 0.000000, 2.6040391795249002381, 5684
Rectangle(587) : 0.052786207101347456012, 7929, 1404, 0.000000, 2.5985222001607793782, 5612
Rectangle(588) : 0.053050871270872084512, 7832, 1387, 0.000000, 2.5929781395690291381, 5544
Rectangle(589) : 0.053318105456210316016, 7734, 1370, 0.000000, 2.5874070595742207734, 5476
Rectangle(590) : 0.053588005515632894342, 7637, 1353, 0.000000, 2.5818075877417658713, 5408
Rectangle(591) : 0.053860600459687073453, 7541, 1336, 0.000000, 2.576179766295492201, 5340
Rectangle(592) : 0.054135919351915623009, 7444, 1318, 0.000000, 2.5705236473597113917, 5268
Rectangle(593) : 0.054414065999868297833, 7348, 1301, 0.000000, 2.5648377699281687848, 5200
Rectangle(594) : 0.054695072773130160759, 7252, 1284, 0.000000, 2.5591221639425867887, 5132
Rectangle(595) : 0.054979011295460909076, 7157, 1268, 0.000000, 2.553376079409196616, 5068
Rectangle(596) : 0.055265915875509699996, 7062, 1251, 0.000000, 2.5475995443330881548, 5000
Rectangle(597) : 0.055555862001866693504, 6967, 1234, 0.000000, 2.5417917772645971325, 4932
Rectangle(598) : 0.055848928138979453247, 6872, 1217, 0.000000, 2.5359519679920807611, 4864
Rectangle(599) : 0.056145195887523120413, 6778, 1200, 0.000000, 2.5300792760602747169, 4796
Rectangle(600) : 0.056444705960709941705, 6684, 1184, 0.000000, 2.5241736982871572251, 4732
Rectangle(601) : 0.056747544634900120823, 6590, 1167, 0.000000, 2.5182343564236946864, 4664
Rectangle(602) : 0.057053801745131333977, 6496, 1151, 0.000000, 2.5122603383872745752, 4600
Rectangle(603) : 0.057363570885892921812, 6403, 1134, 0.000000, 2.5062506964373137377, 4532
Rectangle(604) : 0.057676900683868451054, 6310, 1118, 0.000000, 2.5002053868962351118, 4468
Rectangle(605) : 0.057993890444073876587, 6218, 1101, 0.000000, 2.4941234162063504326, 4400
Rectangle(606) : 0.058314592183573128828, 6125, 1085, 0.000000, 2.4880047320534892344, 4336
Rectangle(607) : 0.058639164384724718907, 6034, 1069, 0.000000, 2.4818472894349080043, 4272
Rectangle(608) : 0.058967611068422913803, 5942, 1053, 0.000000, 2.475652016078982789, 4208
Rectangle(609) : 0.059300100468638158298, 5851, 1036, 0.000000, 2.4694167697078372234, 4140
Rectangle(610) : 0.059636695370314425128, 5760, 1020, 0.000000, 2.463141440637375722, 4076
Rectangle(611) : 0.059977518537091747302, 5669, 1004, 0.000000, 2.4568248372827897914, 4012
Rectangle(612) : 0.060322698434301623787, 5579, 988, 0.000000, 2.4504657163440300166, 3948
Rectangle(613) : 0.060672306915453090002, 5488, 972, 0.000000, 2.4440639238547908813, 3884
Rectangle(614) : 0.061026545968633627699, 5399, 956, 0.000000, 2.4376169755363539861, 3820
Rectangle(615) : 0.061385430387143787726, 5309, 941, 0.000000, 2.4311258518083267907, 3760
Rectangle(616) : 0.06174917607405437857, 5220, 925, 0.000000, 2.4245879350628367798, 3696
Rectangle(617) : 0.062117871080771397111, 5132, 909, 0.000000, 2.418002980478589499, 3632
Rectangle(618) : 0.06249160509879138727, 5043, 894, 0.000000, 2.4113707530362110974, 3572
Rectangle(619) : 0.062870619723625059905, 4955, 878, 0.000000, 2.4046883878363863063, 3508
Rectangle(620) : 0.063255016976467922933, 4867, 863, 0.000000, 2.3979555666019729123, 3448
Rectangle(621) : 0.063644981136443672453, 4780, 847, 0.000000, 2.3911705905389466107, 3384
Rectangle(622) : 0.064040623519401611075, 4693, 832, 0.000000, 2.3843331020611033083, 3324
Rectangle(623) : 0.064442143464439135751, 4606, 816, 0.000000, 2.3774412885728189058, 3260
Rectangle(624) : 0.064849751212718080368, 4520, 801, 0.000000, 2.3704932448029372172, 3200
Rectangle(625) : 0.065263577151833774443, 4434, 786, 0.000000, 2.3634885107540981901, 3140
Rectangle(626) : 0.065683849707258695099, 4349, 771, 0.000000, 2.35642504528140081, 3080
Rectangle(627) : 0.06611071221479638211, 4263, 756, 0.000000, 2.3493023301462245749, 3020
Rectangle(628) : 0.066544515247905982057, 4179, 741, 0.000000, 2.3421164944388455714, 2960
Rectangle(629) : 0.066985318429154808468, 4094, 726, 0.000000, 2.3348686027308992366, 2900
Rectangle(630) : 0.067433503236856542527, 4010, 711, 0.000000, 2.3275545143273081205, 2840
Rectangle(631) : 0.06788925249229976151, 3926, 696, 0.000000, 2.3201734803192540996, 2780
Rectangle(632) : 0.068352872838789637745, 3843, 681, 0.000000, 2.3127228589161471042, 2720
Rectangle(633) : 0.068824567571788895383, 3760, 667, 0.000000, 2.3052018016722116829, 2664
Rectangle(634) : 0.069304674433935760193, 3677, 652, 0.000000, 2.2976074427229956693, 2604
Rectangle(635) : 0.069793553259805489774, 3595, 638, 0.000000, 2.289936740912445908, 2548
Rectangle(636) : 0.070291449432521051918, 3513, 623, 0.000000, 2.282188611627226452, 2488
Rectangle(637) : 0.070798761875341213162, 3432, 609, 0.000000, 2.2743597357478097354, 2432
Rectangle(638) : 0.071315766460349316232, 3351, 594, 0.000000, 2.2664488749510840288, 2372
Rectangle(639) : 0.071842907276508995142, 3271, 580, 0.000000, 2.2584523931115590849, 2316
Rectangle(640) : 0.072380495901734173707, 3190, 566, 0.000000, 2.2503688710133395915, 2260
Rectangle(641) : 0.072929200876973465115, 3111, 552, 0.000000, 2.2421917579547491469, 2204
Rectangle(642) : 0.073489211085252073005, 3031, 538, 0.000000, 2.2339219128237822026, 2148
Rectangle(643) : 0.074061273742072852353, 2953, 524, 0.000000, 2.2255521645647755677, 2092
Rectangle(644) : 0.074645612436473385901, 2874, 510, 0.000000, 2.2170833035144221395, 2036
Rectangle(645) : 0.075243066613061563403, 2796, 496, 0.000000, 2.2085074447341152597, 1980
Rectangle(646) : 0.075854120777844866428, 2719, 483, 0.000000, 2.1998221913172137805, 1928
Rectangle(647) : 0.076479285246883929974, 2642, 469, 0.000000, 2.1910250576914130079, 1872
Rectangle(648) : 0.0771193401513848433, 2565, 456, 0.000000, 2.1821101089360245315, 1820
Rectangle(649) : 0.077775133566174716412, 2489, 442, 0.000000, 2.1730709268613007178, 1764
Rectangle(650) : 0.078447319555271261497, 2414, 429, 0.000000, 2.1639042188108959674, 1712
Rectangle(651) : 0.079136592222550008791, 2339, 416, 0.000000, 2.1546065401116090161, 1660
Rectangle(652) : 0.079843991341879469679, 2264, 403, 0.000000, 2.1451702733196651397, 1608
Rectangle(653) : 0.08057065665694999315, 2190, 389, 0.000000, 2.1355871163797628603, 1552
Rectangle(654) : 0.081317500089086871169, 2116, 376, 0.000000, 2.1258524160836551088, 1500
Rectangle(655) : 0.082085861344324893432, 2043, 364, 0.000000, 2.1159566080161170125, 1452
Rectangle(656) : 0.082876833741787505773, 1971, 351, 0.000000, 2.1058940841574243208, 1400
Rectangle(657) : 0.083691594819492946829, 1899, 338, 0.000000, 2.0956588819888052056, 1348
Rectangle(658) : 0.084531857527227968001, 1828, 326, 0.000000, 2.0852392021516092589, 1300
Rectangle(659) : 0.085399056215494712672, 1757, 313, 0.000000, 2.074627752356384614, 1248
Rectangle(660) : 0.08629525869264689515, 1687, 301, 0.000000, 2.0638106011828117257, 1200
Rectangle(661) : 0.087222235931048087637, 1617, 288, 0.000000, 2.0527787213942970086, 1148
Rectangle(662) : 0.088182519617748333159, 1548, 276, 0.000000, 2.0415154466305292738, 1100
Rectangle(663) : 0.089178330629783558788, 1480, 264, 0.000000, 2.030009444549619015, 1052
Rectangle(664) : 0.090212120795019787852, 1412, 252, 0.000000, 2.0182483598678458036, 1004
Rectangle(665) : 0.091287367508807214058, 1345, 240, 0.000000, 2.0062102255489050076, 956
Rectangle(666) : 0.092407226412561046778, 1279, 229, 0.000000, 1.9938791556694712152, 912
Rectangle(667) : 0.093575232007298709964, 1213, 217, 0.000000, 1.9812375830920841438, 864
Rectangle(668) : 0.094796367689979735639, 1148, 206, 0.000000, 1.9682553971445508165, 820
Rectangle(669) : 0.096075335805959309521, 1084, 194, 0.000000, 1.9549093111047945405, 772
Rectangle(670) : 0.097417503067126094152, 1021, 183, 0.000000, 1.9411731013266621445, 728
Rectangle(671) : 0.098829034018474441013, 959, 172, 0.000000, 1.9270170549540145123, 684
Rectangle(672) : 0.10031706014459958649, 897, 161, 0.000000, 1.91240727730588431, 640
Rectangle(673) : 0.10189165019733747312, 836, 151, 0.000000, 1.8972881677112166135, 600
Rectangle(674) : 0.10356304752713557912, 777, 140, 0.000000, 1.8816114827988028955, 556
Rectangle(675) : 0.10534118328363339494, 718, 130, 0.000000, 1.8653412433371998653, 516
Rectangle(676) : 0.10724277275903339476, 660, 120, 0.000000, 1.8483912307611447891, 476
Rectangle(677) : 0.10928578977533815959, 603, 110, 0.000000, 1.8306808162510944192, 436
Rectangle(678) : 0.11149255729814262795, 548, 100, 0.000000, 1.8121116268748006802, 396
Rectangle(679) : 0.11388692158076087736, 494, 91, 0.000000, 1.792596701714174324, 360
Rectangle(680) : 0.11650351409435232336, 441, 81, 0.000000, 1.7719918958393703857, 320
Rectangle(681) : 0.11938784945906744895, 390, 72, 0.000000, 1.7501117863439607746, 284
Rectangle(682) : 0.12259326429584683555, 340, 63, 0.000000, 1.7267700317321130815, 248
Rectangle(683) : 0.12620141144800010932, 292, 55, 0.000000, 1.7016554176492395011, 216
Rectangle(684) : 0.13031666972762079255, 246, 47, 0.000000, 1.6744199341163478742, 184
Rectangle(685) : 0.13509073450045147496, 202, 39, 0.000000, 1.6445780636395735475, 152
Rectangle(686) : 0.14075696253827114599, 161, 32, 0.000000, 1.6114154627115277245, 124
Rectangle(687) : 0.1476601641700197654, 123, 25, 0.000000, 1.5740264571689089415, 96
Rectangle(688) : 0.15639208658602715516, 89, 19, 0.000000, 1.5309708204016980343, 72
Rectangle(689) : 0.16797602838829342521, 60, 14, 0.000000, 1.4802109200048804093, 52

Overall winding number: 0.000000 

cpu/wall(s): 1.84467e+10 280.431
