
Filling stored sums matrix with 59 X 59 terms guaranteeing 20 digits accuracy...

Processing the barrier for X= 1000000046880...1000000046881 (N = 282094), y0 = 0.2...1 , t = 0...0.18

Rectangle(1) : 0, 28472, 5483, 0.000000, 4.4179555665584190167, 21928
Rectangle(2) : 0.00013760731829721898766, 28324, 5454, 0.000000, 4.4112794849266276628, 21812
Rectangle(3) : 0.00027569796527245651283, 28177, 5426, 0.000000, 4.4045975628712820686, 21700
Rectangle(4) : 0.00041427189304586326545, 28030, 5397, 0.000000, 4.3979099301230149163, 21584
Rectangle(5) : 0.0005533339668996989742, 27883, 5369, 0.000000, 4.3912164798721088295, 21472
Rectangle(6) : 0.00069288912523531956128, 27737, 5341, 0.000000, 4.38451710393829177, 21360
Rectangle(7) : 0.00083293733174425317955, 27590, 5312, 0.000000, 4.3778119341707782319, 21244
Rectangle(8) : 0.00097348868854638359753, 27444, 5284, 0.000000, 4.3711006185830787973, 21132
Rectangle(9) : 0.0011145432220904398137, 27299, 5256, 0.000000, 4.3643832891731715029, 21020
Rectangle(10) : 0.0012561009087886035378, 27153, 5228, 0.000000, 4.3576600799645211644, 20908
Rectangle(11) : 0.0013981721377491059193, 27008, 5200, 0.000000, 4.3509306320526920873, 20796
Rectangle(12) : 0.0015407569508434739616, 26863, 5172, 0.000000, 4.344195079606354558, 20684
Rectangle(13) : 0.0016838606652315301935, 26719, 5144, 0.000000, 4.3374533082559561911, 20572
Rectangle(14) : 0.0018274833048608559988, 26574, 5116, 0.000000, 4.3307054543292162635, 20460
Rectangle(15) : 0.0019716356889328517941, 26430, 5088, 0.000000, 4.3239511486612006094, 20348
Rectangle(16) : 0.0021163179117350160244, 26286, 5060, 0.000000, 4.3171905277012941591, 20236
Rectangle(17) : 0.0022615355381407565007, 26143, 5033, 0.000000, 4.310423472984127151, 20128
Rectangle(18) : 0.0024072886450138822763, 25999, 5005, 0.000000, 4.3036501231869329587, 20016
Rectangle(19) : 0.0025535885074388575814, 25856, 4977, 0.000000, 4.2968700983847955186, 19904
Rectangle(20) : 0.0027004352779518833982, 25713, 4950, 0.000000, 4.2900835373497197262, 19796
Rectangle(21) : 0.0028478347854908605587, 25571, 4922, 0.000000, 4.283290317283828377, 19684
Rectangle(22) : 0.0029957871658155967198, 25429, 4895, 0.000000, 4.2764905792583195063, 19576
Rectangle(23) : 0.0031442983372835396002, 25287, 4867, 0.000000, 4.269684199352402947, 19464
Rectangle(24) : 0.0032933743130557705073, 25145, 4840, 0.000000, 4.2628710519385467558, 19356
Rectangle(25) : 0.0034430212031706460991, 25003, 4812, 0.000000, 4.2560510096459845927, 19244
Rectangle(26) : 0.0035932452166748649765, 24862, 4785, 0.000000, 4.2492239433232482316, 19136
Rectangle(27) : 0.0037440465980328912106, 24721, 4758, 0.000000, 4.2423899964967495258, 19028
Rectangle(28) : 0.0038954316551299645299, 24580, 4731, 0.000000, 4.2355490387745906757, 18920
Rectangle(29) : 0.0040474067990996386827, 24440, 4704, 0.000000, 4.2287009379227410314, 18812
Rectangle(30) : 0.0041999723039246280866, 24300, 4677, 0.000000, 4.2218458399221972421, 18704
Rectangle(31) : 0.0043531346841683399073, 24160, 4649, 0.000000, 4.2149836112488101103, 18592
Rectangle(32) : 0.0045069005621173800608, 24020, 4623, 0.000000, 4.2081141164719261324, 18488
Rectangle(33) : 0.004661276670213630108, 23881, 4596, 0.000000, 4.2012372182123637104, 18380
Rectangle(34) : 0.00481626336332582657, 23742, 4569, 0.000000, 4.1943530649629193239, 18272
Rectangle(35) : 0.0049718674853443136109, 23603, 4542, 0.000000, 4.1874615179590357059, 18164
Rectangle(36) : 0.0051280959951930207967, 23464, 4515, 0.000000, 4.1805624364178622903, 18056
Rectangle(37) : 0.005284955969469267911, 23326, 4488, 0.000000, 4.1736556774930641163, 17948
Rectangle(38) : 0.0054424478530966821319, 23188, 4462, 0.000000, 4.1667413922258072547, 17844
Rectangle(39) : 0.0056005788429287421308, 23050, 4435, 0.000000, 4.1598194362800617597, 17736
Rectangle(40) : 0.0057593562588194172613, 22913, 4409, 0.000000, 4.1528896631805808418, 17632
Rectangle(41) : 0.0059187805883782083774, 22775, 4382, 0.000000, 4.1459522266016545479, 17524
Rectangle(42) : 0.0060788663063409594003, 22638, 4356, 0.000000, 4.1390066740175473906, 17420
Rectangle(43) : 0.0062396140170052207039, 22502, 4329, 0.000000, 4.132053158974294028, 17312
Rectangle(44) : 0.0064010242542718767357, 22365, 4303, 0.000000, 4.1250918378494631757, 17208
Rectangle(45) : 0.0065631119733798339535, 22229, 4277, 0.000000, 4.1181222476072035413, 17104
Rectangle(46) : 0.0067258778309356036031, 22093, 4250, 0.000000, 4.1111445444733202545, 16996
Rectangle(47) : 0.0068893298086875304693, 21958, 4224, 0.000000, 4.1041585718787286105, 16892
Rectangle(48) : 0.007053468554105088016, 21822, 4198, 0.000000, 4.097164488894254727, 16788
Rectangle(49) : 0.0072183097459708315192, 21687, 4172, 0.000000, 4.0901618168053351512, 16684
Rectangle(50) : 0.007383854165060854812, 21552, 4146, 0.000000, 4.083150714464164468, 16580
Rectangle(51) : 0.0075501102301343591025, 21418, 4120, 0.000000, 4.0761310185755819709, 16476
Rectangle(52) : 0.0077170787154539772728, 21283, 4094, 0.000000, 4.0691028909296070219, 16372
Rectangle(53) : 0.0078847760744226192416, 21149, 4068, 0.000000, 4.0620658362249695022, 16268
Rectangle(54) : 0.0080532032263553332943, 21016, 4042, 0.000000, 4.0550200159568861418, 16164
Rectangle(55) : 0.0082223610116597150103, 20882, 4017, 0.000000, 4.047965594803337636, 16064
Rectangle(56) : 0.0083922664610804284302, 20749, 3991, 0.000000, 4.0409020652552727072, 15960
Rectangle(57) : 0.0085629205680376443302, 20616, 3965, 0.000000, 4.0338295916595013113, 15856
Rectangle(58) : 0.0087343325583199251466, 20483, 3940, 0.000000, 4.026747998706836302, 15756
Rectangle(59) : 0.0089065118288714476922, 20351, 3914, 0.000000, 4.0196571082417329161, 15652
Rectangle(60) : 0.0090794594534717981868, 20219, 3888, 0.000000, 4.0125570875346009203, 15548
Rectangle(61) : 0.0092531850129720010119, 20087, 3863, 0.000000, 4.0054477562120881317, 15448
Rectangle(62) : 0.0094276982681226998784, 19956, 3838, 0.000000, 3.9983289309350247222, 15348
Rectangle(63) : 0.0096030003793140721335, 19824, 3812, 0.000000, 3.9912007819631983092, 15244
Rectangle(64) : 0.0097791101846996249134, 19693, 3787, 0.000000, 3.9840627641582749447, 15144
Rectangle(65) : 0.0099560290271389828043, 19563, 3762, 0.000000, 3.9769150472493877778, 15044
Rectangle(66) : 0.010133758161078020159, 19432, 3737, 0.000000, 3.9697578045603588597, 14944
Rectangle(67) : 0.010312317125907186424, 19302, 3711, 0.000000, 3.9625904766376576341, 14840
Rectangle(68) : 0.010491707369231072946, 19172, 3686, 0.000000, 3.9554132362191132552, 14740
Rectangle(69) : 0.010671939647356417889, 19043, 3661, 0.000000, 3.9482258855067057657, 14640
Rectangle(70) : 0.01085301541721971179, 18913, 3636, 0.000000, 3.9410286006541150686, 14540
Rectangle(71) : 0.011034955278725243175, 18784, 3612, 0.000000, 3.9338208007498428652, 14444
Rectangle(72) : 0.011217760900570954571, 18656, 3587, 0.000000, 3.9266026612307274244, 14344
Rectangle(73) : 0.011401433856254419806, 18527, 3562, 0.000000, 3.9193743614272220052, 14244
Rectangle(74) : 0.011585995542519180534, 18399, 3537, 0.000000, 3.9121353045346715841, 14144
Rectangle(75) : 0.011771447757559925769, 18271, 3512, 0.000000, 3.9048856690955882969, 14044
Rectangle(76) : 0.01195780239983980034, 18143, 3488, 0.000000, 3.897625241000562826, 13948
Rectangle(77) : 0.012145071607853941487, 18016, 3463, 0.000000, 3.8903538023303814344, 13848
Rectangle(78) : 0.012333257320683114524, 17889, 3439, 0.000000, 3.8830715348008479068, 13752
Rectangle(79) : 0.012522371946140146662, 17762, 3414, 0.000000, 3.8757782173231509672, 13652
Rectangle(80) : 0.0127124281457417203, 17636, 3390, 0.000000, 3.868473624818445528, 13556
Rectangle(81) : 0.012903428011063700654, 17509, 3365, 0.000000, 3.8611579422349661592, 13456
Rectangle(82) : 0.013095395453078376887, 17383, 3341, 0.000000, 3.8538305234002341316, 13360
Rectangle(83) : 0.013288332835774127571, 17258, 3317, 0.000000, 3.8464915521269966585, 13264
Rectangle(84) : 0.013482242416961229011, 17132, 3293, 0.000000, 3.8391412166620689304, 13168
Rectangle(85) : 0.013677149095496255215, 17007, 3269, 0.000000, 3.8317788518553481424, 13072
Rectangle(86) : 0.013873055419471991568, 16882, 3245, 0.000000, 3.8244046447105745025, 12976
Rectangle(87) : 0.014069975490832646378, 16758, 3220, 0.000000, 3.8170183501025031196, 12876
Rectangle(88) : 0.014267911900314834176, 16634, 3197, 0.000000, 3.8096201589842301139, 12784
Rectangle(89) : 0.014466879085536923277, 16510, 3173, 0.000000, 3.8022098223471289193, 12688
Rectangle(90) : 0.014666891794340504677, 16386, 3149, 0.000000, 3.7947870864427899032, 12592
Rectangle(91) : 0.014867965093891511018, 16263, 3125, 0.000000, 3.7873516926482530862, 12496
Rectangle(92) : 0.015070101950107968811, 16140, 3101, 0.000000, 3.7799038344921914178, 12400
Rectangle(93) : 0.015273317801067831972, 16017, 3078, 0.000000, 3.7724432490788660728, 12308
Rectangle(94) : 0.015477628424098291239, 15894, 3054, 0.000000, 3.7649696683832361976, 12212
Rectangle(95) : 0.015683049945954541157, 15772, 3030, 0.000000, 3.7574828191018930125, 12116
Rectangle(96) : 0.015889585757462396408, 15650, 3007, 0.000000, 3.7499828971771326006, 12024
Rectangle(97) : 0.016097252396259657277, 15529, 2983, 0.000000, 3.7424696245928602734, 11928
Rectangle(98) : 0.016306053325140645123, 15407, 2960, 0.000000, 3.7349432015719150813, 11836
Rectangle(99) : 0.016516019132992395307, 15286, 2937, 0.000000, 3.7274028568084496412, 11744
Rectangle(100) : 0.016727153691203074991, 15165, 2913, 0.000000, 3.7198487884417906869, 11648
Rectangle(101) : 0.016939474745501907215, 15045, 2890, 0.000000, 3.7122807020100323451, 11556
Rectangle(102) : 0.017152986257765784407, 14925, 2867, 0.000000, 3.7046988000349399304, 11464
Rectangle(103) : 0.017367706445372815558, 14805, 2844, 0.000000, 3.6971027827173467469, 11372
Rectangle(104) : 0.017583653948427009867, 14685, 2821, 0.000000, 3.689492344057743949, 11280
Rectangle(105) : 0.017800847843153447998, 14566, 2798, 0.000000, 3.6818671716661824517, 11188
Rectangle(106) : 0.018019292657904661951, 14447, 2775, 0.000000, 3.6742274700808770528, 11096
Rectangle(107) : 0.018239007994658373937, 14328, 2752, 0.000000, 3.6665729209896816377, 11004
Rectangle(108) : 0.018460013921583951941, 14210, 2729, 0.000000, 3.6589031993177190121, 10912
Rectangle(109) : 0.01868231534307006869, 14092, 2706, 0.000000, 3.65121851279215485, 10820
Rectangle(110) : 0.018905932892941779934, 13974, 2684, 0.000000, 3.6435185300101274141, 10732
Rectangle(111) : 0.019130887704020220425, 13857, 2661, 0.000000, 3.6358029124033993868, 10640
Rectangle(112) : 0.01935718509251725437, 13740, 2638, 0.000000, 3.62807187086099604, 10548
Rectangle(113) : 0.019584846800731300662, 13623, 2616, 0.000000, 3.6203250600436709614, 10460
Rectangle(114) : 0.019813895105806810532, 13506, 2593, 0.000000, 3.6125621270106016751, 10368
Rectangle(115) : 0.020044352837704530188, 13390, 2571, 0.000000, 3.6047827109725468265, 10280
Rectangle(116) : 0.020276226079748783125, 13274, 2549, 0.000000, 3.5969870241039893757, 10192
Rectangle(117) : 0.020509538346142032287, 13158, 2526, 0.000000, 3.5891746980511622189, 10100
Rectangle(118) : 0.020744313744990729826, 13043, 2504, 0.000000, 3.5813453561160709085, 10012
Rectangle(119) : 0.020980558884614748143, 12928, 2482, 0.000000, 3.5734992133495703743, 9924
Rectangle(120) : 0.021218298613370129515, 12813, 2460, 0.000000, 3.5656358849276936648, 9836
Rectangle(121) : 0.021457558418640377986, 12698, 2438, 0.000000, 3.5577549771425853025, 9748
Rectangle(122) : 0.021698364449286352573, 12584, 2416, 0.000000, 3.5498560871011201588, 9660
Rectangle(123) : 0.021940724278204114823, 12470, 2394, 0.000000, 3.5419394302465130732, 9572
Rectangle(124) : 0.022184664890092367676, 12357, 2372, 0.000000, 3.5340045945571915716, 9484
Rectangle(125) : 0.022430194111955052112, 12244, 2350, 0.000000, 3.526051800482961561, 9396
Rectangle(126) : 0.022677339799678260341, 12131, 2328, 0.000000, 3.5180806265752408224, 9308
Rectangle(127) : 0.022926130552837541589, 12018, 2307, 0.000000, 3.5100906412666027548, 9224
Rectangle(128) : 0.023176595741826275385, 11906, 2285, 0.000000, 3.5020814025145348577, 9136
Rectangle(129) : 0.023428744356181603359, 11794, 2263, 0.000000, 3.4940531303294242714, 9048
Rectangle(130) : 0.023682606754886828411, 11682, 2242, 0.000000, 3.4860053720282990729, 8964
Rectangle(131) : 0.023938214131365881576, 11571, 2220, 0.000000, 3.4779376637125170308, 8876
Rectangle(132) : 0.024195576300902872072, 11460, 2199, 0.000000, 3.4698502273213066698, 8792
Rectangle(133) : 0.024454725535398623091, 11349, 2178, 0.000000, 3.4617425874336592423, 8708
Rectangle(134) : 0.024715695011778362208, 11239, 2156, 0.000000, 3.4536142565989731194, 8620
Rectangle(135) : 0.024978495461693743747, 11129, 2135, 0.000000, 3.4454654583771471598, 8536
Rectangle(136) : 0.025243161241042934794, 11019, 2114, 0.000000, 3.4372956928154992543, 8452
Rectangle(137) : 0.025509727689251982734, 10909, 2093, 0.000000, 3.4291044470350882225, 8368
Rectangle(138) : 0.025778231167759186715, 10800, 2072, 0.000000, 3.4208911947431287832, 8284
Rectangle(139) : 0.026048684056161328269, 10691, 2051, 0.000000, 3.4126561565441592406, 8200
Rectangle(140) : 0.026321124067062474957, 10583, 2030, 0.000000, 3.4043987918994664268, 8116
Rectangle(141) : 0.026595564092754572323, 10475, 2009, 0.000000, 3.3961193264029116255, 8032
Rectangle(142) : 0.026872043264726210664, 10367, 1989, 0.000000, 3.3876776827433747126, 7952
Rectangle(143) : 0.027150588425596604675, 10259, 1968, 0.000000, 3.3779935279587809358, 7868
Rectangle(144) : 0.027431121959855185525, 10152, 1947, 0.000000, 3.3682951714401532191, 7784
Rectangle(145) : 0.027713656945221630878, 10046, 1927, 0.000000, 3.3585829471942966592, 7704
Rectangle(146) : 0.027998206312849970183, 9939, 1906, 0.000000, 3.3488571993646324049, 7620
Rectangle(147) : 0.028284840501336199422, 9833, 1886, 0.000000, 3.3391163283340472476, 7540
Rectangle(148) : 0.028573573983318712108, 9728, 1865, 0.000000, 3.3293606698550242872, 7456
Rectangle(149) : 0.028864421091650848651, 9622, 1845, 0.000000, 3.3195905702932133424, 7376
Rectangle(150) : 0.029157456902323599986, 9517, 1825, 0.000000, 3.3098043590948450836, 7296
Rectangle(151) : 0.029452697457025170342, 9413, 1805, 0.000000, 3.3000023730809263684, 7216
Rectangle(152) : 0.029750158667381159545, 9309, 1785, 0.000000, 3.2901849601854967068, 7136
Rectangle(153) : 0.03004988849445017842, 9205, 1765, 0.000000, 3.2803514266146899737, 7056
Rectangle(154) : 0.030351936449541399493, 9102, 1745, 0.000000, 3.2705010597950560352, 6976
Rectangle(155) : 0.030656320217921432017, 8999, 1725, 0.000000, 3.2606342084308372215, 6896
Rectangle(156) : 0.030963091437882631842, 8896, 1705, 0.000000, 3.2507501382342794423, 6816
Rectangle(157) : 0.031272303458817240592, 8794, 1686, 0.000000, 3.2408480944415674422, 6740
Rectangle(158) : 0.031583975973536545509, 8692, 1666, 0.000000, 3.2309284255587418861, 6660
Rectangle(159) : 0.031898164701741646969, 8591, 1647, 0.000000, 3.2209903528773612662, 6584
Rectangle(160) : 0.032214890385931771665, 8490, 1627, 0.000000, 3.211034230721957729, 6504
Rectangle(161) : 0.032534211261164039949, 8389, 1608, 0.000000, 3.2010592552527138234, 6428
Rectangle(162) : 0.03285618757005100071, 8289, 1589, 0.000000, 3.1910645991790513432, 6352
Rectangle(163) : 0.033180842486105898929, 8189, 1569, 0.000000, 3.1810506150796318958, 6272
Rectangle(164) : 0.033508239068726442573, 8089, 1550, 0.000000, 3.1710164478212727253, 6196
Rectangle(165) : 0.033838442610304050772, 7990, 1531, 0.000000, 3.1609612165198440205, 6120
Rectangle(166) : 0.034171479057928561914, 7892, 1512, 0.000000, 3.1508852704473521171, 6044
Rectangle(167) : 0.034507374302536690666, 7793, 1493, 0.000000, 3.1407889730510519179, 5968
Rectangle(168) : 0.034846241102620233836, 7695, 1474, 0.000000, 3.1306701146422712129, 5892
Rectangle(169) : 0.035188108563912276878, 7598, 1456, 0.000000, 3.1205290393162127195, 5820
Rectangle(170) : 0.035533005778878875025, 7501, 1437, 0.000000, 3.1103661059979317215, 5744
Rectangle(171) : 0.035881008192690091092, 7404, 1418, 0.000000, 3.1001803356913172502, 5668
Rectangle(172) : 0.036232194083518199851, 7308, 1400, 0.000000, 3.089970717933029198, 5596
Rectangle(173) : 0.036586596206935417859, 7212, 1381, 0.000000, 3.079737604879726372, 5520
Rectangle(174) : 0.036944296928632551299, 7116, 1363, 0.000000, 3.0694799474313972934, 5448
Rectangle(175) : 0.037305381800390757776, 7021, 1345, 0.000000, 3.0591966615817698447, 5376
Rectangle(176) : 0.037669887805458664035, 6926, 1327, 0.000000, 3.048888089938457908, 5304
Rectangle(177) : 0.038037905144462195353, 6832, 1308, 0.000000, 3.0385531050452458009, 5228
Rectangle(178) : 0.038409473221898560371, 6738, 1290, 0.000000, 3.0281920519578093262, 5156
Rectangle(179) : 0.038784687239701737772, 6645, 1272, 0.000000, 3.017803757021528154, 5084
Rectangle(180) : 0.039163589234738837569, 6552, 1254, 0.000000, 3.0073885673222636305, 5012
Rectangle(181) : 0.039546279797516960834, 6459, 1237, 0.000000, 2.9969452600173621636, 4944
Rectangle(182) : 0.039932863674280757422, 6367, 1219, 0.000000, 2.9864725685118216242, 4872
Rectangle(183) : 0.040323388657555741186, 6275, 1201, 0.000000, 2.9759708236108617536, 4800
Rectangle(184) : 0.040717965681238747043, 6183, 1184, 0.000000, 2.9654387028933675604, 4732
Rectangle(185) : 0.041116710417271961916, 6092, 1166, 0.000000, 2.9548748347867050152, 4660
Rectangle(186) : 0.041519677396061637723, 6002, 1149, 0.000000, 2.9442795286760829859, 4592
Rectangle(187) : 0.041926921569449855482, 5911, 1131, 0.000000, 2.9336531133075833464, 4520
Rectangle(188) : 0.042338637541926184926, 5822, 1114, 0.000000, 2.9229923455451991339, 4452
Rectangle(189) : 0.042754816234050059734, 5732, 1097, 0.000000, 2.9122993369466216004, 4384
Rectangle(190) : 0.043175663989972359386, 5643, 1080, 0.000000, 2.9015707071136540203, 4316
Rectangle(191) : 0.043601248024548587282, 5555, 1063, 0.000000, 2.8908067312459057863, 4248
Rectangle(192) : 0.044031636274997895254, 5466, 1046, 0.000000, 2.8800077051596798316, 4180
Rectangle(193) : 0.044467056638181151718, 5379, 1029, 0.000000, 2.8691699980909629588, 4112
Rectangle(194) : 0.044907504676495143717, 5291, 1012, 0.000000, 2.8582958591949283287, 4044
Rectangle(195) : 0.045353223039601348277, 5205, 996, 0.000000, 2.8473814916406360422, 3980
Rectangle(196) : 0.045804208916957858564, 5118, 979, 0.000000, 2.8364292134485317544, 3912
Rectangle(197) : 0.046260721072770389192, 5032, 963, 0.000000, 2.8254350493365174296, 3848
Rectangle(198) : 0.046722850454594021431, 4947, 946, 0.000000, 2.8143992055772938992, 3780
Rectangle(199) : 0.047190689388407907402, 4862, 930, 0.000000, 2.8033219106018212567, 3716
Rectangle(200) : 0.047664428983348635756, 4777, 914, 0.000000, 2.7922011391372110849, 3652
Rectangle(201) : 0.048144270126144786287, 4693, 897, 0.000000, 2.7810347743170824225, 3584
Rectangle(202) : 0.048630320578801313545, 4609, 881, 0.000000, 2.7698229804614620371, 3520
Rectangle(203) : 0.049122796816697052759, 4525, 865, 0.000000, 2.7585635135158625106, 3456
Rectangle(204) : 0.049621926874932602485, 4443, 849, 0.000000, 2.7472540230008938595, 3392
Rectangle(205) : 0.050127723413982994981, 4360, 834, 0.000000, 2.7358971357037612453, 3332
Rectangle(206) : 0.05064054385795174756, 4278, 818, 0.000000, 2.724487829373556482, 3268
Rectangle(207) : 0.051160526987772588253, 4196, 802, 0.000000, 2.713026147342113826, 3204
Rectangle(208) : 0.051687940273602453321, 4115, 787, 0.000000, 2.7015094242939491502, 3144
Rectangle(209) : 0.052222936488497702203, 4035, 771, 0.000000, 2.6899376576435969126, 3080
Rectangle(210) : 0.052765671967467614697, 3955, 756, 0.000000, 2.6783108670398673816, 3020
Rectangle(211) : 0.053316445890865811254, 3875, 740, 0.000000, 2.6666261565662415854, 2956
Rectangle(212) : 0.053875575221592583276, 3796, 725, 0.000000, 2.6548804765542074275, 2896
Rectangle(213) : 0.054443246580010446138, 3717, 710, 0.000000, 2.6430737070057226395, 2836
Rectangle(214) : 0.055019806630321375016, 3638, 695, 0.000000, 2.6312025721089677573, 2776
Rectangle(215) : 0.055605623719961003317, 3561, 680, 0.000000, 2.6192636121821151902, 2716
Rectangle(216) : 0.056200755315631352991, 3483, 665, 0.000000, 2.6072598788526378451, 2656
Rectangle(217) : 0.056805768200745518321, 3406, 651, 0.000000, 2.5951843224821043393, 2600
Rectangle(218) : 0.057420913333594051598, 3330, 636, 0.000000, 2.5830365362766690643, 2540
Rectangle(219) : 0.058046449830974432698, 3254, 621, 0.000000, 2.5708161266148012461, 2480
Rectangle(220) : 0.058682840773388323677, 3178, 607, 0.000000, 2.558518957327107954, 2424
Rectangle(221) : 0.059330581162729767338, 3103, 593, 0.000000, 2.5461406351849675724, 2368
Rectangle(222) : 0.05998998839288927993, 3029, 578, 0.000000, 2.5336804804507883964, 2308
Rectangle(223) : 0.060661391654840679202, 2955, 564, 0.000000, 2.5211378173968021295, 2252
Rectangle(224) : 0.061345363843469038637, 2882, 550, 0.000000, 2.508507727677489115, 2196
Rectangle(225) : 0.062042278391587528962, 2809, 536, 0.000000, 2.4957893518233417934, 2140
Rectangle(226) : 0.062752776558843969614, 2736, 522, 0.000000, 2.4829772961470247833, 2084
Rectangle(227) : 0.063477548962406478673, 2664, 509, 0.000000, 2.4700657908237101533, 2032
Rectangle(228) : 0.064217063148151114616, 2593, 495, 0.000000, 2.4570535073651804082, 1976
Rectangle(229) : 0.064971808041080223913, 2522, 481, 0.000000, 2.4439390919993521935, 1920
Rectangle(230) : 0.065742600702459824307, 2452, 468, 0.000000, 2.4307159579019960683, 1868
Rectangle(231) : 0.06653000525299081781, 2382, 455, 0.000000, 2.4173824220073177652, 1816
Rectangle(232) : 0.06733495169379993526, 2313, 441, 0.000000, 2.4039311503258734668, 1760
Rectangle(233) : 0.068158095295324307705, 2244, 428, 0.000000, 2.3903600550493889516, 1708
Rectangle(234) : 0.069000501736968420429, 2176, 415, 0.000000, 2.3766609200896660961, 1656
Rectangle(235) : 0.069862937821568450804, 2108, 402, 0.000000, 2.3628311563342879855, 1604
Rectangle(236) : 0.070746633816034431822, 2041, 389, 0.000000, 2.3488614966111022551, 1552
Rectangle(237) : 0.071652494421919342285, 1975, 377, 0.000000, 2.3347487255004248225, 1504
Rectangle(238) : 0.072581481118375253587, 1909, 364, 0.000000, 2.3204894798104137685, 1452
Rectangle(239) : 0.073535116257092075886, 1844, 352, 0.000000, 2.3060727474766827045, 1404
Rectangle(240) : 0.074514548332730190151, 1779, 339, 0.000000, 2.2914943220914272591, 1352
Rectangle(241) : 0.075521571560437569161, 1715, 327, 0.000000, 2.2767415474847096837, 1304
Rectangle(242) : 0.076557572462761015041, 1651, 315, 0.000000, 2.2618091365322005381, 1256
Rectangle(243) : 0.077624688838613347287, 1589, 303, 0.000000, 2.2466823963755897853, 1208
Rectangle(244) : 0.078723922568239269115, 1526, 291, 0.000000, 2.2313641993780533679, 1160
Rectangle(245) : 0.079858499369928688098, 1465, 279, 0.000000, 2.2158280089101317274, 1112
Rectangle(246) : 0.081029713027887822383, 1404, 268, 0.000000, 2.2000759685590576269, 1068
Rectangle(247) : 0.082240593347374330664, 1344, 256, 0.000000, 2.1840885591886994333, 1020
Rectangle(248) : 0.083493635430104017743, 1284, 245, 0.000000, 2.1678558755979012942, 976
Rectangle(249) : 0.084792588604245685417, 1225, 234, 0.000000, 2.1513544616940263264, 932
Rectangle(250) : 0.086140633062771421194, 1167, 223, 0.000000, 2.1345713700293094422, 888
Rectangle(251) : 0.087541294048229269902, 1110, 212, 0.000000, 2.1174924164675416259, 844
Rectangle(252) : 0.088998494423425253349, 1053, 201, 0.000000, 2.1001020032815098368, 800
Rectangle(253) : 0.090518059478773315872, 997, 190, 0.000000, 2.0823662707015853468, 756
Rectangle(254) : 0.092105187132435888938, 942, 180, 0.000000, 2.064264150046977343, 716
Rectangle(255) : 0.093765764786413571892, 887, 169, 0.000000, 2.0457720667948018978, 672
Rectangle(256) : 0.095508461592270169297, 834, 159, 0.000000, 2.0268424485786711349, 632
Rectangle(257) : 0.097339207933491597516, 781, 149, 0.000000, 2.0074652801791427476, 592
Rectangle(258) : 0.099269381147549398729, 729, 139, 0.000000, 1.9875811234166814946, 552
Rectangle(259) : 0.1013099588202746134, 678, 130, 0.000000, 1.967146635818649018, 516
Rectangle(260) : 0.1034738919114525618, 628, 120, 0.000000, 1.9461113928771094693, 476
Rectangle(261) : 0.10577661705934604822, 579, 111, 0.000000, 1.9244161599523655986, 440
Rectangle(262) : 0.10823674859639676601, 531, 102, 0.000000, 1.9019905880541316172, 404
Rectangle(263) : 0.11087703218971904777, 484, 93, 0.000000, 1.8787500823219871392, 368
Rectangle(264) : 0.11372568938459918649, 439, 84, 0.000000, 1.8545914524956878137, 332
Rectangle(265) : 0.1168113191169356052, 394, 76, 0.000000, 1.8294429627542648022, 300
Rectangle(266) : 0.12018553983458602348, 351, 68, 0.000000, 1.8030923024445440343, 268
Rectangle(267) : 0.12389805351676421161, 309, 60, 0.000000, 1.775408914757365406, 236
Rectangle(268) : 0.1280255904577265592, 269, 52, 0.000000, 1.7461419003792586676, 204
Rectangle(269) : 0.13265808822865317135, 230, 45, 0.000000, 1.7150621121065021904, 176
Rectangle(270) : 0.13794096697694231131, 193, 38, 0.000000, 1.6817318276327246097, 148
Rectangle(271) : 0.14406392981441756835, 158, 31, 0.000000, 1.6456861932716663689, 120
Rectangle(272) : 0.15131510825284583651, 125, 25, 0.000000, 1.6062537108015199968, 96
Rectangle(273) : 0.16016513793925799649, 95, 19, 0.000000, 1.5623963437359890775, 72
Rectangle(274) : 0.17134825734700524993, 68, 14, 0.000000, 1.51284315439019998, 52

Overall winding number: 0.000000 

cpu/wall(s): 207.754 207.926
