0.44668017023706746
0.44502655534475644
0.3042748526669575
1.3778139406356335e-07
5.1020013390245705e-70
0.15 0 795.837925837409
0.15 1 816.5362583768917
0.15 2 803.5739551462348
0.15 3 811.0322793055892
0.15 4 808.4754547222609
0.15 5 810.2747038615859
0.15 6 815.162920774
0.15 7 816.5404793194831
0.15 8 821.029395366403
0.15 9 822.0039594115805
0.15 10 827.4522912354519
0.15 11 827.4544990083396
0.15 12 832.8925460458256
0.15 13 838.3237634831211
0.15 14 838.3236672879798
0.15 15 843.7485482189202
0.15 16 844.153420118
0.15 17 849.1777734269824
0.15 18 849.1777877137458
0.15 19 854.4197270229131
0.15 20 854.6052858588276
0.15 21 860.0396496695752
0.15 22 860.0394907490429
0.15 23 811.0281028932542
0.15 24 865.4751804385211
0.15 25 870.917407187976
0.15 26 876.3638145192465
0.15 27 876.3647070982444
0.15 28 881.8150160311302
0.15 29 881.8147664139576
0.15 30 887.2703378723063
0.15 31 887.2701311789684
0.15 32 892.7284068599877
0.15 33 892.7283867541837
0.15 34 898.1892253356874
0.15 35 898.1890288696193
0.15 36 903.6515210751451
0.15 37 909.1151933961642
0.15 38 909.114997886502
0.15 39 914.5793219638318
0.15 40 914.5795394599002
0.15 41 920.0428988293837
0.15 42 920.0427707183125
0.15 43 925.5056577346036
0.15 44 925.5056387264119
0.15 45 930.9676800203638
0.15 46 930.9676530654945
0.15 47 936.4284895556558
0.15 48 936.4285986807886
0.15 49 941.8887291908137
0.15 50 947.348047214322
0.15 51 947.3480941541616
0.15 52 952.8067807707148
0.15 53 952.806673220458
0.15 54 958.2651894472596
0.15 55 958.2651806541281
0.15 56 963.7233254040414
0.15 57 963.7233764671638
0.15 58 969.181493030971
0.15 59 969.1815792377953
0.15 60 974.639890403544
0.15 61 974.6399776412773
0.15 62 980.098678216581
0.15 63 980.0985676484373
0.15 64 985.5578176068894
0.15 65 985.5577877028952
0.15 66 991.01735652975
0.15 67 991.0173681134203
0.15 68 996.4774977327518
0.15 69 1001.9380505766829
0.15 70 1001.9380987915345
0.15 71 1001.938101340031
0.15 72 1007.3993023241479
0.15 73 1012.8610488214118
0.15 74 1012.8610719163922
0.15 75 1018.3233165564565
0.15 76 1018.3233113761505
0.15 77 1023.7861267550958
0.15 78 1023.7861512232781
0.15 79 1029.2495362884351
0.15 80 1034.7134977316896
0.15 81 1034.7134970461743
0.15 82 1029.2495356712118
0.15 83 1040.1780788868675
0.15 84 1045.643365229952
0.15 85 1045.6433463459293
0.15 86 1045.6433513566005
0.15 87 1051.1093643911709
0.15 88 1056.5762053356293
0.15 89 1056.5762165408528
0.15 90 1056.5762258293582
0.15 91 1062.0439662453064
0.15 92 1065.376366056
0.15 93 1067.5127302086037
0.15 94 1072.982571921997
0.15 95 1072.9825746807894
0.15 96 1078.4536383659245
0.15 97 1078.4536426266714
0.15 98 1078.4536368060892
0.15 99 1083.382691214371
0.16 0 795.8368784950475
0.16 1 816.5401241204901
0.16 2 803.5740004641605
0.16 3 811.0289611167905
0.16 4 808.4739797076978
0.16 5 810.2723897053822
0.16 6 815.1646845579589
0.16 7 816.5373471419973
0.16 8 821.0308311831157
0.16 9 823.9326692476358
0.16 10 826.5328132118264
0.16 11 830.0157011355656
0.16 12 832.8937314271157
0.16 13 838.32107784405
0.16 14 838.3248704131776
0.16 15 841.2710748887233
0.16 16 844.153420118
0.16 17 849.178420858669
0.16 18 849.1787239523688
0.16 19 854.6071023710134
0.16 20 854.5803414944909
0.16 21 860.0396012501678
0.16 22 860.0390221037051
0.16 23 865.4769159831066
0.16 24 865.4766955071856
0.16 25 870.9180079568456
0.16 26 876.3647231133853
0.16 27 876.364109020802
0.16 28 881.8151292285519
0.16 29 881.8152437802026
0.16 30 887.2706378740172
0.16 31 887.2708462860302
0.16 32 892.7290227711725
0.16 33 892.7290633871677
0.16 34 898.1896350838634
0.16 35 898.1897764585357
0.16 36 903.6522370600593
0.16 37 909.1155785963398
0.16 38 909.1156532883124
0.16 39 914.5798499156745
0.16 40 914.5797815127203
0.16 41 920.0435087344641
0.16 42 920.0433798429392
0.16 43 925.5061269616972
0.16 44 925.5060736732154
0.16 45 930.9682696633907
0.16 46 930.968165253686
0.16 47 936.4291228912432
0.16 48 936.4290834949111
0.16 49 941.8892354730351
0.16 50 947.3484904024905
0.16 51 947.3484201897113
0.16 52 952.8070860012368
0.16 53 952.8072365718924
0.16 54 958.2656186739574
0.16 55 958.2655725909548
0.16 56 963.723768412035
0.16 57 963.7237170825958
0.16 58 969.1820416457614
0.16 59 969.1819265389679
0.16 60 974.6403250998557
0.16 61 974.6403231046554
0.16 62 980.0990249215487
0.16 63 974.6403572438669
0.16 64 985.5581531225298
0.16 65 985.5581843735246
0.16 66 991.017711637127
0.16 67 991.0177065195209
0.16 68 996.4777899569578
0.16 69 1001.9384457971759
0.16 70 1001.938458503569
0.16 71 1001.9384810338059
0.16 72 1007.3996884464153
0.16 73 1012.8613841685931
0.16 74 1012.8613753646001
0.16 75 1018.3236603520515
0.16 76 1018.3236308164525
0.16 77 1023.7864406711781
0.16 78 1023.7864545964877
0.16 79 1029.2498067320194
0.16 80 1040.178378364274
0.16 81 1034.7137808901252
0.16 82 1029.2498276237657
0.16 83 1040.1783547817022
0.16 84 1045.6436245560662
0.16 85 1045.6436243389064
0.16 86 1045.6436366095038
0.16 87 1051.1096361170585
0.16 88 1056.5764657333766
0.16 89 1056.5764657662114
0.16 90 1056.5764740516563
0.16 91 1062.0441885522582
0.16 92 1065.376366056
0.16 93 1067.5129535281726
0.16 94 1072.9827950290983
0.16 95 1072.9827861834326
0.16 96 1078.4538502291666
0.16 97 1078.4538520801073
0.16 98 1078.4538511189887
0.16 99 1083.3827321722458
0.17 0 795.8368082277373
0.17 1 816.5383048874085
0.17 2 803.5740457790653
0.17 3 811.0365500751348
0.17 4 808.470204305368
0.17 5 810.2827984874456
0.17 6 815.1630225890204
0.17 7 816.5373126201736
0.17 8 821.029817613116
0.17 9 823.9225606216507
0.17 10 826.5312028311957
0.17 11 830.0181182053171
0.17 12 832.8930336041464
0.17 13 838.3239859458321
0.17 14 838.3216997989471
0.17 15 843.7529162913676
0.17 16 844.153420118
0.17 17 849.1795535418731
0.17 18 849.1796412652807
0.17 19 854.41944228058
0.17 20 854.5805172451094
0.17 21 860.0404260035043
0.17 22 860.0403142727174
0.17 23 865.4772145833982
0.17 24 865.4773536035492
0.17 25 870.9188163436653
0.17 26 876.3651156151053
0.17 27 876.3651236747039
0.17 28 881.8155410563232
0.17 29 881.81596577878
0.17 30 887.271125968356
0.17 31 887.2710356750322
0.17 32 892.7292214993294
0.17 33 892.7292380412304
0.17 34 898.190018803307
0.17 35 898.1901088170617
0.17 36 903.6532660989008
0.17 37 909.1163922442182
0.17 38 909.1164202559212
0.17 39 914.5804677308564
0.17 40 914.5802111643332
0.17 41 920.0436923019083
0.17 42 920.0438304559683
0.17 43 925.5067124101732
0.17 44 914.5799709927749
0.17 45 930.9686905122408
0.17 46 930.968697284001
0.17 47 936.4294846717502
0.17 48 936.4295844857894
0.17 49 941.8897043202908
0.17 50 947.3490389223421
0.17 51 742.3322274270075
0.17 52 952.8076286158457
0.17 53 952.8077011530702
0.17 54 958.2659572097983
0.17 55 958.2659660197074
0.17 56 963.7241581308746
0.17 57 963.7241670043603
0.17 58 969.1823664585224
0.17 59 969.1823618798032
0.17 60 974.6407198121664
0.17 61 974.6406899975843
0.17 62 980.099353275895
0.17 63 980.099407168775
0.17 64 985.5585057949388
0.17 65 985.5585143936188
0.17 66 991.0180497854242
0.17 67 991.0180499784793
0.17 68 996.4781442880906
0.17 69 1001.9387814934946
0.17 70 1001.9387745644528
0.17 71 1001.9387669972211
0.17 72 1007.399948712066
0.17 73 1012.8616797431855
0.17 74 1012.8617085127629
0.17 75 1018.3239378820814
0.17 76 1018.3239732202884
0.17 77 1023.7867402420521
0.17 78 1023.7867359746432
0.17 79 1029.2501274050937
0.17 80 1040.1786195805646
0.17 81 1034.7140490882898
0.17 82 1029.2500919954598
0.17 83 1040.1786205876126
0.17 84 1045.6438843707494
0.17 85 1045.6438846152723
0.17 86 1045.6438909570975
0.17 87 1051.1098712414205
0.17 88 1056.5767065095974
0.17 89 1056.5767233474153
0.17 90 1056.5767054861974
0.17 91 1061.733835768
0.17 92 1065.376366056
0.17 93 1067.5131880925446
0.17 94 1072.9830229659854
0.17 95 1072.9830137178656
0.17 96 1078.4540736361762
0.17 97 1078.4540542484801
0.17 98 1078.4540645859597
0.17 99 1083.3827731421873
0.18 0 795.8369226733347
0.18 1 816.5415337862156
0.18 2 803.5740910830733
0.18 3 811.0382108058581
0.18 4 808.4721035138241
0.18 5 810.2734852499748
0.18 6 815.1645346805017
0.18 7 816.5370471900155
0.18 8 821.0324681809514
0.18 9 823.9183157471032
0.18 10 826.5334535800819
0.18 11 830.0207871505849
0.18 12 832.89470778791
0.18 13 838.3255205162236
0.18 14 838.3259546129134
0.18 15 843.752263657643
0.18 16 844.153420118
0.18 17 849.179493803247
0.18 18 849.1795627068424
0.18 19 854.6082797392675
0.18 20 854.5814730596996
0.18 21 860.040395890513
0.18 22 862.5801027202224
0.18 23 865.4776419440391
0.18 24 865.4776300244405
0.18 25 870.9193296851366
0.18 26 876.3656893952351
0.18 27 876.365028729811
0.18 28 881.8159969748973
0.18 29 881.8165907708201
0.18 30 887.2714676480798
0.18 31 887.2718997281073
0.18 32 892.7300146040873
0.18 33 892.7297405621068
0.18 34 898.1909713691574
0.18 35 898.1906093268635
0.18 36 903.6535521746121
0.18 37 909.1170297795637
0.18 38 909.116724217539
0.18 39 914.5809290353882
0.18 40 914.580621370959
0.18 41 920.0439762610337
0.18 42 920.0442360277267
0.18 43 925.506930008246
0.18 44 925.5071151607754
0.18 45 930.9691370399097
0.18 46 930.9692726933619
0.18 47 936.4299418431609
0.18 48 936.4299405349084
0.18 49 941.8900470417001
0.18 50 947.3494346099108
0.18 51 947.3494041400728
0.18 52 952.8080347326593
0.18 53 952.8081122920804
0.18 54 958.2663779026657
0.18 55 958.2663990220437
0.18 56 963.7245760280259
0.18 57 963.7245511198332
0.18 58 969.1827163564814
0.18 59 969.1826808110102
0.18 60 974.6410981900368
0.18 61 974.6411663835665
0.18 62 980.0997685730014
0.18 63 980.099768348454
0.18 64 985.5588740113146
0.18 65 985.5588610122513
0.18 66 991.0184232208132
0.18 67 991.0184210865672
0.18 68 996.4785077958012
0.18 69 1001.9391157484574
0.18 70 1001.9391188129003
0.18 71 1001.9391520443601
0.18 72 1007.4002726528395
0.18 73 1012.8620041373537
0.18 74 1012.8620037948625
0.18 75 1018.3242392952164
0.18 76 1018.3242759700859
0.18 77 1023.787056435961
0.18 78 1023.7870367002936
0.18 79 1029.2503777795177
0.18 80 1040.1789045616558
0.18 81 1034.7143248910002
0.18 82 1029.2504262540003
0.18 83 1040.1788963385561
0.18 84 1045.644145430471
0.18 85 1045.6441557911012
0.18 86 1045.6441603969586
0.18 87 1051.1101493575088
0.18 88 1056.576969076908
0.18 89 1056.5769537689266
0.18 90 1056.5769537094086
0.18 91 1067.513418536421
0.18 92 1065.376366056
0.18 93 1067.5134135157944
0.18 94 1072.9832432722
0.18 95 1072.9832361017513
0.18 96 1078.454278885323
0.18 97 1078.454276516869
0.18 98 1078.4542655847692
0.18 99 1083.3828141261022
0.19 0 795.8368439312372
0.19 1 816.5393024081819
0.19 2 803.5741363711104
0.19 3 811.0351604700217
0.19 4 808.4720220339058
0.19 5 810.2732475267211
0.19 6 815.162868309022
0.19 7 817.9012791167272
0.19 8 821.0284000742769
0.19 9 823.9215523018361
0.19 10 827.4568184064317
0.19 11 830.0026409283549
0.19 12 832.8920459051906
0.19 13 838.3250128849634
0.19 14 838.3298836376273
0.19 15 841.2842529876062
0.19 16 844.153420118
0.19 17 847.5458684868282
0.19 18 849.1804019157059
0.19 19 854.6091652226733
0.19 20 854.5815039180225
0.19 21 860.0417804921861
0.19 22 860.0407153602112
0.19 23 864.2775629240986
0.19 24 865.4775133523093
0.19 25 870.9195999518953
0.19 26 876.3658855777106
0.19 27 877.2435138460833
0.19 28 881.8167716978605
0.19 29 881.8170172167836
0.19 30 887.2724676362658
0.19 31 887.2723142660086
0.19 32 892.7304591864109
0.19 33 892.7305046095931
0.19 34 898.1912776107328
0.19 35 898.1910959744263
0.19 36 903.6538311265911
0.19 37 909.1173224282368
0.19 38 909.1173823058177
0.19 39 914.5812076516312
0.19 40 914.5811438776516
0.19 41 920.0446263715797
0.19 42 920.0447938845505
0.19 43 925.5076190664699
0.19 44 925.5074915944607
0.19 45 930.969441724092
0.19 46 930.9694257589409
0.19 47 936.4305687641706
0.19 48 936.4304296959779
0.19 49 941.890220202049
0.19 50 947.3498259289055
0.19 51 947.3497838186561
0.19 52 952.8084900562012
0.19 53 952.8084915443782
0.19 54 958.2667863698096
0.19 55 958.2667918754145
0.19 56 963.7249697441138
0.19 57 963.7249944216273
0.19 58 969.1831643404572
0.19 59 969.1831519783124
0.19 60 974.6414725531416
0.19 61 974.6414952788318
0.19 62 980.100148307985
0.19 63 982.797643188
0.19 64 985.5592321888419
0.19 65 985.5591986260098
0.19 66 991.018779479657
0.19 67 991.0187668314311
0.19 68 996.4788424717962
0.19 69 1001.939451845679
0.19 70 1001.9394232253399
0.19 71 1001.9394747200843
0.19 72 1007.4006089498996
0.19 73 1012.8623195752834
0.19 74 1012.8623394427322
0.19 75 1018.3245578264604
0.19 76 1018.3245654857836
0.19 77 1023.787365975869
0.19 78 1023.7873440860388
0.19 79 1029.2506809528038
0.19 80 1040.1791682375156
0.19 81 1034.7146100206514
0.19 82 1029.250691081377
0.19 83 1040.17916043667
0.19 84 1045.6444075010174
0.19 85 1045.6444120936833
0.19 86 1045.6443991863537
0.19 87 1051.110402921455
0.19 88 1056.5771883019997
0.19 89 1056.5772046799143
0.19 90 1056.577200713738
0.19 91 1062.044917274362
0.19 92 1065.376366056
0.19 93 1067.5136367094494
0.19 94 1072.9834607814357
0.19 95 1072.9834656423607
0.19 96 1078.454504592358
0.19 97 1078.4544854727822
0.19 98 1078.4544957067365
0.19 99 1083.3828551261972
0.2 0 795.8365435534699
0.2 1 816.5419979308485
0.2 2 803.5741816502606
0.2 3 811.042002719343
0.2 4 808.4745583134257
0.2 5 810.2727381949311
0.2 6 815.1650710515266
0.2 7 817.8998181138331
0.2 8 821.0317875707793
0.2 9 822.0087578515752
0.2 10 827.4585925177455
0.2 11 827.456932339016
0.2 12 832.8953783872305
0.2 13 838.3265265621505
0.2 14 838.3257073426431
0.2 15 843.7526265648664
0.2 16 844.1524514227616
0.2 17 849.1801718901503
0.2 18 849.1816582807777
0.2 19 854.4200754048795
0.2 20 854.6096424839453
0.2 21 860.0421374663522
0.2 22 860.0431028664266
0.2 23 865.479001483489
0.2 24 865.4780493639687
0.2 25 870.9204542750886
0.2 26 876.3667506062619
0.2 27 876.366803222952
0.2 28 881.8176157688015
0.2 29 881.8174381282879
0.2 30 887.2727858039354
0.2 31 887.2727478824979
0.2 32 892.7307465206317
0.2 33 892.7309973014967
0.2 34 898.1915662205828
0.2 35 898.1914795602736
0.2 36 903.6544455137274
0.2 37 909.1179435224509
0.2 38 909.1176910107796
0.2 39 914.5817589121165
0.2 40 914.5817608612116
0.2 41 920.0451313383883
0.2 42 920.0451724962998
0.2 43 925.5080389926763
0.2 44 925.5081151370988
0.2 45 930.9699673637306
0.2 46 930.9701698446314
0.2 47 936.4309491222289
0.2 48 936.4308353822637
0.2 49 941.8909675168101
0.2 50 947.35023898174
0.2 51 947.3502141268551
0.2 52 952.8089066400736
0.2 53 952.8088667250626
0.2 54 958.2672391095871
0.2 55 958.2672767323122
0.2 56 963.7254064296397
0.2 57 963.7253629830593
0.2 58 969.1834692330053
0.2 59 969.1834883119251
0.2 60 974.6418781509083
0.2 61 974.6418527439082
0.2 62 980.1005525118011
0.2 63 969.1835460714406
0.2 64 985.5595781171936
0.2 65 985.5595575416897
0.2 66 991.0191016794049
0.2 67 991.0191808966997
0.2 68 996.4792087759707
0.2 69 1001.9397834505596
0.2 70 1001.939752378416
0.2 71 1001.9397889691061
0.2 72 1007.4009796034521
0.2 73 1012.8626195764508
0.2 74 1012.8626116077523
0.2 75 1018.324839614428
0.2 76 1018.3248596910702
0.2 77 1023.7876460748847
0.2 78 1023.7876312659968
0.2 79 1029.2509553329808
0.2 80 870.9201778989012
0.2 81 1034.7148978299274
0.2 82 1029.25100062625
0.2 83 1040.179456001897
0.2 84 1051.1106493061754
0.2 85 1045.6446804076043
0.2 86 1045.6446765590688
0.2 87 1051.1106692752767
0.2 88 1056.5774571887841
0.2 89 1056.5774545332063
0.2 90 1056.577463126195
0.2 91 1062.0451360582945
0.2 92 1065.376366056
0.2 93 1067.5138806026364
0.2 94 1072.9836845667542
0.2 95 1072.9836805074324
0.2 96 1078.454700853184
0.2 97 1078.4547015668472
0.2 98 1078.454701094736
0.2 99 1083.3828961407182
0.21 0 795.836484049933
0.21 1 822.0108776050948
0.21 2 803.5742269220478
0.21 3 811.0437541294142
0.21 4 808.4755007615026
0.21 5 810.2738055095773
0.21 6 815.162920774
0.21 7 816.5484355443696
0.21 8 821.0295007120741
0.21 9 823.9280000197015
0.21 10 827.4576315424771
0.21 11 830.0224629305387
0.21 12 832.8953304715886
0.21 13 838.3267811797139
0.21 14 838.3310839402544
0.21 15 843.7565093064196
0.21 16 844.153420118
0.21 17 849.1827143172488
0.21 18 849.1827762830756
0.21 19 854.608809780568
0.21 20 854.5828311284935
0.21 21 860.0425796520918
0.21 22 862.5734223759001
0.21 23 865.4790463472287
0.21 24 865.4795499924692
0.21 25 870.9208483163259
0.21 26 876.3673544501409
0.21 27 876.3678233639959
0.21 28 881.8181874818135
0.21 29 881.8178587433323
0.21 30 887.2733519735131
0.21 31 887.2734583726138
0.21 32 892.7314905105018
0.21 33 892.7312665132332
0.21 34 898.1924360322438
0.21 35 898.1921530821965
0.21 36 903.6551052062108
0.21 37 909.1182743602429
0.21 38 909.1182558861773
0.21 39 914.5821786009338
0.21 40 914.5823406797537
0.21 41 920.0456421780967
0.21 42 920.045496296223
0.21 43 925.5083895401201
0.21 44 925.5087883087675
0.21 45 930.9705143741985
0.21 46 930.9703767427164
0.21 47 936.4313255608303
0.21 48 936.4313737789065
0.21 49 941.891278364666
0.21 50 947.3506225145333
0.21 51 947.350619807414
0.21 52 952.8092269449221
0.21 53 952.8092661184949
0.21 54 958.2676073895166
0.21 55 958.2676689632661
0.21 56 963.7257431375849
0.21 57 963.7257538842003
0.21 58 969.183905130622
0.21 59 969.1840028437425
0.21 60 974.6422492062762
0.21 61 974.6422312864827
0.21 62 980.1008722191573
0.21 63 969.1838865456673
0.21 64 985.5599387190019
0.21 65 985.5599104423407
0.21 66 991.0194664411042
0.21 67 991.0195015299249
0.21 68 996.4795246483177
0.21 69 1001.9401157097777
0.21 70 1001.9401438088659
0.21 71 1001.940101815672
0.21 72 1007.4012466265266
0.21 73 1012.862950517533
0.21 74 1012.862940529314
0.21 75 1018.325163981588
0.21 76 1018.3251574409626
0.21 77 1023.7879464726738
0.21 78 1023.7879270706459
0.21 79 1029.2512654306995
0.21 80 1034.715178000103
0.21 81 1034.715188375031
0.21 82 1029.2512805648762
0.21 83 1040.1797329369886
0.21 84 1045.6449353043247
0.21 85 1045.644932864094
0.21 86 1045.644974092727
0.21 87 1051.1109138133347
0.21 88 1056.5777000986589
0.21 89 1056.5777022495963
0.21 90 1056.577701913242
0.21 91 1062.0453820830542
0.21 92 1065.376366056
0.21 93 1067.5140913991208
0.21 94 1072.9838989296852
0.21 95 1072.9838922918411
0.21 96 1078.4549206390811
0.21 97 1078.454916107184
0.21 98 1078.4549203218103
0.21 99 1083.3829371699833
0.22 0 795.8377776188462
0.22 1 816.5458452377705
0.22 2 803.5742721798435
0.22 3 811.0467456903858
0.22 4 808.4765484142009
0.22 5 810.2700960652982
0.22 6 815.1648422576438
0.22 7 816.5417562964426
0.22 8 821.0310285032207
0.22 9 822.015563364296
0.22 10 827.4567880436408
0.22 11 827.4608884333308
0.22 12 832.9005144292719
0.22 13 838.3260164373464
0.22 14 838.3277906168091
0.22 15 843.7542322066787
0.22 16 844.1535327984456
0.22 17 849.1829914659095
0.22 18 849.1824902146113
0.22 19 854.6112664992039
0.22 20 854.6104689750405
0.22 21 860.0442874870886
0.22 22 862.5805839758093
0.22 23 865.4801664164581
0.22 24 865.4800329923492
0.22 25 870.9218789471398
0.22 26 876.3683532231823
0.22 27 876.368266253925
0.22 28 881.8183334992874
0.22 29 881.8188653440818
0.22 30 887.2739418765965
0.22 31 887.2735947309244
0.22 32 892.7320611072524
0.22 33 892.731995007922
0.22 34 898.1926485363072
0.22 35 898.1925306063176
0.22 36 903.6554842673997
0.22 37 909.1188441347178
0.22 38 909.1188022191213
0.22 39 914.5826645080645
0.22 40 914.5826883675271
0.22 41 920.046198703144
0.22 42 920.0461675157238
0.22 43 925.508882333774
0.22 44 925.5088838032593
0.22 45 930.97092022723
0.22 46 930.970791364485
0.22 47 936.4317732631251
0.22 48 936.4317560492068
0.22 49 941.891884121829
0.22 50 947.3510509970893
0.22 51 865.4804378492046
0.22 52 952.8096503566151
0.22 53 952.8098011741154
0.22 54 958.2680501717612
0.22 55 958.2680166798548
0.22 56 963.7261352315697
0.22 57 963.7261124727697
0.22 58 969.1841937219601
0.22 59 969.1842625124845
0.22 60 974.6426103474605
0.22 61 974.642653325084
0.22 62 980.1012372786665
0.22 63 974.6425934808482
0.22 64 985.5603103180936
0.22 65 985.5602777197013
0.22 66 991.0198275250161
0.22 67 991.0198094467427
0.22 68 996.4798661300918
0.22 69 1001.9404497584425
0.22 70 1001.9404318062916
0.22 71 1001.9404731314793
0.22 72 1007.4015763126886
0.22 73 1012.8632516345847
0.22 74 1012.8632689021053
0.22 75 1018.3254955084607
0.22 76 1018.3254646208093
0.22 77 1023.7882236631168
0.22 78 1023.7882296685617
0.22 79 1029.2515500321883
0.22 80 1034.7154843910182
0.22 81 1034.7154754486005
0.22 82 1029.2515437318636
0.22 83 1040.1799873882453
0.22 84 1045.6452036176133
0.22 85 1045.645212791501
0.22 86 1045.6452176472467
0.22 87 1051.1111629474015
0.22 88 1056.577928737453
0.22 89 1056.5779433877424
0.22 90 1056.5779520306153
0.22 91 1062.045648773984
0.22 92 1065.376366056
0.22 93 1067.5143255495957
0.22 94 1072.984111829077
0.22 95 1072.9841285935568
0.22 96 1078.4551424008291
0.22 97 1078.4551356318516
0.22 98 1078.455126546
0.22 99 1083.3829782129912
0.23 0 795.83729916953
0.23 1 816.5436923105849
0.23 2 803.5743174237614
0.23 3 811.048172515516
0.23 4 808.4747296091614
0.23 5 810.272988061645
0.23 6 815.162002786685
0.23 7 817.9006149843012
0.23 8 821.0332705918194
0.23 9 823.9280962550447
0.23 10 827.4599139871816
0.23 11 827.4576792328756
0.23 12 832.8989592212935
0.23 13 838.329236031324
0.23 14 838.3277233358112
0.23 15 843.7562067033026
0.23 16 844.153420118
0.23 17 849.1825801992022
0.23 18 849.1828970374528
0.23 19 854.6112450979964
0.23 20 854.5830094493914
0.23 21 860.0438803763695
0.23 22 860.0437338861861
0.23 23 865.4806853083246
0.23 24 865.4814020921082
0.23 25 870.9216843957058
0.23 26 876.3688516982583
0.23 27 877.2435149856245
0.23 28 881.8188032274676
0.23 29 881.8193151517578
0.23 30 887.2742150800027
0.23 31 887.2743107749382
0.23 32 892.7327677233436
0.23 33 892.7329132222061
0.23 34 898.1933311648669
0.23 35 898.1931473516952
0.23 36 903.6559638640409
0.23 37 909.1194209879051
0.23 38 909.1191441854946
0.23 39 914.582971645124
0.23 40 914.5831616165066
0.23 41 920.0462674582586
0.23 42 920.0467305139495
0.23 43 925.5093322936054
0.23 44 925.5094019592851
0.23 45 930.9714434640147
0.23 46 930.9712113170222
0.23 47 936.4321221490125
0.23 48 936.432227008121
0.23 49 941.8922924734272
0.23 50 947.3516340533612
0.23 51 947.3514647545037
0.23 52 952.8101589524815
0.23 53 952.8100898733635
0.23 54 958.2684602113759
0.23 55 958.2685906052658
0.23 56 963.7265262029804
0.23 57 963.7265434996659
0.23 58 969.1846534684058
0.23 59 969.1847276727003
0.23 60 974.6430305857225
0.23 61 974.643067274169
0.23 62 980.1016307018424
0.23 63 974.643038653306
0.23 64 985.5606819414262
0.23 65 985.5606657815827
0.23 66 991.0201930072623
0.23 67 991.0201639752452
0.23 68 996.4802246180686
0.23 69 1001.9407999799259
0.23 70 1001.940777980485
0.23 71 1001.9407632034159
0.23 72 1007.4019028437973
0.23 73 1012.8635612533739
0.23 74 1012.8635690155573
0.23 75 1018.325786111799
0.23 76 1018.3257809550402
0.23 77 1023.7885184375087
0.23 78 1023.7885065078506
0.23 79 1029.2518390425364
0.23 80 1034.715759140418
0.23 81 1034.715754804168
0.23 82 1029.251866453784
0.23 83 1040.1802896165734
0.23 84 1045.6454937202984
0.23 85 1045.6454840474491
0.23 86 1045.645472546405
0.23 87 1051.1114083560021
0.23 88 1056.5781896375604
0.23 89 1056.5781921764733
0.23 90 1056.578201707498
0.23 91 1062.045879619715
0.23 92 1065.376366056
0.23 93 1067.5145378050142
0.23 94 1072.9843641545167
0.23 95 1072.984335254903
0.23 96 1078.455338582764
0.23 97 1078.455348066114
0.23 98 1078.4553577552203
0.23 99 1083.383019272743
0.24 0 795.8377054338833
0.24 1 816.54140417553
0.24 2 803.5743626612114
0.24 3 811.0455001070006
0.24 4 808.4747388396496
0.24 5 810.2737070240704
0.24 6 815.162920774
0.24 7 817.9005935805543
0.24 8 821.0282022966817
0.24 9 822.0203261781164
0.24 10 827.4608439789744
0.24 11 830.0227481961559
0.24 12 832.8995551381778
0.24 13 838.3285849954339
0.24 14 838.3287549115013
0.24 15 843.7559247679922
0.24 16 844.153420118
0.24 17 849.1837922272936
0.24 18 849.182894075775
0.24 19 854.6109604503424
0.24 20 854.6117888788569
0.24 21 860.0438649473576
0.24 22 860.0454177726867
0.24 23 865.4813205034263
0.24 24 865.4815102540254
0.24 25 870.9223321803929
0.24 26 876.3693737945996
0.24 27 877.2434588934834
0.24 28 881.8195415850183
0.24 29 881.8198454567654
0.24 30 887.2748683150882
0.24 31 887.2743500105788
0.24 32 892.7325160334605
0.24 33 892.7335096530611
0.24 34 898.2930384415952
0.24 35 898.1944078121026
0.24 36 903.6561917250833
0.24 37 909.1200406026193
0.24 38 909.1200190904403
0.24 39 914.5836299460435
0.24 40 914.5837320684335
0.24 41 920.0471410822524
0.24 42 920.0470833812955
0.24 43 925.5098305842687
0.24 44 925.5099155310485
0.24 45 930.971952971796
0.24 46 930.9721071852881
0.24 47 936.4327119412582
0.24 48 936.4326488681222
0.24 49 941.8926759951585
0.24 50 947.3519587923505
0.24 51 947.3519230632371
0.24 52 952.8105694081587
0.24 53 952.8105188303857
0.24 54 958.2689091525302
0.24 55 958.2688688388256
0.24 56 963.7269618383227
0.24 57 963.7268506369206
0.24 58 969.1849896141657
0.24 59 969.1849650057375
0.24 60 974.643377584588
0.24 61 974.6433526413389
0.24 62 980.1019483914476
0.24 63 974.6434221030864
0.24 64 985.5610392100248
0.24 65 985.5610016120894
0.24 66 991.020506759803
0.24 67 991.0205091414175
0.24 68 996.480553066291
0.24 69 1001.941144966194
0.24 70 1001.9411149296335
0.24 71 1001.9411327757872
0.24 72 1007.4022430165398
0.24 73 1012.8638925735523
0.24 74 1012.8639027446999
0.24 75 1018.3260844409153
0.24 76 1018.3260870658187
0.24 77 1023.7888080007219
0.24 78 1023.7888212830526
0.24 79 1029.2521394825358
0.24 80 1045.6457310337582
0.24 81 1034.7160113327352
0.24 82 1029.252124499784
0.24 83 1040.1805266753424
0.24 84 1045.6457545696703
0.24 85 1045.6457404985106
0.24 86 1051.111697010633
0.24 87 1051.1116715318303
0.24 88 1056.5784444864448
0.24 89 1056.5784385821894
0.24 90 1056.578423791667
0.24 91 1067.5148006911181
0.24 92 1065.376366056
0.24 93 1067.5147919201215
0.24 94 1072.98455188618
0.24 95 1072.9845640736755
0.24 96 1078.4555579177759
0.24 97 1078.4555592908996
0.24 98 1078.4555711461626
0.24 99 1083.3830603499891
0.25 0 795.836819761184
0.25 1 816.5530522412283
0.25 2 803.5744078892685
0.25 3 805.723835528
0.25 4 808.4746826577906
0.25 5 810.2725369553424
0.25 6 815.162920774
0.25 7 816.5337444403009
0.25 8 821.0310750316748
0.25 9 822.0143424844108
0.25 10 826.5328931606666
0.25 11 830.0031557545569
0.25 12 832.8989571611928
0.25 13 838.3318363395275
0.25 14 838.3283975994143
0.25 15 841.2931201950076
0.25 16 844.153420118
0.25 17 849.1847500158877
0.25 18 849.184771048899
0.25 19 854.6118762082348
0.25 20 854.584765428094
0.25 21 860.0446693946745
0.25 22 860.0441817742152
0.25 23 865.481924345192
0.25 24 865.481811949197
0.25 25 870.9234609742389
0.25 26 876.370034217963
0.25 27 876.3700853375875
0.25 28 881.8203548661329
0.25 29 881.8198442461305
0.25 30 887.2756206993116
0.25 31 887.2755146264055
0.25 32 892.733342779311
0.25 33 892.7335255164712
0.25 34 898.1942392993141
0.25 35 898.1940765636432
0.25 36 903.6567091606433
0.25 37 909.1205472164769
0.25 38 909.1203641334502
0.25 39 914.5842544034158
0.25 40 914.5841447462622
0.25 41 920.047632064277
0.25 42 920.0474387017316
0.25 43 925.5104333521973
0.25 44 925.5103370222591
0.25 45 930.9725419484702
0.25 46 930.972324457152
0.25 47 936.4330344139747
0.25 48 936.4331835392882
0.25 49 941.8931662435867
0.25 50 947.3524531060408
0.25 51 947.3523514302441
0.25 52 952.8109537057683
0.25 53 952.8110619120935
0.25 54 958.2692527767568
0.25 55 958.2692548760182
0.25 56 963.7273272825938
0.25 57 963.7273325251887
0.25 58 969.1854050445613
0.25 59 969.1854288009733
0.25 60 974.6436888812975
0.25 61 974.6437583661673
0.25 62 980.1023633604667
0.25 63 980.1023485277516
0.25 64 985.5613818849024
0.25 65 985.5613957363091
0.25 66 991.0208521027458
0.25 67 991.02085216337
0.25 68 996.4809718435936
0.25 69 1001.9414109295567
0.25 70 1001.9414685023354
0.25 71 1001.9414173474617
0.25 72 1007.4025735587363
0.25 73 1012.8642081040015
0.25 74 1012.8642340091661
0.25 75 1018.3263742322004
0.25 76 1018.3263922810934
0.25 77 1023.7891418899609
0.25 78 1029.2524263331827
0.25 79 1029.2524218728008
0.25 80 1034.716317639052
0.25 81 1034.71630519367
0.25 82 1029.2524192370618
0.25 83 1040.1808231829
0.25 84 1045.6459942261215
0.25 85 1045.6460008705824
0.25 86 1045.6459950314697
0.25 87 1051.11194106773
0.25 88 1056.5786992735
0.25 89 1056.5786967074525
0.25 90 1056.578687908386
0.25 91 1062.0463468824316
0.25 92 1065.376366056
0.25 93 1067.5149963609706
0.25 94 1072.9847922637512
0.25 95 1072.9847824059116
0.25 96 1078.4557678449205
0.25 97 1078.4557747513345
0.25 98 1078.4557867270103
0.25 99 1083.3831014420655
0.26 0 795.8367209075793
0.26 1 805.7035714720988
0.26 2 803.5744531031954
0.26 3 805.7239369482288
0.26 4 808.4718009062035
0.26 5 810.2723623706863
0.26 6 815.1629461974288
0.26 7 817.8963352652236
0.26 8 821.030798439576
0.26 9 822.0184542676027
0.26 10 827.4613098527403
0.26 11 827.4603956504917
0.26 12 832.8967969707836
0.26 13 838.3336073319828
0.26 14 838.3302222002989
0.26 15 843.7575076786104
0.26 16 844.153420118
0.26 17 849.1860580830534
0.26 18 849.1865284260182
0.26 19 854.6125426436795
0.26 20 854.6146327226083
0.26 21 860.0458041344366
0.26 22 860.0467467476496
0.26 23 865.4824354012451
0.26 24 865.482062706319
0.26 25 870.9239267013081
0.26 26 876.3700730090821
0.26 27 877.2435164225367
0.26 28 881.8207716787219
0.26 29 881.8209558205125
0.26 30 887.2760349200965
0.26 31 887.2761340309967
0.26 32 892.7339341322694
0.26 33 892.7339660017725
0.26 34 898.1948055038807
0.26 35 898.1947942522592
0.26 36 903.6577962969237
0.26 37 909.1207228236569
0.26 38 909.1209017027044
0.26 39 914.5848348722851
0.26 40 914.5848584856622
0.26 41 920.0479405658889
0.26 42 920.048056626684
0.26 43 925.5108137035276
0.26 44 925.5109225565624
0.26 45 930.9727808126694
0.26 46 930.9727356598086
0.26 47 936.4336224523487
0.26 48 936.433532545831
0.26 49 941.8935198753449
0.26 50 947.3527678535877
0.26 51 947.3528626916342
0.26 52 952.8113932419753
0.26 53 952.8113517430235
0.26 54 958.2697199102203
0.26 55 958.2696755433526
0.26 56 963.7277384233182
0.26 57 963.7277161127829
0.26 58 969.1858770115452
0.26 59 969.1858306903598
0.26 60 974.6441365854092
0.26 61 974.6441541085396
0.26 62 980.102705826926
0.26 63 974.6440369454587
0.26 64 985.5617232745092
0.26 65 985.5617597837391
0.26 66 991.0212212230352
0.26 67 991.0212231193528
0.26 68 997.1890488771228
0.26 69 1001.9417751691893
0.26 70 1001.9417946933173
0.26 71 1001.9418037520115
0.26 72 1007.4028782991172
0.26 73 1012.8645564586474
0.26 74 1012.8645141185066
0.26 75 1018.3267155714445
0.26 76 1018.3267002117103
0.26 77 1023.7894301386705
0.26 78 1023.7894163029969
0.26 79 1029.2527112793462
0.26 80 1040.1810875563244
0.26 81 1034.7165925914508
0.26 82 1029.2527172836215
0.26 83 1040.1810955558249
0.26 84 1045.646268548372
0.26 85 1045.6462545155664
0.26 86 1045.6462687945557
0.26 87 1051.1121718700285
0.26 88 1056.5789459894856
0.26 89 1056.5789401600177
0.26 90 1056.5789408398355
0.26 91 1062.0466011822843
0.26 92 1065.376366056
0.26 93 1067.5152442186939
0.26 94 1072.9850094158526
0.26 95 1072.9850075090826
0.26 96 1078.4559786703426
0.26 97 1078.4559779079473
0.26 98 1078.455951557212
0.26 99 1083.383142543694
0.27 0 795.8377601438216
0.27 1 822.0193196104445
0.27 2 803.574498307632
0.27 3 805.723616130721
0.27 4 808.4719119112868
0.27 5 811.0548327061022
0.27 6 815.162920774
0.27 7 817.9021583544773
0.27 8 821.0297441645365
0.27 9 823.9309767672279
0.27 10 827.4659773297567
0.27 11 827.4609030543046
0.27 12 832.901147575965
0.27 13 838.3317072483984
0.27 14 838.3340166756365
0.27 15 843.7588337737685
0.27 16 844.153420118
0.27 17 849.18570976266
0.27 18 849.1882329554714
0.27 19 854.6128064976472
0.27 20 854.6139148315144
0.27 21 860.0470514493788
0.27 22 862.578369457796
0.27 23 865.4837331972361
0.27 24 865.4826498687504
0.27 25 870.9247165609238
0.27 26 876.3707881127974
0.27 27 876.370731105199
0.27 28 881.8213526642767
0.27 29 881.8215174608902
0.27 30 887.2763347583845
0.27 31 887.276328186852
0.27 32 892.734899865503
0.27 33 892.7342873655903
0.27 34 898.2938406256628
0.27 35 898.1953299836204
0.27 36 903.6578997633644
0.27 37 909.1213389785746
0.27 38 909.1214386666176
0.27 39 914.585079682644
0.27 40 914.5853118585433
0.27 41 920.0486273329556
0.27 42 920.0487079602057
0.27 43 925.5112279347463
0.27 44 925.51136208008
0.27 45 930.9731793117461
0.27 46 930.9732076640128
0.27 47 936.4340846372802
0.27 48 936.4339831488153
0.27 49 941.89414010059
0.27 50 947.353244799338
0.27 51 947.3532895304347
0.27 52 952.8118467794837
0.27 53 952.8118803104826
0.27 54 958.2701150672493
0.27 55 958.2701481504604
0.27 56 963.7281382236013
0.27 57 963.7281850189682
0.27 58 969.1862213558841
0.27 59 969.186252205937
0.27 60 974.6445175970546
0.27 61 974.6444718400439
0.27 62 980.1030882997644
0.27 63 974.6445204289339
0.27 64 985.5621432252332
0.27 65 985.5620821412889
0.27 66 991.02155041978
0.27 67 991.0215734335029
0.27 68 996.4815976936862
0.27 69 1001.9421753196602
0.27 70 1001.9420871152838
0.27 71 1001.9421164323934
0.27 72 1007.4031785856444
0.27 73 1012.8648295473224
0.27 74 1012.8648574153602
0.27 75 1018.3270201157951
0.27 76 1018.3270006788764
0.27 77 1023.7897216638489
0.27 78 1023.789711992684
0.27 79 1029.2530043914571
0.27 80 1023.789712804322
0.27 81 1034.7168732970902
0.27 82 1029.2530051671722
0.27 83 1040.181346681052
0.27 84 1051.1124350507203
0.27 85 1045.6464960654232
0.27 86 1045.6465415533653
0.27 87 1051.1124476197251
0.27 88 1056.5791741409582
0.27 89 1056.5791793920368
0.27 90 1056.579171489843
0.27 91 1062.0468265692289
0.27 92 1065.376366056
0.27 93 1067.5154788485888
0.27 94 1072.985227502415
0.27 95 1072.985228625902
0.27 96 1078.4561898626505
0.27 97 1078.4561835057973
0.27 98 1078.4561797401013
0.27 99 1083.3831836640318
0.28 0 795.837786493879
0.28 1 816.5457864872942
0.28 2 803.5745435082099
0.28 3 805.723835528
0.28 4 808.4667624928351
0.28 5 810.2840764043664
0.28 6 815.1646672366495
0.28 7 816.5474381465115
0.28 8 821.0282240969937
0.28 9 822.0155165676238
0.28 10 827.4633021516638
0.28 11 827.4646391097644
0.28 12 832.9027365376743
0.28 13 838.3324497782106
0.28 14 838.3310512172214
0.28 15 841.28765525
0.28 16 844.153420118
0.28 17 849.1872435564196
0.28 18 849.1870392103348
0.28 19 854.4203387848183
0.28 20 854.5874491137594
0.28 21 860.0465575267075
0.28 22 860.0475616315038
0.28 23 865.4838561985198
0.28 24 865.4839328698752
0.28 25 870.924103093828
0.28 26 876.3714381696673
0.28 27 876.3713281955247
0.28 28 881.8216630904566
0.28 29 881.8218712250659
0.28 30 887.2768987265314
0.28 31 887.2774122601357
0.28 32 892.7349785876098
0.28 33 892.7349007047897
0.28 34 898.2940724044105
0.28 35 898.1956933503317
0.28 36 903.6585107976531
0.28 37 909.1217188951161
0.28 38 909.1219745595273
0.28 39 914.5856571165731
0.28 40 914.5857984774552
0.28 41 920.0487934355161
0.28 42 920.0491444477325
0.28 43 925.5117079288335
0.28 44 925.5118069904905
0.28 45 930.9737497986804
0.28 46 930.9738266776965
0.28 47 936.4345322613822
0.28 48 936.4345260631529
0.28 49 941.8945215724726
0.28 50 947.3537634669428
0.28 51 947.3536928557171
0.28 52 952.8123464603618
0.28 53 952.8121771582108
0.28 54 958.2704629187232
0.28 55 958.2705518516992
0.28 56 963.7285022088041
0.28 57 963.7285352603512
0.28 58 969.1866299401369
0.28 59 969.1866100284379
0.28 60 974.6448570456267
0.28 61 974.6448963673514
0.28 62 980.1034506712059
0.28 63 980.1034391485517
0.28 64 985.5624299649784
0.28 65 985.5624474062924
0.28 66 991.0218893298829
0.28 67 991.0219348029697
0.28 68 996.4819114225714
0.28 69 1001.9424957630099
0.28 70 1001.9424741841841
0.28 71 1001.9424417167036
0.28 72 1007.403557536314
0.28 73 1012.8651048697601
0.28 74 1012.8651548757161
0.28 75 1018.3273055334904
0.28 76 1018.3273104330835
0.28 77 1023.7900384141145
0.28 78 1023.7900171342773
0.28 79 1029.253282397773
0.28 80 1051.1127158990714
0.28 81 1034.717145319546
0.28 82 1029.2532977045435
0.28 83 1040.1816125314124
0.28 84 1051.1126963444556
0.28 85 1045.64680804091
0.28 86 1045.6468115410435
0.28 87 1051.1126955949737
0.28 88 1056.5794281029873
0.28 89 1056.579429377333
0.28 90 1056.5794070994325
0.28 91 1062.0470664486186
0.28 92 1065.376366056
0.28 93 1067.5157192980357
0.28 94 1072.9854379890087
0.28 95 1072.9854472989223
0.28 96 1078.4564052749115
0.28 97 1078.4563972691246
0.28 98 1078.4563992605622
0.28 99 1083.383224797471
0.29 0 795.8364149167097
0.29 1 822.0191767506494
0.29 2 803.5745886838461
0.29 3 805.7235793673053
0.29 4 808.4742213456603
0.29 5 810.2725088353105
0.29 6 815.1629785809641
0.29 7 816.547515378704
0.29 8 821.0298083116706
0.29 9 822.0214529734002
0.29 10 826.5307957942122
0.29 11 830.0154818625049
0.29 12 832.9021017806368
0.29 13 838.3333763055089
0.29 14 838.3333292438964
0.29 15 841.2881246074235
0.29 16 844.153420118
0.29 17 849.1876988852623
0.29 18 849.1867589750591
0.29 19 854.4196913389092
0.29 20 854.6147491105917
0.29 21 860.0482266222649
0.29 22 860.0481844450296
0.29 23 865.4844984770987
0.29 24 865.4837383083778
0.29 25 870.9248198003958
0.29 26 876.3715209863138
0.29 27 876.3718525112026
0.29 28 881.822146476727
0.29 29 881.8226581696491
0.29 30 887.277269791238
0.29 31 887.2773573951191
0.29 32 892.7354023720401
0.29 33 892.7360154707022
0.29 34 898.294477749339
0.29 35 898.1964123359934
0.29 36 903.6586196200939
0.29 37 909.1219553522158
0.29 38 909.1223406025149
0.29 39 914.5861172711766
0.29 40 914.5862303391576
0.29 41 920.0491204865722
0.29 42 920.0496185776814
0.29 43 925.5122512620111
0.29 44 925.5122338259954
0.29 45 930.9742771774942
0.29 46 930.9741213897962
0.29 47 936.4350431466859
0.29 48 936.4349541764433
0.29 49 941.8949017438339
0.29 50 947.3541021212992
0.29 51 947.3541627753805
0.29 52 952.812688152259
0.29 53 952.8127555824345
0.29 54 958.2707791692233
0.29 55 958.2709279621454
0.29 56 963.7289117224025
0.29 57 963.7288713453044
0.29 58 969.1869942850659
0.29 59 969.1869952424422
0.29 60 974.6453368012013
0.29 61 974.6452771671609
0.29 62 980.103849254207
0.29 63 974.64527252118
0.29 64 985.5627708349481
0.29 65 985.5628058233997
0.29 66 991.022242111103
0.29 67 991.0222533065128
0.29 68 996.4822433909561
0.29 69 1001.9427941981024
0.29 70 1001.9428138755525
0.29 71 1001.9427910226538
0.29 72 1007.403842267507
0.29 73 1012.8654560422987
0.29 74 1012.8654627745574
0.29 75 1018.3276154896084
0.29 76 1018.3276325126573
0.29 77 1023.7903101039954
0.29 78 1023.7903301956118
0.29 79 1029.2535844880217
0.29 80 1034.717428831063
0.29 81 1034.7174119048857
0.29 82 1029.25358782153
0.29 83 1040.1818945285956
0.29 84 1051.11295872113
0.29 85 1045.6470622347822
0.29 86 1045.6470583250673
0.29 87 1051.112947018107
0.29 88 1056.5796874430364
0.29 89 1056.5796847798251
0.29 90 1056.579669127766
0.29 91 1062.0472966981526
0.29 92 1065.376366056
0.29 93 1067.5159336836577
0.29 94 1072.985673297772
0.29 95 1072.9856751752252
0.29 96 1078.4566179016251
0.29 97 1078.4566018212802
0.29 98 1078.4565762943905
0.29 99 1083.383265949105
0.3 0 795.837336843619
0.3 1 816.5518957588661
0.3 2 803.5746338543032
0.3 3 805.723835528
0.3 4 808.4752668916594
0.3 5 810.2780349733572
0.3 6 815.1646832204609
0.3 7 816.5568137480669
0.3 8 821.031039455389
0.3 9 822.0247332167121
0.3 10 827.4766229123393
0.3 11 830.0251641009055
0.3 12 832.905265501715
0.3 13 838.3341878808458
0.3 14 838.3353739760989
0.3 15 843.7569251898816
0.3 16 844.1525148796874
0.3 17 849.1889053661645
0.3 18 849.1879515004516
0.3 19 854.6161376976062
0.3 20 854.5879958440495
0.3 21 860.0488238450919
0.3 22 860.0489327572601
0.3 23 865.4851318105291
0.3 24 865.4855983645313
0.3 25 870.9264592404286
0.3 26 876.371892662846
0.3 27 876.3728398550869
0.3 28 881.8229106472038
0.3 29 881.8231729784787
0.3 30 887.2784539225022
0.3 31 887.2778835842793
0.3 32 892.7361164238426
0.3 33 892.7360076039971
0.3 34 898.294806088181
0.3 35 898.1967028013476
0.3 36 903.659404870189
0.3 37 909.1232044343706
0.3 38 909.1226793440297
0.3 39 914.5866563974836
0.3 40 914.5866063574032
0.3 41 920.0500659937413
0.3 42 920.049930290267
0.3 43 925.512868540583
0.3 44 925.5126493511268
0.3 45 930.9746214150957
0.3 46 930.9746112981004
0.3 47 936.4353882216701
0.3 48 936.4354123022604
0.3 49 941.8952232888411
0.3 50 947.3545382227194
0.3 51 947.35454899017
0.3 52 952.8130943131721
0.3 53 952.8130678578897
0.3 54 958.2713754904571
0.3 55 958.2713478547696
0.3 56 963.7293922091551
0.3 57 963.7293619213476
0.3 58 969.1873522807878
0.3 59 969.1873772219403
0.3 60 974.6456479171643
0.3 61 974.6456362185301
0.3 62 980.1041774455201
0.3 63 985.5631619202316
0.3 64 985.5631286317383
0.3 65 985.5631685375456
0.3 66 991.0226005529006
0.3 67 991.0225972769347
0.3 68 996.4825754877978
0.3 69 1001.9431204503204
0.3 70 1001.9430842577252
0.3 71 1001.9431115364391
0.3 72 1007.4041898182372
0.3 73 1012.8657974489797
0.3 74 1012.8657853746029
0.3 75 1018.3279269979076
0.3 76 1018.3279088274564
0.3 77 1023.7906301039731
0.3 78 1023.7906154327003
0.3 79 1029.2538669347575
0.3 80 1034.7177179565567
0.3 81 1034.7177109292545
0.3 82 1029.25386895111
0.3 83 1040.1821777439459
0.3 84 1045.6473394592572
0.3 85 1045.6473093993638
0.3 86 1045.6473316578656
0.3 87 1051.1132026534947
0.3 88 1056.5799223512806
0.3 89 1056.5799151813778
0.3 90 1056.5799430385707
0.3 91 1061.733835768
0.3 92 1065.376366056
0.3 93 1067.516179519493
0.3 94 1072.9858952215413
0.3 95 1072.985893964531
0.3 96 1078.456835576332
0.3 97 1078.4568324347485
0.3 98 1078.4568261841935
0.3 99 1083.3833071075546
0.31 0 795.8368440472453
0.31 1 816.5582714774943
0.31 2 803.5746790154374
0.31 3 805.723835528
0.31 4 808.4747394033061
0.31 5 810.2722677210595
0.31 6 815.1627228135806
0.31 7 816.5499187213618
0.31 8 821.0310136083789
0.31 9 823.9317323750922
0.31 10 826.5298295947324
0.31 11 830.0252746063907
0.31 12 832.9023109388463
0.31 13 838.3357529920451
0.31 14 838.3364181878269
0.31 15 841.2780707354361
0.31 16 844.153420118
0.31 17 849.1883392148949
0.31 18 849.1893002606283
0.31 19 854.4196416626032
0.31 20 854.6170889016506
0.31 21 860.0490120572521
0.31 22 860.0488872720623
0.31 23 865.4857740635803
0.31 24 865.48562265768
0.31 25 870.9264004399289
0.31 26 876.3729748025409
0.31 27 876.3730684612688
0.31 28 881.8231126973333
0.31 29 881.8233312054365
0.31 30 887.278319247018
0.31 31 887.2785170175752
0.31 32 892.7365198784254
0.31 33 892.7366798667165
0.31 34 898.2949711577542
0.31 35 898.1973841987725
0.31 36 903.6596858774362
0.31 37 909.123216579941
0.31 38 909.1233462265345
0.31 39 914.5871418077925
0.31 40 914.5871008940962
0.31 41 920.0505115490033
0.31 42 920.0502784890158
0.31 43 925.5131299747544
0.31 44 925.5130740894595
0.31 45 930.975017639268
0.31 46 930.9751430942298
0.31 47 936.4357958534375
0.31 48 936.4358062872095
0.31 49 941.8958941125467
0.31 50 947.3549105707248
0.31 51 947.3550488551435
0.31 52 952.813560611413
0.31 53 952.8134909067621
0.31 54 958.2718039240277
0.31 55 958.2718072158017
0.31 56 963.7297011524134
0.31 57 963.7297417319928
0.31 58 969.1877758306205
0.31 59 969.1877582659757
0.31 60 974.6460397573696
0.31 61 974.6459983681603
0.31 62 980.1046084203889
0.31 63 985.5634856695277
0.31 64 985.5635346333073
0.31 65 985.5635494677247
0.31 66 991.022959648042
0.31 67 991.0229728114743
0.31 68 996.4829506251639
0.31 69 1001.9434655459454
0.31 70 1001.9434536232405
0.31 71 1001.9434685208818
0.31 72 1007.4045048196677
0.31 73 1012.8661005591363
0.31 74 1012.8661088261739
0.31 75 1018.3282305172139
0.31 76 1018.3282445607914
0.31 77 1023.7909146052433
0.31 78 1023.7909194736368
0.31 79 1029.254153928996
0.31 80 1051.1134566100802
0.31 81 1034.7179771867407
0.31 82 1029.2541697270249
0.31 83 1040.1824981467466
0.31 84 1045.6476055622372
0.31 85 1045.647604092151
0.31 86 1045.6475931208267
0.31 87 1051.1134661112421
0.31 88 1056.5801827991022
0.31 89 1056.5801724224998
0.31 90 1062.047781090586
0.31 91 1062.0477755348
0.31 92 1065.376366056
0.31 93 1067.5164003533382
0.31 94 1072.9861107720644
0.31 95 1072.9861115625445
0.31 96 1078.4570525127792
0.31 97 1078.4570473137949
0.31 98 1078.457040910276
0.31 99 1083.3833482956443
0.32 0 795.8377661509962
0.32 1 816.5528112176926
0.32 2 803.5747241619367
0.32 3 805.723835528
0.32 4 808.4701405211118
0.32 5 810.2761029880644
0.32 6 815.1594763230522
0.32 7 817.900276222703
0.32 8 821.0309226894174
0.32 9 822.0190960430106
0.32 10 827.4679332274519
0.32 11 827.4700656751511
0.32 12 832.9046486968249
0.32 13 838.336218791116
0.32 14 838.3353145066618
0.32 15 843.7616747228428
0.32 16 844.153420118
0.32 17 849.1882733717805
0.32 18 849.1898936653913
0.32 19 854.6182832020774
0.32 20 854.6167293005116
0.32 21 860.0501572600766
0.32 22 860.0504713469293
0.32 23 865.4866663622156
0.32 24 865.4861318485417
0.32 25 870.9277813476972
0.32 26 876.3731335756432
0.32 27 876.3738792857736
0.32 28 881.8241451447465
0.32 29 860.0493267817923
0.32 30 887.2794507865138
0.32 31 887.279295183871
0.32 32 892.737208662999
0.32 33 892.7370739477739
0.32 34 898.2953256064129
0.32 35 898.1980769208394
0.32 36 903.6602375160309
0.32 37 909.1236884159415
0.32 38 909.1238510761615
0.32 39 914.5877138979831
0.32 40 914.587508694941
0.32 41 920.0510222610415
0.32 42 920.0509529525474
0.32 43 925.5136552698677
0.32 44 925.5136056773572
0.32 45 930.9755298258561
0.32 46 930.9756144609681
0.32 47 936.4363482217911
0.32 48 936.4362284672823
0.32 49 941.8962734280076
0.32 50 947.3554333720787
0.32 51 947.3554239855428
0.32 52 952.8138853622739
0.32 53 952.8139296560918
0.32 54 958.2721861921331
0.32 55 958.2721906794176
0.32 56 963.7301699198993
0.32 57 963.730160617713
0.32 58 969.1882054272592
0.32 59 969.1881825562184
0.32 60 974.646449996284
0.32 61 974.6464020932465
0.32 62 980.1048997980023
0.32 63 980.1050004412494
0.32 64 985.5638709402652
0.32 65 985.5639175138818
0.32 66 991.02333802896
0.32 67 991.0233280295538
0.32 68 996.4832646330611
0.32 69 1001.9437903826213
0.32 70 1001.9437861563549
0.32 71 1001.9437687674504
0.32 72 1007.4048060818058
0.32 73 1012.8664333351635
0.32 74 1012.8664084658405
0.32 75 1018.3285567689366
0.32 76 1018.3285695037607
0.32 77 1023.7912095358153
0.32 78 1023.7912183986069
0.32 79 1029.2544544386424
0.32 80 1051.1136991300357
0.32 81 1034.7182766448573
0.32 82 1029.2544511429237
0.32 83 1040.1827558424336
0.32 84 1045.6478404160264
0.32 85 1045.647857814566
0.32 86 1045.6478530878396
0.32 87 1051.113730902526
0.32 88 1056.5804222184115
0.32 89 1056.580412729639
0.32 90 1056.5804228472584
0.32 91 1062.0480187692083
0.32 92 1065.376366056
0.32 93 1067.5166318173563
0.32 94 1072.986330222462
0.32 95 1072.9863356330416
0.32 96 1078.4572664755347
0.32 97 1078.4572565994586
0.32 98 1078.4572571259598
0.32 99 1083.3833894885995
0.33 0 795.8377998700805
0.33 1 816.5607543890706
0.33 2 803.574769298338
0.33 3 805.723835528
0.33 4 808.4719532561443
0.33 5 811.0471687569021
0.33 6 815.1621179320578
0.33 7 817.9011833247633
0.33 8 821.0266210960043
0.33 9 822.0265480828305
0.33 10 826.5331778182921
0.33 11 827.4712359838102
0.33 12 832.9062886536099
0.33 13 838.3368351641225
0.33 14 838.338005029239
0.33 15 843.7639192203275
0.33 16 844.153420118
0.33 17 849.1905675355192
0.33 18 849.1927359569727
0.33 19 854.6171960696098
0.33 20 854.6180704613719
0.33 21 860.0499359220204
0.33 22 860.0501186822751
0.33 23 865.4865164714276
0.33 24 865.4865037591011
0.33 25 870.9290275290268
0.33 26 876.374454026626
0.33 27 876.3747401012369
0.33 28 881.8246204702891
0.33 29 849.1899181195006
0.33 30 887.2796588131096
0.33 31 887.2788887962676
0.33 32 892.737298217114
0.33 33 892.7376440825703
0.33 34 898.2953362560986
0.33 35 898.1985283194218
0.33 36 903.6607854899061
0.33 37 909.1241727142527
0.33 38 909.1240766164993
0.33 39 914.5882057325765
0.33 40 914.5878504596512
0.33 41 920.0513787053119
0.33 42 920.0513160556097
0.33 43 925.5140510906248
0.33 44 898.1986483648792
0.33 45 930.9760457124852
0.33 46 930.9761370364656
0.33 47 936.4367824197927
0.33 48 936.4367960667215
0.33 49 941.8966999960453
0.33 50 947.3557150118231
0.33 51 947.3559149457623
0.33 52 952.8143821367664
0.33 53 952.814297743947
0.33 54 958.2724778641755
0.33 55 958.2726187413233
0.33 56 963.7305374951502
0.33 57 963.7305723769846
0.33 58 969.1885673337657
0.33 59 969.188590794821
0.33 60 974.6467850927677
0.33 61 974.6468137858944
0.33 62 980.1052853470319
0.33 63 980.1053474266726
0.33 64 985.5642530302897
0.33 65 985.5642339369234
0.33 66 991.0237081818057
0.33 67 991.0237014375972
0.33 68 996.4836429965708
0.33 69 1001.9441180710212
0.33 70 1001.9440872136206
0.33 71 1001.9440929212519
0.33 72 1007.4051334531011
0.33 73 1012.8667356488387
0.33 74 1012.8667448215656
0.33 75 1018.3288638946027
0.33 76 1018.3288412857427
0.33 77 1023.7915333102814
0.33 78 1023.7915089771926
0.33 79 1029.2547294223186
0.33 80 1023.7915106898204
0.33 81 1034.7185549961373
0.33 82 1029.2547652158548
0.33 83 1040.183000053351
0.33 84 1040.182985688661
0.33 85 1045.6481238802198
0.33 86 1045.6481031532892
0.33 87 1051.1139743975398
0.33 88 1056.5806687073878
0.33 89 1056.5806634269366
0.33 90 1056.5806651636092
0.33 91 1062.0482491582197
0.33 92 1065.376366056
0.33 93 1067.5168580533802
0.33 94 1072.986555955728
0.33 95 1072.986550942574
0.33 96 1078.457470164778
0.33 97 1078.4574668957666
0.33 98 1078.4574677062421
0.33 99 1083.3834307017114
0.34 0 795.8378005611586
0.34 1 811.0617877412942
0.34 2 803.5748144302637
0.34 3 805.723835528
0.34 4 808.4733324298916
0.34 5 810.2723229157908
0.34 6 815.162920774
0.34 7 816.5554740158344
0.34 8 821.030720451292
0.34 9 823.9293444264264
0.34 10 827.4696000933208
0.34 11 830.0219883435059
0.34 12 832.9079513126699
0.34 13 838.3372241681699
0.34 14 838.337253317738
0.34 15 843.7646310568063
0.34 16 844.153420118
0.34 17 849.1925408028263
0.34 18 849.1926705099027
0.34 19 854.419612143418
0.34 20 854.5899848872135
0.34 21 860.0524367742628
0.34 22 860.0510912338414
0.34 23 865.4875253033108
0.34 24 865.487516757176
0.34 25 870.9286859876206
0.34 26 876.375014271753
0.34 27 876.3745922898203
0.34 28 881.8250971231946
0.34 29 881.8251336532023
0.34 30 887.2805188555981
0.34 31 887.280360147302
0.34 32 892.7382511618202
0.34 33 892.7379873746963
0.34 34 898.2956672738309
0.34 35 898.1989507957592
0.34 36 903.6613356454742
0.34 37 909.1248364521579
0.34 38 909.1247150760607
0.34 39 914.5887084276543
0.34 40 914.5886616020482
0.34 41 920.051711036603
0.34 42 920.0519868440638
0.34 43 925.5145068578494
0.34 44 920.0521077245836
0.34 45 930.9764529211571
0.34 46 930.9764640803884
0.34 47 936.4372459582753
0.34 48 936.4372744055181
0.34 49 941.897251485725
0.34 50 947.3562329025983
0.34 51 947.3562285382085
0.34 52 952.8148711597745
0.34 53 952.8148196404383
0.34 54 958.2729636587707
0.34 55 958.2729907051711
0.34 56 963.730909528577
0.34 57 963.7309284490298
0.34 58 969.188940428721
0.34 59 969.1889800388495
0.34 60 974.6471846877383
0.34 61 974.6471250236777
0.34 62 980.1056728985678
0.34 63 980.1056526803724
0.34 64 985.5646190033605
0.34 65 985.5646191826015
0.34 66 991.0241136932586
0.34 67 991.0239916666878
0.34 68 996.4839527400883
0.34 69 1001.9444534906837
0.34 70 1001.9444553344548
0.34 71 1001.9444537268533
0.34 72 1007.4054615025774
0.34 73 1012.867056763109
0.34 74 1012.8670426383134
0.34 75 1018.3291632190333
0.34 76 1018.329147644219
0.34 77 1023.7917701621591
0.34 78 1023.7918144743917
0.34 79 1029.2550329148858
0.34 80 1040.1832571218938
0.34 81 1034.718844498922
0.34 82 1029.2550246262822
0.34 83 1040.183260843739
0.34 84 1045.6483823792757
0.34 85 1045.648360126802
0.34 86 1045.6483792326553
0.34 87 1051.1142328788496
0.34 88 1056.5809214627247
0.34 89 1056.580904238949
0.34 90 1056.5809078171587
0.34 91 1062.0484816920496
0.34 92 1065.376366056
0.34 93 1067.517091605391
0.34 94 1072.9867707808353
0.34 95 1072.9867726342998
0.34 96 1078.4576895633966
0.34 97 1078.4576740201003
0.34 98 1078.4576848066542
0.34 99 1083.383471922333
0.35000000000000003 0 795.83747242
0.35000000000000003 1 816.5584059734564
0.35000000000000003 2 803.5748595485021
0.35000000000000003 3 805.7239101434318
0.35000000000000003 4 808.4719719910547
0.35000000000000003 5 810.2777621844949
0.35000000000000003 6 815.1622802835055
0.35000000000000003 7 816.5582278581393
0.35000000000000003 8 821.0296638149274
0.35000000000000003 9 822.0275579914186
0.35000000000000003 10 826.532832913564
0.35000000000000003 11 830.0175292688755
0.35000000000000003 12 832.9057519303957
0.35000000000000003 13 838.3388194971426
0.35000000000000003 14 838.3404741372532
0.35000000000000003 15 841.2853861426479
0.35000000000000003 16 844.153420118
0.35000000000000003 17 849.1914846983707
0.35000000000000003 18 849.1908968588727
0.35000000000000003 19 854.6188601323196
0.35000000000000003 20 854.6191965653975
0.35000000000000003 21 860.0512519741575
0.35000000000000003 22 860.0512249113506
0.35000000000000003 23 865.4884011777417
0.35000000000000003 24 865.48808232974
0.35000000000000003 25 870.928658191165
0.35000000000000003 26 876.3751532670576
0.35000000000000003 27 877.2435364630335
0.35000000000000003 28 881.8259559811556
0.35000000000000003 29 881.8255314771827
0.35000000000000003 30 887.2808581771575
0.35000000000000003 31 887.2805702856699
0.35000000000000003 32 892.7388503122626
0.35000000000000003 33 892.7385551051053
0.35000000000000003 34 898.2958666978788
0.35000000000000003 35 898.1994869298956
0.35000000000000003 36 903.6618951378085
0.35000000000000003 37 909.1253598690755
0.35000000000000003 38 909.1252718580074
0.35000000000000003 39 914.589315705386
0.35000000000000003 40 914.5892306636775
0.35000000000000003 41 920.0523618315391
0.35000000000000003 42 920.0523618062368
0.35000000000000003 43 925.5150411515446
0.35000000000000003 44 925.515076295945
0.35000000000000003 45 930.9768051375537
0.35000000000000003 46 930.9770740258773
0.35000000000000003 47 936.4376927479813
0.35000000000000003 48 936.4377483118242
0.35000000000000003 49 941.8975726106554
0.35000000000000003 50 947.3567552318317
0.35000000000000003 51 947.3566201499629
0.35000000000000003 52 952.8152015599982
0.35000000000000003 53 952.8152357795086
0.35000000000000003 54 958.2733820842643
0.35000000000000003 55 958.2733558582299
0.35000000000000003 56 963.7313092418038
0.35000000000000003 57 963.7312967681356
0.35000000000000003 58 969.1893581516118
0.35000000000000003 59 969.1893223120288
0.35000000000000003 60 974.647531430022
0.35000000000000003 61 974.6474974074223
0.35000000000000003 62 980.1060671892504
0.35000000000000003 63 980.1060589738071
0.35000000000000003 64 985.5649511177213
0.35000000000000003 65 985.5649889591419
0.35000000000000003 66 991.0243664251495
0.35000000000000003 67 991.0243112956722
0.35000000000000003 68 996.484260217884
0.35000000000000003 69 1001.9447599056497
0.35000000000000003 70 1001.9447657553086
0.35000000000000003 71 1001.9447686135773
0.35000000000000003 72 1007.4057949056406
0.35000000000000003 73 1012.8673771975639
0.35000000000000003 74 1012.8673506920916
0.35000000000000003 75 1018.329459357213
0.35000000000000003 76 1018.3294694377021
0.35000000000000003 77 1023.7921484393307
0.35000000000000003 78 1023.7920721477531
0.35000000000000003 79 1029.255306298132
0.35000000000000003 80 1030.870114334
0.35000000000000003 81 1034.7190985538284
0.35000000000000003 82 1029.2553203256348
0.35000000000000003 83 1040.1835322156462
0.35000000000000003 84 1045.6486413810696
0.35000000000000003 85 1045.6486667960492
0.35000000000000003 86 1045.648661171412
0.35000000000000003 87 1051.1144891795796
0.35000000000000003 88 1056.5811611995803
0.35000000000000003 89 1056.5811473427527
0.35000000000000003 90 1056.5811588563745
0.35000000000000003 91 1062.0487298353578
0.35000000000000003 92 1065.376366056
0.35000000000000003 93 1067.517312369306
0.35000000000000003 94 1072.987004296065
0.35000000000000003 95 1072.9870156823795
0.35000000000000003 96 1078.4578949388124
0.35000000000000003 97 1078.4579062512325
0.35000000000000003 98 1078.457896011329
0.35000000000000003 99 1083.3835131708977
0.36 0 795.83731471112
0.36 1 816.566965442213
0.36 2 803.5749046485213
0.36 3 805.7239364031367
0.36 4 808.4751827053893
0.36 5 810.2735081632956
0.36 6 815.1645399825596
0.36 7 816.5580106228247
0.36 8 821.0268854022938
0.36 9 822.027789325862
0.36 10 827.4733415843252
0.36 11 827.4690885745445
0.36 12 832.9085236991207
0.36 13 838.3402611203542
0.36 14 838.3376182060109
0.36 15 843.7649923186394
0.36 16 844.153420118
0.36 17 849.1934205129234
0.36 18 849.1918307329013
0.36 19 854.6191841902339
0.36 20 854.586982737576
0.36 21 860.0524025473073
0.36 22 862.5701373472909
0.36 23 865.4888063726811
0.36 24 865.4887530948105
0.36 25 870.9295429241599
0.36 26 876.3758572313246
0.36 27 877.2435384497849
0.36 28 881.8263375334145
0.36 29 881.8261562696845
0.36 30 887.2812624180048
0.36 31 887.2815056495415
0.36 32 892.739174296469
0.36 33 892.7394258085939
0.36 34 898.2962881670163
0.36 35 898.1998797740065
0.36 36 903.6624052663354
0.36 37 909.1258475866332
0.36 38 909.1256878253665
0.36 39 914.5898334864037
0.36 40 914.5895686282059
0.36 41 920.0529209144902
0.36 42 920.0528886883443
0.36 43 925.5155577049447
0.36 44 925.5155257955952
0.36 45 930.9773054572221
0.36 46 930.9773277780251
0.36 47 936.4381310219509
0.36 48 936.4382586107331
0.36 49 941.8979648630775
0.36 50 947.3571864980818
0.36 51 947.67046469
0.36 52 952.8155946524588
0.36 53 952.815637237682
0.36 54 958.2738372463555
0.36 55 958.2737640629236
0.36 56 963.7317184240715
0.36 57 963.7317644503054
0.36 58 969.1896703256215
0.36 59 969.1897200220482
0.36 60 974.6479405485401
0.36 61 974.6479099251313
0.36 62 980.1064073872417
0.36 63 969.1897290182363
0.36 64 985.5652832185715
0.36 65 985.5653300901084
0.36 66 991.0247356448558
0.36 67 991.024690328933
0.36 68 996.4846338414211
0.36 69 1001.9451162908009
0.36 70 1001.945099156362
0.36 71 1001.9450812538762
0.36 72 1007.4061187206428
0.36 73 1012.8677203400655
0.36 74 1012.8677137421248
0.36 75 1018.3297677447133
0.36 76 1018.3297602329949
0.36 77 1023.7924044998712
0.36 78 1023.7924135424349
0.36 79 1029.255600849093
0.36 80 1040.1837977508958
0.36 81 1034.7194040814707
0.36 82 1034.7193964859525
0.36 83 1040.1838158964088
0.36 84 1040.1838254827826
0.36 85 1045.6489067980167
0.36 86 1045.6488834915403
0.36 87 1051.1147252401993
0.36 88 1056.5813992666222
0.36 89 1056.5814154669456
0.36 90 1056.581412732359
0.36 91 1062.0489792635199
0.36 92 1065.376366056
0.36 93 1067.5175343626365
0.36 94 1072.98722018269
0.36 95 1072.987211023237
0.36 96 1078.458096365809
0.36 97 1078.4581024836205
0.36 98 1078.458109417214
0.36 99 1083.3835544261565
0.37 0 795.8369202109126
0.37 1 816.5537555139241
0.37 2 803.5749497455881
0.37 3 805.723835528
0.37 4 808.474763810904
0.37 5 810.2715488056903
0.37 6 815.1633141338992
0.37 7 816.5575699881234
0.37 8 821.0268775599021
0.37 9 822.0280749832045
0.37 10 827.4693086645069
0.37 11 830.0158436010452
0.37 12 832.9118110855925
0.37 13 838.3360689071509
0.37 14 838.3394687659348
0.37 15 843.765471992304
0.37 16 844.1524843726621
0.37 17 849.1922834770701
0.37 18 849.1914465665728
0.37 19 854.6210629161063
0.37 20 854.6213111150813
0.37 21 860.0536060469518
0.37 22 860.0531526181784
0.37 23 865.4889493577248
0.37 24 865.4888097663045
0.37 25 870.9302425871725
0.37 26 876.3760302983057
0.37 27 877.2435172456949
0.37 28 881.8266693564638
0.37 29 881.8270193828565
0.37 30 887.281909649437
0.37 31 887.2819005774194
0.37 32 892.7396822279188
0.37 33 892.7395223814432
0.37 34 898.2002401954359
0.37 35 898.200382048112
0.37 36 903.6630735043874
0.37 37 909.1262946552348
0.37 38 909.1263723384992
0.37 39 914.5901307618042
0.37 40 914.5901023332291
0.37 41 920.0533028784384
0.37 42 920.0533811359618
0.37 43 925.5159994588271
0.37 44 925.5161453157876
0.37 45 930.9779169645384
0.37 46 930.9777657267392
0.37 47 936.438552665369
0.37 48 936.4384766027358
0.37 49 941.8984326431105
0.37 50 947.3576282266895
0.37 51 947.3575114027248
0.37 52 952.8160739196231
0.37 53 952.8160507098903
0.37 54 958.2741631939846
0.37 55 958.2741903200457
0.37 56 963.7321360614912
0.37 57 963.7321315866342
0.37 58 969.190112154247
0.37 59 969.1900746410794
0.37 60 974.6483361377799
0.37 61 974.6482634861599
0.37 62 980.1067361461369
0.37 63 980.1067576664653
0.37 64 985.5656885525784
0.37 65 985.5656723304936
0.37 66 991.0250576164997
0.37 67 991.0250948834978
0.37 68 996.4849917994968
0.37 69 1001.945443833785
0.37 70 1001.9454246305246
0.37 71 1001.9454475723013
0.37 72 1007.4064450207338
0.37 73 1012.8679657007673
0.37 74 1012.8679790104115
0.37 75 1018.3300691617659
0.37 76 1018.3300564361913
0.37 77 1023.7927133892846
0.37 78 1029.255911530496
0.37 79 1029.2559062997254
0.37 80 1051.1150021336318
0.37 81 1034.7197293184802
0.37 82 1034.7196707300827
0.37 83 1040.184085635895
0.37 84 1045.6491602855551
0.37 85 1045.64916956586
0.37 86 1045.6491599660442
0.37 87 1051.1149930493418
0.37 88 1056.5816471992905
0.37 89 1056.5816534891792
0.37 90 1056.5816522057805
0.37 91 1062.0492058258087
0.37 92 1065.376366056
0.37 93 1067.517778571449
0.37 94 1072.9874507701902
0.37 95 1072.9874391027952
0.37 96 1078.4583181157614
0.37 97 1078.458318902231
0.37 98 1078.458325206804
0.37 99 1083.38359569664
0.38 0 795.8369180247832
0.38 1 816.5577212399011
0.38 2 803.5749948339737
0.38 3 805.7239370634786
0.38 4 808.4748986115017
0.38 5 810.27466483174
0.38 6 815.1644983067929
0.38 7 817.9016245304597
0.38 8 821.0312218961775
0.38 9 822.0280152844584
0.38 10 827.4750410459745
0.38 11 830.0234686657255
0.38 12 832.9100027796977
0.38 13 838.343159668168
0.38 14 838.3407665933883
0.38 15 843.7663302580775
0.38 16 844.153420118
0.38 17 849.1936755269221
0.38 18 849.1942866402188
0.38 19 854.6214714871358
0.38 20 854.6207968262249
0.38 21 860.0533369385698
0.38 22 860.0543128816955
0.38 23 865.4894832269772
0.38 24 865.4892561240738
0.38 25 870.9307516055891
0.38 26 876.3760634445158
0.38 27 876.3769272979599
0.38 28 881.8269175931105
0.38 29 881.8272438450196
0.38 30 887.2819956680904
0.38 31 887.2823063034806
0.38 32 892.7404402309024
0.38 33 892.7401138016625
0.38 34 898.2008221919866
0.38 35 898.2006894201411
0.38 36 903.6632722134036
0.38 37 909.1266273764998
0.38 38 909.12683321516
0.38 39 914.5906080584787
0.38 40 914.590487314537
0.38 41 920.0536969014419
0.38 42 920.0538177654197
0.38 43 925.5165049394661
0.38 44 925.5165786893252
0.38 45 930.9809702665676
0.38 46 930.9780677379887
0.38 47 936.439022972686
0.38 48 936.4388961940792
0.38 49 941.8989616253277
0.38 50 947.3579771101826
0.38 51 947.3579581250953
0.38 52 952.8164684685926
0.38 53 952.8165422092113
0.38 54 958.2746460200541
0.38 55 958.2746095159991
0.38 56 963.7325091339518
0.38 57 963.7325539395171
0.38 58 969.1904970232875
0.38 59 969.1904654206111
0.38 60 974.6486804695711
0.38 61 974.6486784555036
0.38 62 980.1071056279653
0.38 63 980.1071926581062
0.38 64 985.5660649174356
0.38 65 985.5660871457335
0.38 66 991.0253953212778
0.38 67 991.0254103336983
0.38 68 996.4853227908748
0.38 69 1001.9457580964578
0.38 70 1001.945769160683
0.38 71 1001.9457741446914
0.38 72 1007.4067509941385
0.38 73 1012.8683049972956
0.38 74 1012.8683062008836
0.38 75 1018.3303898496514
0.38 76 1018.3303679251628
0.38 77 1023.7930205832685
0.38 78 1023.792986335263
0.38 79 1029.2561974083155
0.38 80 1045.649444351514
0.38 81 1034.7199566608128
0.38 82 1034.719959206836
0.38 83 1040.1843659655376
0.38 84 1045.6494212625003
0.38 85 1045.649441198426
0.38 86 1045.649452484656
0.38 87 1051.1152402008925
0.38 88 1056.5818983934946
0.38 89 1056.5819117792107
0.38 90 1056.581891925234
0.38 91 1062.04945430699
0.38 92 1065.376366056
0.38 93 1067.5180021004446
0.38 94 1072.9876565309355
0.38 95 1072.9876575273856
0.38 96 1078.4585298858917
0.38 97 1078.4585391791811
0.38 98 1078.4585467428003
0.38 99 1083.3836369826638
0.39 0 795.8367831363554
0.39 1 816.5638465452215
0.39 2 803.5750399008294
0.39 3 805.7236332191598
0.39 4 808.475188009827
0.39 5 810.2745868531684
0.39 6 815.1620661723144
0.39 7 816.5667885723255
0.39 8 821.0333132842186
0.39 9 822.0324268806206
0.39 10 827.4747882976169
0.39 11 830.0247197470388
0.39 12 832.9126587331198
0.39 13 838.3394491561224
0.39 14 838.3435081425077
0.39 15 843.7673774488101
0.39 16 844.1534055606445
0.39 17 849.1941649785743
0.39 18 849.195002511876
0.39 19 854.42047406367
0.39 20 854.5918460105464
0.39 21 860.0544605207464
0.39 22 860.0545491280395
0.39 23 865.489171345876
0.39 24 865.4901339775458
0.39 25 870.9321231263555
0.39 26 876.377355294492
0.39 27 877.2435176702885
0.39 28 881.827719457355
0.39 29 881.8278734848701
0.39 30 887.2835823903456
0.39 31 887.2830012152808
0.39 32 892.7407827278876
0.39 33 892.7409463803771
0.39 34 898.2012507672296
0.39 35 898.2013674334951
0.39 36 902.8965719496912
0.39 37 909.1274103449647
0.39 38 909.1274127849617
0.39 39 914.5911263231058
0.39 40 914.5910757794243
0.39 41 920.0544853030665
0.39 42 920.0543710478096
0.39 43 925.516967971677
0.39 44 925.5168372747166
0.39 45 930.9788528164361
0.39 46 930.9788663794922
0.39 47 936.439412478874
0.39 48 936.4394939885842
0.39 49 941.8993000647223
0.39 50 947.3583960000077
0.39 51 860.0542521208693
0.39 52 952.8168591996113
0.39 53 952.8168912445291
0.39 54 958.27504131816
0.39 55 958.2750877339201
0.39 56 963.7330279574713
0.39 57 963.7329063407155
0.39 58 969.1909070585019
0.39 59 969.1909803753015
0.39 60 974.6491017382134
0.39 61 974.6490476242018
0.39 62 980.1075245503224
0.39 63 980.1075538400235
0.39 64 985.5663992257847
0.39 65 985.56645436929
0.39 66 991.0257547854469
0.39 67 991.0257672941835
0.39 68 996.4856611349412
0.39 69 1001.9461015441185
0.39 70 1001.9460927391266
0.39 71 1001.9460923557024
0.39 72 1007.4070722649285
0.39 73 1012.8686020892462
0.39 74 1012.8686119224787
0.39 75 1018.3306768672508
0.39 76 1018.3306711263007
0.39 77 1023.7933010820684
0.39 78 1023.7933240056307
0.39 79 1029.2564819717177
0.39 80 1034.7202460869114
0.39 81 1034.7202415961804
0.39 82 1034.7202399951354
0.39 83 1040.184612558948
0.39 84 1045.6497033437167
0.39 85 1045.6497020810189
0.39 86 1045.6496962723206
0.39 87 1051.1155141809893
0.39 88 1056.5821844092677
0.39 89 1056.5821641381806
0.39 90 1056.5821448140077
0.39 91 1062.0496797951603
0.39 92 1065.376366056
0.39 93 1067.518242750433
0.39 94 1072.987881649053
0.39 95 1072.9878779234853
0.39 96 1078.4587458114524
0.39 97 1078.4587542846702
0.39 98 1078.4587436906515
0.39 99 1083.3836782828862
0.4 0 795.8368338512263
0.4 1 783.2269817648917
0.4 2 803.5750849702861
0.4 3 805.723835528
0.4 4 808.4751017121772
0.4 5 811.0538794722526
0.4 6 815.1636193522401
0.4 7 816.560820217202
0.4 8 821.0297724771223
0.4 9 822.0314352490827
0.4 10 826.5332438383565
0.4 11 830.0158326093517
0.4 12 832.9116203366949
0.4 13 838.3420277164562
0.4 14 838.3405688673367
0.4 15 843.7683415490102
0.4 16 844.1538879833485
0.4 17 849.1956321850993
0.4 18 849.1962465545132
0.4 19 854.4198233104132
0.4 20 854.622122878147
0.4 21 860.0553596361719
0.4 22 860.0547796249593
0.4 23 865.4912709297763
0.4 24 865.4909229804618
0.4 25 870.9317971191631
0.4 26 876.3774517425347
0.4 27 876.3782008369826
0.4 28 881.828321156484
0.4 29 881.8281735532843
0.4 30 887.2832330951045
0.4 31 887.2833261946172
0.4 32 892.7410858432596
0.4 33 892.7411496081613
0.4 34 898.2019740209614
0.4 35 898.2019329125845
0.4 36 903.6645117235306
0.4 37 909.1280199740004
0.4 38 909.1271690347069
0.4 39 914.5914543400879
0.4 40 914.5916349423569
0.4 41 920.0547458656758
0.4 42 920.0548344678693
0.4 43 925.5172011027911
0.4 44 925.5175005291151
0.4 45 930.9792250384734
0.4 46 930.9791367238741
0.4 47 936.4399551789031
0.4 48 936.4399377945856
0.4 49 941.8997392984406
0.4 50 947.3588708400864
0.4 51 947.358824238891
0.4 52 952.8173023834851
0.4 53 952.8172713628765
0.4 54 958.2754567875021
0.4 55 958.2755094668945
0.4 56 963.7333491303534
0.4 57 963.733288112573
0.4 58 969.1912732004483
0.4 59 969.1912602788303
0.4 60 974.6494656771545
0.4 61 974.649411288924
0.4 62 980.1078766267125
0.4 63 980.1078911628036
0.4 64 985.5667724749251
0.4 65 985.5667658103206
0.4 66 991.0260725571443
0.4 67 991.0261143185483
0.4 68 996.4860496267459
0.4 69 1001.9464631332352
0.4 70 1001.946420255294
0.4 71 1001.946467451751
0.4 72 1007.4073968653938
0.4 73 1012.8689347233214
0.4 74 1012.8689336281989
0.4 75 1018.330976159401
0.4 76 1018.3309826624101
0.4 77 1023.7935862365389
0.4 78 1023.7935902815717
0.4 79 1029.2567484770364
0.4 80 1023.7935901163041
0.4 81 1034.720545064598
0.4 82 1034.720526482701
0.4 83 1040.1849027362175
0.4 84 1051.1157681649988
0.4 85 1045.649964010818
0.4 86 1045.6499620862141
0.4 87 1051.1157586575675
0.4 88 1056.582397280556
0.4 89 1056.582400590928
0.4 90 1056.5823916062625
0.4 91 1062.049916412089
0.4 92 1065.376366056
0.4 93 1067.5184637525365
0.4 94 1072.9881131633601
0.4 95 1072.9881048788857
0.4 96 1078.4589587094702
0.4 97 1078.4589564942098
0.4 98 1078.458976972754
0.4 99 1083.383719599284
0.41000000000000003 0 795.8377892670138
0.41000000000000003 1 811.0653361413176
0.41000000000000003 2 803.5751300183692
0.41000000000000003 3 805.723835528
0.41000000000000003 4 808.4746629398809
0.41000000000000003 5 810.2734062344064
0.41000000000000003 6 815.1621092225314
0.41000000000000003 7 817.8908937442388
0.41000000000000003 8 821.0276672111364
0.41000000000000003 9 822.0305041386302
0.41000000000000003 10 826.5306932254895
0.41000000000000003 11 827.4760300894965
0.41000000000000003 12 832.9123735249924
0.41000000000000003 13 838.34188973975
0.41000000000000003 14 838.3421794750974
0.41000000000000003 15 841.2845672851569
0.41000000000000003 16 844.153420118
0.41000000000000003 17 849.1948258090557
0.41000000000000003 18 849.1955755050668
0.41000000000000003 19 854.6227935405499
0.41000000000000003 20 854.6238666624779
0.41000000000000003 21 860.0541764755801
0.41000000000000003 22 860.0565834710435
0.41000000000000003 23 865.4918073252367
0.41000000000000003 24 865.4912504526048
0.41000000000000003 25 870.9326515115067
0.41000000000000003 26 876.3783348947813
0.41000000000000003 27 876.3788265062703
0.41000000000000003 28 881.82884522451
0.41000000000000003 29 881.828093913333
0.41000000000000003 30 887.2839242266283
0.41000000000000003 31 887.2838416458626
0.41000000000000003 32 892.7419601419002
0.41000000000000003 33 892.7415247428751
0.41000000000000003 34 898.2021844851433
0.41000000000000003 35 898.2024664328209
0.41000000000000003 36 903.6651183952895
0.41000000000000003 37 909.1281557307012
0.41000000000000003 38 909.1284087116137
0.41000000000000003 39 914.5919730928243
0.41000000000000003 40 914.5921234792229
0.41000000000000003 41 920.055051758892
0.41000000000000003 42 920.055228798844
0.41000000000000003 43 925.5179431691431
0.41000000000000003 44 925.5178524911228
0.41000000000000003 45 930.979755171996
0.41000000000000003 46 930.9795832119106
0.41000000000000003 47 936.4404004527757
0.41000000000000003 48 936.4403604535973
0.41000000000000003 49 941.900217427626
0.41000000000000003 50 947.3592128514609
0.41000000000000003 51 860.0549672252478
0.41000000000000003 52 952.8177611556223
0.41000000000000003 53 952.817708361061
0.41000000000000003 54 958.2758362968668
0.41000000000000003 55 958.2758656077087
0.41000000000000003 56 963.7337335969149
0.41000000000000003 57 963.7337040684885
0.41000000000000003 58 969.1916498597033
0.41000000000000003 59 969.1916428587208
0.41000000000000003 60 974.649881169652
0.41000000000000003 61 974.6498088446964
0.41000000000000003 62 980.108239039752
0.41000000000000003 63 920.0552211448671
0.41000000000000003 64 985.5671094279462
0.41000000000000003 65 985.5671587377664
0.41000000000000003 66 991.0264193016619
0.41000000000000003 67 991.0264477928783
0.41000000000000003 68 996.4863600199583
0.41000000000000003 69 1001.9467687727049
0.41000000000000003 70 1001.9467590392228
0.41000000000000003 71 1001.9467929550864
0.41000000000000003 72 1007.4076870588234
0.41000000000000003 73 1012.8692497691577
0.41000000000000003 74 1012.8692354060357
0.41000000000000003 75 1018.3312623085993
0.41000000000000003 76 1018.3313072313891
0.41000000000000003 77 1023.7939006665605
0.41000000000000003 78 1023.7938911972515
0.41000000000000003 79 1029.257054293623
0.41000000000000003 80 1018.3312869192192
0.41000000000000003 81 1034.7208096654683
0.41000000000000003 82 1034.720809899151
0.41000000000000003 83 1040.185182955202
0.41000000000000003 84 1051.116022532573
0.41000000000000003 85 1045.6502146615028
0.41000000000000003 86 1045.6502156341382
0.41000000000000003 87 1051.1160013164554
0.41000000000000003 88 1056.5826370035581
0.41000000000000003 89 1056.5826323664248
0.41000000000000003 90 1056.5826411989833
0.41000000000000003 91 1062.0501732089758
0.41000000000000003 92 1065.376366056
0.41000000000000003 93 1067.518699135536
0.41000000000000003 94 1072.9883334927822
0.41000000000000003 95 1072.9883282225
0.41000000000000003 96 1078.4591660555323
0.41000000000000003 97 1078.4591723863039
0.41000000000000003 98 1078.4591750201541
0.41000000000000003 99 1083.3837609332227
0.42 0 795.8367871512119
0.42 1 816.5634753874203
0.42 2 803.5751750633694
0.42 3 805.7239375935841
0.42 4 808.4747206447922
0.42 5 810.2734881718571
0.42 6 815.1666598772363
0.42 7 816.562021223305
0.42 8 821.0285563764812
0.42 9 822.0322718906187
0.42 10 826.5308916352968
0.42 11 827.4761761920587
0.42 12 832.9155798756846
0.42 13 838.3433577102501
0.42 14 838.3437782412626
0.42 15 843.770092196494
0.42 16 844.1535367878247
0.42 17 849.197093455038
0.42 18 849.1949959017953
0.42 19 854.4198548953135
0.42 20 854.6241568613519
0.42 21 860.0558020064908
0.42 22 860.0573005626347
0.42 23 864.2772857476765
0.42 24 865.4915825761256
0.42 25 870.9324418376052
0.42 26 876.3789169213977
0.42 27 877.2435458294033
0.42 28 881.8290383563096
0.42 29 881.8293923716487
0.42 30 887.2840782421449
0.42 31 887.2843641678708
0.42 32 892.7423657694115
0.42 33 892.7423565489216
0.42 34 898.2029987180592
0.42 35 898.2029544570746
0.42 36 902.8967649743071
0.42 37 909.1286768696684
0.42 38 909.1286175307953
0.42 39 914.5925411349334
0.42 40 914.5924447741743
0.42 41 920.0557047336912
0.42 42 920.0558406252466
0.42 43 925.5183266403968
0.42 44 925.5182955279637
0.42 45 930.9801853558722
0.42 46 930.9799350049625
0.42 47 936.4408490209868
0.42 48 936.440917111566
0.42 49 941.9007821455148
0.42 50 947.3597007628
0.42 51 947.3597275361924
0.42 52 952.8181497163217
0.42 53 952.8182077145881
0.42 54 958.2762504143465
0.42 55 958.2762423243618
0.42 56 963.7341353654059
0.42 57 963.734097576594
0.42 58 969.1920656820772
0.42 59 969.1920883075674
0.42 60 974.6501482492897
0.42 61 974.6502079292318
0.42 62 980.1086065396044
0.42 63 985.5674821165187
0.42 64 985.5675103258569
0.42 65 985.5674997280993
0.42 66 991.0267875365989
0.42 67 991.0268206506287
0.42 68 996.4866689213384
0.42 69 1001.9470929664462
0.42 70 1001.9470948788627
0.42 71 1001.9471221363096
0.42 72 1007.4080853007314
0.42 73 1012.8695610961408
0.42 74 1012.869575891962
0.42 75 1018.3316022027136
0.42 76 1018.3316023515902
0.42 77 1023.7941920631725
0.42 78 1023.794178621536
0.42 79 1029.2573331444664
0.42 80 1056.5828842480994
0.42 81 1034.7210884668607
0.42 82 1034.7210937664906
0.42 83 1040.1854440249551
0.42 84 1051.1162679767854
0.42 85 1045.65048094146
0.42 86 1045.6504843310934
0.42 87 1051.1162777862837
0.42 88 1056.582886254023
0.42 89 1056.582895265151
0.42 90 1056.5828923240085
0.42 91 1062.0504007033737
0.42 92 1065.376366056
0.42 93 1067.5189247848468
0.42 94 1072.9885418245171
0.42 95 1072.9885480633232
0.42 96 1078.4593862628833
0.42 97 1078.4593841519184
0.42 98 1078.4593955833386
0.42 99 1083.3838022816433
0.43 0 795.8364260426267
0.43 1 816.5633386564231
0.43 2 803.5752200907914
0.43 3 805.7239345418955
0.43 4 808.4747400233573
0.43 5 810.2723507822133
0.43 6 815.162920774
0.43 7 817.9021161557439
0.43 8 821.0310260746563
0.43 9 823.9238841011296
0.43 10 827.4760777224575
0.43 11 830.0218100393629
0.43 12 832.9156405877097
0.43 13 838.3426307412169
0.43 14 838.3436961129214
0.43 15 843.7721660240576
0.43 16 844.1531859703678
0.43 17 849.1961819635279
0.43 18 849.1976802774979
0.43 19 854.6246874150676
0.43 20 854.6248870342057
0.43 21 860.0565993559948
0.43 22 860.0564242029564
0.43 23 865.4933095575009
0.43 24 865.4927284793908
0.43 25 870.9335532379353
0.43 26 876.379470973619
0.43 27 877.2435182893873
0.43 28 881.8297606572203
0.43 29 881.8302289202182
0.43 30 887.2846060631057
0.43 31 887.2847811833028
0.43 32 892.7426006053038
0.43 33 892.7428561748118
0.43 34 898.2030954120527
0.43 35 898.2035227492136
0.43 36 903.6659739650119
0.43 37 909.1294257047756
0.43 38 909.1292862490183
0.43 39 914.5930148196625
0.43 40 914.5928468867195
0.43 41 920.0561637801645
0.43 42 920.0563422702603
0.43 43 925.5188568028104
0.43 44 925.5186225456401
0.43 45 930.9805515696332
0.43 46 930.9805931803819
0.43 47 936.4412241656703
0.43 48 936.441280705203
0.43 49 941.9012639577534
0.43 50 947.3602320118438
0.43 51 947.3600598324055
0.43 52 952.8185542580708
0.43 53 952.8185284061694
0.43 54 958.276632534506
0.43 55 958.2767035740874
0.43 56 963.73453105671
0.43 57 963.7345299267349
0.43 58 969.192453862155
0.43 59 969.1924930105336
0.43 60 974.6505681101254
0.43 61 974.6505852211237
0.43 62 980.1089981980807
0.43 63 980.1089709155775
0.43 64 985.5678247816617
0.43 65 985.5677911250013
0.43 66 991.0271710453013
0.43 67 991.027192142794
0.43 68 996.4870217119936
0.43 69 1001.9474265814379
0.43 70 1001.9474283658548
0.43 71 1001.9474410608995
0.43 72 1007.4083739153391
0.43 73 1012.8698795665439
0.43 74 1012.8698588363434
0.43 75 1018.3319010221219
0.43 76 1018.3318881485486
0.43 77 1023.7944911708767
0.43 78 1023.7944758825831
0.43 79 1029.2576417602165
0.43 80 1040.185730294445
0.43 81 1034.721364517863
0.43 82 1034.7213650968397
0.43 83 1040.185703561771
0.43 84 1043.0618043654026
0.43 85 1045.6507614777424
0.43 86 1045.6507571714378
0.43 87 1051.1165205480352
0.43 88 1056.5831339421768
0.43 89 1056.5831196748486
0.43 90 1056.5831329807522
0.43 91 1062.050645915127
0.43 92 1065.376366056
0.43 93 1067.5191599009195
0.43 94 1072.9887725141098
0.43 95 1072.9887708140814
0.43 96 1078.4595979534204
0.43 97 1078.459586758938
0.43 98 1078.4596007123496
0.43 99 1083.3838436455355
0.44 0 795.83747242
0.44 1 822.0290420302148
0.44 2 803.5752651135936
0.44 3 805.723822901819
0.44 4 808.4746203570229
0.44 5 810.2728864221094
0.44 6 815.162920774
0.44 7 817.900948153878
0.44 8 821.0311102721599
0.44 9 822.0362778594416
0.44 10 827.4784593116171
0.44 11 830.0140514027316
0.44 12 832.9171529506841
0.44 13 838.3467283879477
0.44 14 838.3434677722868
0.44 15 843.7719716900634
0.44 16 844.153420118
0.44 17 849.1981369162914
0.44 18 849.1977819921998
0.44 19 854.4213241261793
0.44 20 854.6270158413913
0.44 21 860.0573668415751
0.44 22 860.0573912733041
0.44 23 865.493320200377
0.44 24 865.4931080156912
0.44 25 870.9345225293567
0.44 26 876.3804695787163
0.44 27 876.3809647146046
0.44 28 881.8303274996179
0.44 29 881.8306183093611
0.44 30 887.2852923026634
0.44 31 887.2852546062641
0.44 32 892.7433105553322
0.44 33 892.7437098803015
0.44 34 898.203772249872
0.44 35 898.2039282231382
0.44 36 903.6665797637417
0.44 37 909.129700356916
0.44 38 909.1298549760188
0.44 39 914.5934646675909
0.44 40 914.5935462590473
0.44 41 920.0566955525107
0.44 42 920.0567059390021
0.44 43 925.5192341092446
0.44 44 925.5193986094653
0.44 45 930.9811969023502
0.44 46 930.9809252373148
0.44 47 936.4418025017991
0.44 48 936.4418011876265
0.44 49 941.9015149549649
0.44 50 947.3605643343234
0.44 51 947.3606068622089
0.44 52 952.8189409142448
0.44 53 952.8190054714934
0.44 54 958.2770211949239
0.44 55 958.2770738946126
0.44 56 963.7349575936394
0.44 57 963.7349361504884
0.44 58 969.1928652227739
0.44 59 969.1928186198908
0.44 60 974.6510089046886
0.44 61 974.6509850415442
0.44 62 980.1092811304102
0.44 63 974.6509633293418
0.44 64 985.5682051405645
0.44 65 985.5681981042075
0.44 66 991.0275078383681
0.44 67 991.0275392998392
0.44 68 996.4873606938313
0.44 69 1001.9477270528357
0.44 70 1001.9477932296934
0.44 71 1001.9477654861607
0.44 72 1007.4087028558575
0.44 73 1012.8701922697334
0.44 74 1012.8702003167764
0.44 75 1018.332206212766
0.44 76 1018.3322115948253
0.44 77 1023.7947929798656
0.44 78 1023.7947883290994
0.44 79 1029.2579278242308
0.44 80 1023.7947945194522
0.44 81 1034.7216411591232
0.44 82 1034.7216401630008
0.44 83 1040.1859993416708
0.44 84 1045.6510260868206
0.44 85 1045.6510178139818
0.44 86 1045.6510357716031
0.44 87 1051.1167703324302
0.44 88 1056.583381318624
0.44 89 1056.5833918980557
0.44 90 1056.5833735158728
0.44 91 1062.0508944366488
0.44 92 1065.376366056
0.44 93 1067.519384346336
0.44 94 1072.9889924562804
0.44 95 1072.9889896624366
0.44 96 1078.4598063988196
0.44 97 1078.4598093581794
0.44 98 1078.4598032707422
0.44 99 1083.3838850193463
0.45 0 795.8378002040716
0.45 1 816.5679842989612
0.45 2 803.5753101159648
0.45 3 805.723835528
0.45 4 808.4737329381448
0.45 5 810.2731716025785
0.45 6 815.1633389070946
0.45 7 816.5692468412733
0.45 8 821.0334653742715
0.45 9 822.0399260734309
0.45 10 827.4817886501048
0.45 11 830.0225103975863
0.45 12 832.9181606947054
0.45 13 838.3446611999684
0.45 14 838.3470344687797
0.45 15 843.7712608996757
0.45 16 844.153420118
0.45 17 849.1994683065087
0.45 18 849.1983532394466
0.45 19 854.6262286498905
0.45 20 854.6248597093886
0.45 21 860.0576361098334
0.45 22 860.0581945777512
0.45 23 865.4937259590625
0.45 24 865.4937328478263
0.45 25 870.9349582394276
0.45 26 876.3805848941477
0.45 27 877.2435834093286
0.45 28 881.8305544027309
0.45 29 881.830753855086
0.45 30 887.2861799308578
0.45 31 887.285697965533
0.45 32 892.744046971549
0.45 33 892.743805417273
0.45 34 898.2045424860505
0.45 35 898.204204389047
0.45 36 903.6668718463548
0.45 37 909.1301823908414
0.45 38 909.1302963690838
0.45 39 914.5940376509632
0.45 40 914.5939772422228
0.45 41 920.0571282730456
0.45 42 920.0571800206009
0.45 43 925.5196526470065
0.45 44 925.5197170256972
0.45 45 930.981588836286
0.45 46 930.9816122926147
0.45 47 936.4422353764857
0.45 48 936.4422750593909
0.45 49 941.9021243581363
0.45 50 947.3610491975649
0.45 51 860.0581356837306
0.45 52 952.8194546223245
0.45 53 952.8193729871264
0.45 54 958.2774168047614
0.45 55 958.277564569088
0.45 56 963.7353960572489
0.45 57 963.7353173306793
0.45 58 969.1932208201589
0.45 59 969.1931941869807
0.45 60 974.6513091098112
0.45 61 974.6513709981738
0.45 62 980.1096941347058
0.45 63 838.3444434817235
0.45 64 985.5686117590957
0.45 65 985.5685284592954
0.45 66 991.0278850594491
0.45 67 991.0278785639911
0.45 68 996.4876712003943
0.45 69 1001.9481053198995
0.45 70 1001.9480944921875
0.45 71 1001.9481059507576
0.45 72 1007.4090025392494
0.45 73 1012.870495989851
0.45 74 1012.870517276735
0.45 75 1018.3325300331234
0.45 76 1018.3325182072126
0.45 77 1023.7950836834551
0.45 78 1023.7950823811407
0.45 79 1029.25821538767
0.45 80 1001.9480946658729
0.45 81 1034.721927988939
0.45 82 1034.7219246628583
0.45 83 1040.186258240757
0.45 84 1045.6512823530134
0.45 85 1045.6512746069245
0.45 86 1045.6513029200498
0.45 87 1051.1170481065271
0.45 88 1056.5836318537301
0.45 89 1056.5836369085075
0.45 90 1056.5836425958626
0.45 91 1062.0511198659447
0.45 92 1065.376366056
0.45 93 1067.519636728544
0.45 94 1072.9892194246186
0.45 95 1072.9891980634031
0.45 96 1078.460011233379
0.45 97 1078.460014562842
0.45 98 1078.4599997268367
0.45 99 1083.383926412324
0.46 0 795.8374306140825
0.46 1 816.5681485558075
0.46 2 803.5753551200222
0.46 3 805.7236655322819
0.46 4 808.4747979387969
0.46 5 810.2730598718696
0.46 6 815.162920774
0.46 7 817.8995857699158
0.46 8 821.0283047462729
0.46 9 822.0397595450788
0.46 10 827.484165103729
0.46 11 830.0218581245991
0.46 12 832.9166043089638
0.46 13 838.346524329503
0.46 14 838.3470494658728
0.46 15 843.7734656167277
0.46 16 844.153420118
0.46 17 849.2002633769333
0.46 18 850.139764988
0.46 19 854.625849292713
0.46 20 854.6257147351346
0.46 21 860.0590599612499
0.46 22 860.0580388096091
0.46 23 865.4951155577261
0.46 24 865.4947098981124
0.46 25 870.9354058934197
0.46 26 876.3809118439112
0.46 27 877.2435421815335
0.46 28 881.8316699991051
0.46 29 881.8315565339364
0.46 30 887.2866795732358
0.46 31 887.2861823301328
0.46 32 892.744304479682
0.46 33 892.744463263242
0.46 34 898.2050109123386
0.46 35 898.2048325856576
0.46 36 903.6676680211089
0.46 37 909.1307686412651
0.46 38 909.1304380940293
0.46 39 914.5945634477168
0.46 40 914.5945445037595
0.46 41 920.0575902253381
0.46 42 920.0575397578352
0.46 43 925.5202684246301
0.46 44 925.5201681797826
0.46 45 930.981945778132
0.46 46 930.9820750197772
0.46 47 936.4426256658635
0.46 48 936.4427036922276
0.46 49 941.9024148737559
0.46 50 947.361469194542
0.46 51 947.3614182802885
0.46 52 952.8198403559551
0.46 53 952.8199077594917
0.46 54 958.2778756863557
0.46 55 958.2779031639319
0.46 56 963.7357228147278
0.46 57 963.7357762084223
0.46 58 969.1935629717748
0.46 59 969.1936125263941
0.46 60 974.6517035454856
0.46 61 974.6517448210374
0.46 62 980.1100742253373
0.46 63 980.1100653657422
0.46 64 985.5689485017448
0.46 65 985.5689086812465
0.46 66 991.0282083528739
0.46 67 991.0282592233314
0.46 68 996.4880552711764
0.46 69 1001.9484462980012
0.46 70 1001.9484376203147
0.46 71 1001.9484268592502
0.46 72 1007.4093877294196
0.46 73 1012.8708579558613
0.46 74 1012.8708195837903
0.46 75 1018.3328245056598
0.46 76 1018.3328150391687
0.46 77 1023.7954063484472
0.46 78 1023.7953925667771
0.46 79 1029.258495687851
0.46 80 1045.651555888584
0.46 81 1034.7221971259644
0.46 82 1034.722212302085
0.46 83 1040.1865349553614
0.46 84 1051.1173009227346
0.46 85 1045.65154973821
0.46 86 1045.6515384096103
0.46 87 1051.1172948061587
0.46 88 1056.583870410935
0.46 89 1056.5838735330885
0.46 90 1056.5838568654474
0.46 91 1062.0513505314334
0.46 92 1065.376366056
0.46 93 1067.5198499224541
0.46 94 1072.9894130148857
0.46 95 1072.9894268536036
0.46 96 1078.4602366963597
0.46 97 1078.460223194585
0.46 98 1078.4602517269338
0.46 99 1083.3839678229206
0.47000000000000003 0 795.8368503402733
0.47000000000000003 1 816.5676225426247
0.47000000000000003 2 803.5754001011388
0.47000000000000003 3 805.7236407276268
0.47000000000000003 4 808.4757371215093
0.47000000000000003 5 810.273358532817
0.47000000000000003 6 815.1630286673142
0.47000000000000003 7 816.5718974141107
0.47000000000000003 8 821.0313318380912
0.47000000000000003 9 822.02027783653
0.47000000000000003 10 826.5322632817276
0.47000000000000003 11 827.4819509103588
0.47000000000000003 12 832.9198818583243
0.47000000000000003 13 836.7882533867636
0.47000000000000003 14 838.3462540181878
0.47000000000000003 15 843.7730593501044
0.47000000000000003 16 844.153420118
0.47000000000000003 17 849.1986060817692
0.47000000000000003 18 849.1991897612677
0.47000000000000003 19 854.6276702228164
0.47000000000000003 20 854.627483700673
0.47000000000000003 21 860.0596502519728
0.47000000000000003 22 860.0595867753079
0.47000000000000003 23 865.4952851964292
0.47000000000000003 24 865.4947619784773
0.47000000000000003 25 870.936033094629
0.47000000000000003 26 876.381811247814
0.47000000000000003 27 876.3815154690532
0.47000000000000003 28 881.8322034673771
0.47000000000000003 29 881.8324323742203
0.47000000000000003 30 887.2867869122409
0.47000000000000003 31 887.2871734621314
0.47000000000000003 32 892.7449458812649
0.47000000000000003 33 892.7449875406597
0.47000000000000003 34 898.2055011387575
0.47000000000000003 35 898.2055124871702
0.47000000000000003 36 903.668120642391
0.47000000000000003 37 909.1311417865625
0.47000000000000003 38 909.1311890257494
0.47000000000000003 39 914.595005590173
0.47000000000000003 40 914.5950081845382
0.47000000000000003 41 920.0582067916366
0.47000000000000003 42 920.0584788929485
0.47000000000000003 43 925.5206457758095
0.47000000000000003 44 925.5206632406746
0.47000000000000003 45 930.9824463588473
0.47000000000000003 46 930.9826081696166
0.47000000000000003 47 936.4431470413942
0.47000000000000003 48 936.4430796381375
0.47000000000000003 49 941.9028721850807
0.47000000000000003 50 947.3618640709835
0.47000000000000003 51 947.3619541393579
0.47000000000000003 52 952.820248406494
0.47000000000000003 53 952.8203197155202
0.47000000000000003 54 958.2784017435348
0.47000000000000003 55 958.2783351232447
0.47000000000000003 56 963.7361067126684
0.47000000000000003 57 963.7361060958001
0.47000000000000003 58 969.1940228531137
0.47000000000000003 59 969.1940463746321
0.47000000000000003 60 974.6520893163416
0.47000000000000003 61 974.6520581974842
0.47000000000000003 62 980.1104570106888
0.47000000000000003 63 930.9824008223961
0.47000000000000003 64 985.5692690204052
0.47000000000000003 65 985.569286752013
0.47000000000000003 66 991.0285777472309
0.47000000000000003 67 991.0285719813867
0.47000000000000003 68 996.4883702854873
0.47000000000000003 69 1001.9487449070085
0.47000000000000003 70 1001.948755702396
0.47000000000000003 71 1001.9487434551521
0.47000000000000003 72 1007.4096868375498
0.47000000000000003 73 1012.8711241372536
0.47000000000000003 74 1012.8711396034703
0.47000000000000003 75 1018.3331491285397
0.47000000000000003 76 1018.3331349884908
0.47000000000000003 77 1023.795678381916
0.47000000000000003 78 1023.7956845492112
0.47000000000000003 79 1029.258796216303
0.47000000000000003 80 1072.989656629977
0.47000000000000003 81 1034.7225077971825
0.47000000000000003 82 1034.7225007356994
0.47000000000000003 83 1040.186792630392
0.47000000000000003 84 1045.65181889985
0.47000000000000003 85 1045.6518181008503
0.47000000000000003 86 1045.651829825326
0.47000000000000003 87 1051.1175677986905
0.47000000000000003 88 1056.584118059948
0.47000000000000003 89 1056.5841179304484
0.47000000000000003 90 1056.5841232291355
0.47000000000000003 91 1062.0515913313543
0.47000000000000003 92 1065.376366056
0.47000000000000003 93 1067.520061823642
0.47000000000000003 94 1072.9896423110195
0.47000000000000003 95 1072.9896524242904
0.47000000000000003 96 1078.460437751809
0.47000000000000003 97 1078.4604357061664
0.47000000000000003 98 1078.46044203032
0.47000000000000003 99 1083.3840092444862
0.48 0 795.8368933428192
0.48 1 816.5738669301985
0.48 2 803.5754450826515
0.48 3 805.7236267788847
0.48 4 808.4719350305329
0.48 5 810.2727950985151
0.48 6 815.1595465328744
0.48 7 816.5694168244028
0.48 8 821.030342556313
0.48 9 822.0390354679957
0.48 10 826.5429816472
0.48 11 830.0157320720061
0.48 12 832.9222061457458
0.48 13 838.3480397169903
0.48 14 838.3494594697885
0.48 15 843.7744725404222
0.48 16 844.153420118
0.48 17 849.2004113810092
0.48 18 849.2019946867529
0.48 19 854.6279212980262
0.48 20 854.6280206160487
0.48 21 860.0602583241807
0.48 22 860.0616207616408
0.48 23 865.4962513949857
0.48 24 865.496318788684
0.48 25 870.9361319595158
0.48 26 876.3823053752952
0.48 27 876.3824327430289
0.48 28 881.8329170471097
0.48 29 881.8324609912985
0.48 30 887.2877176746854
0.48 31 887.2876165317233
0.48 32 892.7456954672249
0.48 33 892.745634882713
0.48 34 898.2061236507604
0.48 35 898.205847817401
0.48 36 902.8962851902288
0.48 37 909.1318076960774
0.48 38 909.1319268620595
0.48 39 914.5954071174277
0.48 40 914.5955830806761
0.48 41 920.0587069204972
0.48 42 920.0590747118067
0.48 43 925.5212470829781
0.48 44 925.5210494079115
0.48 45 930.9829268836271
0.48 46 930.9829187944033
0.48 47 936.4436277400813
0.48 48 936.4434817707271
0.48 49 941.9033050544598
0.48 50 947.3622793742986
0.48 51 947.3622924982662
0.48 52 952.820688378906
0.48 53 952.8205970959294
0.48 54 958.2787038626291
0.48 55 958.2787451890506
0.48 56 963.7365225326251
0.48 57 963.7365220474547
0.48 58 969.1943995361037
0.48 59 969.1944049567644
0.48 60 974.6524361887871
0.48 61 974.6524497240171
0.48 62 980.1108027874515
0.48 63 980.1107780852045
0.48 64 985.5696767327839
0.48 65 985.5697026028207
0.48 66 991.0289368929675
0.48 67 991.0289257143041
0.48 68 996.488752701091
0.48 69 1001.9490969735722
0.48 70 1001.9490967254587
0.48 71 1001.9490812549851
0.48 72 1007.4100174918107
0.48 73 1012.8714427827863
0.48 74 1012.871452793019
0.48 75 1018.3334341291886
0.48 76 1018.3334131289672
0.48 77 1023.7959884501408
0.48 78 1029.259100892006
0.48 79 1029.2590887341244
0.48 80 1023.7959727899892
0.48 81 1034.7227860925088
0.48 82 1034.72277615098
0.48 83 1040.1870814155093
0.48 84 1045.6520863719636
0.48 85 1045.6520684479335
0.48 86 1045.6520714193653
0.48 87 1051.1178045450245
0.48 88 1056.58436991809
0.48 89 1056.5843766329356
0.48 90 1056.5843673323864
0.48 91 1062.0518505841587
0.48 92 1065.376366056
0.48 93 1067.5203079845005
0.48 94 1072.989871307455
0.48 95 1072.9898783216313
0.48 96 1078.4606533726708
0.48 97 1078.4606679839985
0.48 98 1078.4606565907627
0.48 99 1083.9276403119827
0.49 0 795.83747242
0.49 1 816.5711030758679
0.49 2 803.5754900460089
0.49 3 805.7235469834769
0.49 4 808.4729707148982
0.49 5 810.2775265801264
0.49 6 815.162920774
0.49 7 816.5728771854612
0.49 8 821.0295625252353
0.49 9 823.9302124466748
0.49 10 827.4840020110641
0.49 11 827.4827467455667
0.49 12 832.9211133903138
0.49 13 838.3475580326693
0.49 14 838.3494458960729
0.49 15 843.775279571537
0.49 16 844.153420118
0.49 17 849.2028121762135
0.49 18 849.2012062650531
0.49 19 854.4201714152362
0.49 20 854.6283697472913
0.49 21 860.060373241054
0.49 22 860.0593092696167
0.49 23 865.4960898645592
0.49 24 865.4962787533912
0.49 25 870.9368353494574
0.49 26 876.3830034185421
0.49 27 877.2435218651027
0.49 28 881.8335348101444
0.49 29 881.8333155795284
0.49 30 887.2881904032125
0.49 31 887.2884398359002
0.49 32 892.7459184513349
0.49 33 892.7459336976946
0.49 34 898.2066805318374
0.49 35 898.2064583099886
0.49 36 903.6690674962268
0.49 37 909.1318752640071
0.49 38 909.1321656633338
0.49 39 914.5959304187952
0.49 40 914.5959307975992
0.49 41 920.0591453811754
0.49 42 920.058948914697
0.49 43 925.521712140901
0.49 44 925.521623173521
0.49 45 930.9833943625769
0.49 46 930.9833251147628
0.49 47 936.444059495581
0.49 48 936.4440036275016
0.49 49 941.9038004083038
0.49 50 947.362812834258
0.49 51 947.3627998340801
0.49 52 952.8211057234824
0.49 53 952.8212325866261
0.49 54 958.279173410026
0.49 55 958.2792241248487
0.49 56 963.7369630985186
0.49 57 963.7368841427227
0.49 58 969.1948081907178
0.49 59 969.1948412137363
0.49 60 974.6527999127732
0.49 61 974.652843461652
0.49 62 980.1111942678747
0.49 63 974.6529107745861
0.49 64 985.5699704465018
0.49 65 985.5700059268098
0.49 66 991.029283114436
0.49 67 991.0292725100928
0.49 68 996.4890675425006
0.49 69 1001.9494248327424
0.49 70 1001.9494239000345
0.49 71 1001.9494028670816
0.49 72 1007.4103271400517
0.49 73 1012.8717469624733
0.49 74 1012.8717529225407
0.49 75 1018.3337511699593
0.49 76 1018.3337499513115
0.49 77 1023.796341808075
0.49 78 1023.7962719740668
0.49 79 1029.2593682271497
0.49 80 1034.7230544608494
0.49 81 1034.7230552999154
0.49 82 1034.7230686211794
0.49 83 1040.187338434215
0.49 84 1051.1180530955132
0.49 85 1045.65233987014
0.49 86 1045.6523358874636
0.49 87 1051.118061515813
0.49 88 1056.5846110961772
0.49 89 1056.5846087288705
0.49 90 1056.584608897106
0.49 91 1062.0520747751082
0.49 92 1065.376366056
0.49 93 1067.5205346763719
0.49 94 1072.990098597228
0.49 95 1072.9900988944144
0.49 96 1078.4608687861632
0.49 97 1078.4608735351994
0.49 98 1078.460864458812
0.49 99 1083.9230263408451
