0.05 0 644.2897341947488
0.05 1 641.9021280013972
0.05 2 649.614670159063
0.05 3 654.1276317270994
0.05 4 658.0663105846345
0.05 5 651.4579782093729
0.05 6 663.4613255787186
0.05 7 667.2229494924612
0.05 8 668.4226958693355
0.05 9 673.8934237260727
0.05 10 673.3284809164468
0.05 11 685.820740604304
0.05 12 679.897329027886
0.05 13 679.0682153504371
0.05 14 689.3238751823644
0.05 15 696.4739580128653
0.05 16 693.0523249099424
0.05 17 710.1936051607213
0.05 18 703.1178879755496
0.05 19 700.0114266190318
0.05 20 706.977998248927
0.05 21 716.5017877585337
0.05 22 716.5025415455
0.05 23 715.9052697638663
0.05 24 721.9642945786162
0.05 25 722.578723392
0.05 26 729.072108043818
0.05 27 729.4710734437895
0.05 28 737.1635765259202
0.05 29 735.9876515488974
0.05 30 742.3244541140092
0.05 31 741.5122947210898
0.05 32 747.5870421280962
0.05 33 747.58704979416
0.05 34 752.2788158078364
0.05 35 753.6990144079208
0.05 36 756.873982231038
0.05 37 759.7926112305571
0.05 38 762.9688916482271
0.05 39 765.8721118133694
0.05 40 769.91223363
0.05 41 771.4750439630365
0.05 42 774.4447765615942
0.05 43 777.6922397082654
0.05 44 782.912167128
0.05 45 784.4903907305029
0.05 46 786.8552173597556
0.05 47 791.1655131641262
0.05 48 792.7630987062156
0.05 49 795.8368898979677
0.05 50 816.521139876769
0.05 51 803.5735013175281
0.05 52 811.0227295054058
0.05 53 808.474931386485
0.05 54 810.2722334512782
0.05 55 815.1629459129375
0.05 56 816.5226491483127
0.05 57 821.0307459793797
0.05 58 821.9948113133845
0.05 59 827.4441252047892
0.05 60 830.0265584248807
0.05 61 832.8800412605192
0.05 62 838.3160912928847
0.05 63 838.3143025570034
0.05 64 841.289081899485
0.05 65 844.153420118
0.05 66 849.1698036763524
0.05 67 849.1709478836465
0.05 68 854.4199095299898
0.05 69 854.5994830822158
0.05 70 860.0341837722085
0.05 71 860.0327632379842
0.05 72 865.4686621440692
0.05 73 865.469749552409
0.05 74 870.9113587239027
0.05 75 876.3580082257598
0.05 76 876.3587702277711
0.05 77 881.8092457126302
0.05 78 881.8094438336398
0.05 79 887.2649577286695
0.05 80 887.2644355671465
0.05 81 892.7230806894393
0.05 82 892.7237270938775
0.05 83 898.2883757111829
0.05 84 898.1840126416159
0.05 85 903.6469161281765
0.05 86 909.1104089227081
0.05 87 909.1101033086198
0.05 88 914.5744831233794
0.05 89 914.5749016477592
0.05 90 920.0379654956974
0.05 91 920.0379521798865
0.05 92 925.5009479265897
0.05 93 925.500829631963
0.05 94 930.9630677974989
0.05 95 930.9631786590918
0.05 96 936.4240750189329
0.05 97 936.4241303819689
0.05 98 941.8844036301253
0.05 99 947.3437604867584
0.05 100 947.3437704017599
0.05 101 952.8025960286425
0.05 102 952.8025672070459
0.05 103 969.1776467606096
0.05 104 958.2610026148955
0.05 105 963.7193567779876
0.05 106 963.7193482686883
0.05 107 969.1776822246302
0.05 108 969.1777138624968
0.05 109 974.6361973011684
0.05 110 974.6361399017003
0.05 111 980.094927942603
0.05 112 974.6361412670128
0.05 113 985.5541775029957
0.05 114 985.5541804620586
0.05 115 991.0138876649495
0.05 116 991.0138217102833
0.05 117 996.4741167163558
0.05 118 1001.9348133945005
0.05 119 1001.9348111435787
0.05 120 1001.9348398180622
0.05 121 1007.3960762976169
0.05 122 1012.8579263522919
0.05 123 1012.8578961591188
0.05 124 1018.320289054878
0.05 125 1018.3202551449534
0.05 126 1023.7831617915223
0.05 127 1023.7831850753405
0.05 128 1029.2466132520397
0.05 129 1034.7106736951669
0.05 130 1034.7106720693312
0.05 131 1029.2466387990974
0.05 132 1040.1753495228188
0.05 133 1045.6407230091115
0.05 134 1045.640709772506
0.05 135 1045.6407054083231
0.05 136 1051.1068102925972
0.05 137 1056.5737520433852
0.05 138 1056.573736909432
0.05 139 1056.5737477136963
0.05 140 1062.041579853188
0.05 141 1065.376366056
0.05 142 1067.510427611936
0.05 143 1072.9803546549501
0.05 144 1072.9803570715842
0.05 145 1078.4515160876192
0.05 146 1078.4515189555812
0.05 147 1078.4515166894992
0.05 148 1083.3822824884924
0.06 0 644.2895683818368
0.06 1 641.9712808167103
0.06 2 649.6353275523519
0.06 3 654.1281159347524
0.06 4 658.0660142047411
0.06 5 650.9451323865362
0.06 6 663.461460070796
0.06 7 667.2259858268353
0.06 8 668.4226947070713
0.06 9 673.3209870380077
0.06 10 673.3214063342203
0.06 11 685.8381249129286
0.06 12 679.8902664759607
0.06 13 679.8912462710024
0.06 14 689.321961286009
0.06 15 696.4658338472929
0.06 16 696.4652825541295
0.06 17 716.3400915634534
0.06 18 700.8143742667121
0.06 19 703.2153033774663
0.06 20 706.9779890014453
0.06 21 717.0354327760009
0.06 22 716.5198456114178
0.06 23 715.905370204
0.06 24 723.3744469981758
0.06 25 722.578723392
0.06 26 728.4147177899952
0.06 27 729.4701348533218
0.06 28 737.1963781182878
0.06 29 735.9871087774271
0.06 30 742.329071345722
0.06 31 741.4741840462768
0.06 32 747.5874087686807
0.06 33 747.5874351966424
0.06 34 752.2788828115582
0.06 35 753.6994326049271
0.06 36 756.8717223362818
0.06 37 759.7930470189584
0.06 38 762.968937234
0.06 39 765.8725890773843
0.06 40 769.91223363
0.06 41 771.4751019874843
0.06 42 774.4452579166393
0.06 43 777.6922879310508
0.06 44 782.9118814630466
0.06 45 784.4897245529452
0.06 46 786.855923636301
0.06 47 791.165740022
0.06 48 792.763708446
0.06 49 795.8369054395756
0.06 50 816.5296279109418
0.06 51 803.5735467537983
0.06 52 811.0289453195946
0.06 53 808.4745188844198
0.06 54 810.2720834337968
0.06 55 815.1620880414524
0.06 56 817.901113655902
0.06 57 821.0297669325206
0.06 58 823.9301010215934
0.06 59 826.532611869383
0.06 60 830.0264837777812
0.06 61 832.8856300120374
0.06 62 838.3146928068974
0.06 63 838.315987990235
0.06 64 843.7439869737599
0.06 65 844.1534060866785
0.06 66 849.1709558751944
0.06 67 849.1717551310561
0.06 68 854.6004125486737
0.06 69 854.5996254200807
0.06 70 860.0337786455042
0.06 71 860.0332393655518
0.06 72 864.2775865376071
0.06 73 865.4699386126856
0.06 74 870.912272083448
0.06 75 876.3589241985852
0.06 76 876.358944977911
0.06 77 881.8103387758842
0.06 78 881.8100111087008
0.06 79 887.2652186669351
0.06 80 887.2653135864945
0.06 81 892.7235341302307
0.06 82 892.7237895716112
0.06 83 898.1843391282655
0.06 84 898.1844875071162
0.06 85 903.6474285377054
0.06 86 909.1108991536572
0.06 87 909.1107057963168
0.06 88 914.5751489698407
0.06 89 914.5748750556526
0.06 90 920.0384921464995
0.06 91 920.0385505900944
0.06 92 925.5013455492474
0.06 93 936.4245460817357
0.06 94 930.9634359993821
0.06 95 930.9635890253362
0.06 96 936.424547644034
0.06 97 936.4245677182281
0.06 98 941.8847612881277
0.06 99 947.3441303860475
0.06 100 947.3443011884648
0.06 101 952.8029507558817
0.06 102 952.8030270059211
0.06 103 969.178056007688
0.06 104 958.2614709907942
0.06 105 963.7197726725706
0.06 106 963.7196915749013
0.06 107 969.1780274836893
0.06 108 969.1781078533527
0.06 109 974.636601067075
0.06 110 974.6366263331339
0.06 111 980.0953550554466
0.06 112 980.095320527048
0.06 113 985.5545527268289
0.06 114 985.5545262921155
0.06 115 991.0142219446412
0.06 116 991.014185564714
0.06 117 996.4744128944685
0.06 118 1001.9350806368445
0.06 119 1001.9351167938312
0.06 120 1001.9351090278815
0.06 121 1007.3963976131212
0.06 122 1012.8581993113004
0.06 123 1012.8582147673487
0.06 124 1018.3205535279268
0.06 125 1018.3205459109449
0.06 126 1023.7834803662058
0.06 127 1023.7834591987604
0.06 128 1029.2469142220514
0.06 129 1018.3205733505414
0.06 130 1034.7109614475903
0.06 131 1029.2469327865128
0.06 132 1040.1756272652967
0.06 133 1045.6409751535411
0.06 134 1045.6409831603314
0.06 135 1034.7109688046683
0.06 136 1051.1070528435853
0.06 137 1056.5739874002702
0.06 138 1056.5739875764225
0.06 139 1056.5739934059295
0.06 140 1062.0418075834261
0.06 141 1065.376366056
0.06 142 1067.5106543384172
0.06 143 1072.9805856378925
0.06 144 1072.9805804011705
0.06 145 1078.4517320067025
0.06 146 1078.4517171274515
0.06 147 1078.451719637992
0.06 148 1083.3823232952811
0.07 0 644.2897713430542
0.07 1 641.9903367928521
0.07 2 649.6113733540492
0.07 3 654.1286250163181
0.07 4 658.0658121998924
0.07 5 651.4178930323907
0.07 6 663.4615945242356
0.07 7 667.2160785771368
0.07 8 668.422709666
0.07 9 673.3140041510707
0.07 10 673.3135040206624
0.07 11 685.833081344721
0.07 12 679.8811910218295
0.07 13 678.9605539878509
0.07 14 689.3250388832795
0.07 15 696.4568890171207
0.07 16 693.0199504574169
0.07 17 716.528484190042
0.07 18 699.2969197321796
0.07 19 699.9161378156883
0.07 20 706.977925200667
0.07 21 713.5972200659138
0.07 22 716.5013179821984
0.07 23 715.9052950561644
0.07 24 721.2800180658289
0.07 25 722.5788241814405
0.07 26 727.9482506827748
0.07 27 729.4706545740792
0.07 28 737.210501478351
0.07 29 735.9872391320977
0.07 30 742.2218948787585
0.07 31 742.3110776442879
0.07 32 747.5878084466858
0.07 33 747.5878257235258
0.07 34 752.2789498054005
0.07 35 753.699833073175
0.07 36 756.8743313823728
0.07 37 759.7934891183686
0.07 38 762.968937234
0.07 39 765.8730666129911
0.07 40 769.91223363
0.07 41 771.4751599868152
0.07 42 774.4446811005233
0.07 43 777.6923041925559
0.07 44 782.912167128
0.07 45 784.4896244824754
0.07 46 786.8570686043971
0.07 47 791.165740022
0.07 48 792.763708446
0.07 49 795.8368958299505
0.07 50 821.9962129732655
0.07 51 803.5735921680144
0.07 52 811.0144924472008
0.07 53 808.4742132766613
0.07 54 810.27183072191
0.07 55 815.162920774
0.07 56 817.9031245263999
0.07 57 821.0297136795097
0.07 58 823.9269237533163
0.07 59 827.4520505544762
0.07 60 830.0238234277239
0.07 61 832.8834100315037
0.07 62 838.3155720156934
0.07 63 838.3152176548855
0.07 64 843.7443004912142
0.07 65 844.153420118
0.07 66 849.1718498753359
0.07 67 849.1729009621802
0.07 68 854.6006935563111
0.07 69 854.5726815974484
0.07 70 860.034069489986
0.07 71 860.0331924732227
0.07 72 865.4714878628816
0.07 73 865.4710015869221
0.07 74 870.913110867582
0.07 75 876.3596104648955
0.07 76 876.3596947844052
0.07 77 881.8106499512884
0.07 78 881.8104376375403
0.07 79 887.2654317442914
0.07 80 887.266096200725
0.07 81 892.7242472932794
0.07 82 892.7240585072404
0.07 83 898.1847627861542
0.07 84 898.1849424008547
0.07 85 903.6479718711317
0.07 86 909.1111666639886
0.07 87 909.1115465920353
0.07 88 914.5756455735358
0.07 89 914.5756544202687
0.07 90 920.038846067506
0.07 91 920.0389332718352
0.07 92 925.5019418275144
0.07 93 925.5018467937427
0.07 94 930.9638912270955
0.07 95 930.9639590049038
0.07 96 936.4249838405414
0.07 97 936.4249701711697
0.07 98 941.8851646994491
0.07 99 947.3446583716999
0.07 100 947.344640324084
0.07 101 952.8034222812012
0.07 102 952.8034337570493
0.07 103 958.2619235286878
0.07 104 958.2618249264152
0.07 105 963.720248407924
0.07 106 963.720128141632
0.07 107 969.1784288235333
0.07 108 969.1784182437804
0.07 109 974.636930269933
0.07 110 974.6370158293502
0.07 111 980.095724346228
0.07 112 982.7974513586889
0.07 113 985.5549250072912
0.07 114 985.5548810772026
0.07 115 991.0145643662031
0.07 116 991.0145612830175
0.07 117 996.4747348890058
0.07 118 1001.935489836368
0.07 119 1001.935482234543
0.07 120 1001.9354652236456
0.07 121 1007.3967392870608
0.07 122 1012.8585334276055
0.07 123 1012.8585073385964
0.07 124 1018.3208755217606
0.07 125 1018.3208664209199
0.07 126 1023.7837632339796
0.07 127 1023.7837508312412
0.07 128 1029.247206344668
0.07 129 1029.2472038224007
0.07 130 1034.7112368110315
0.07 131 1029.2472043608163
0.07 132 1040.1758821477292
0.07 133 1045.641258043178
0.07 134 1045.641245931885
0.07 135 1045.641234544489
0.07 136 1051.1073409598873
0.07 137 1056.5742408051083
0.07 138 1056.5742353233381
0.07 139 1056.5742403531585
0.07 140 1061.733835768
0.07 141 1065.376366056
0.07 142 1067.510891962693
0.07 143 1072.9807962105288
0.07 144 1072.9808122946267
0.07 145 1078.4519334671538
0.07 146 1078.4519385832682
0.07 147 1078.451893686922
0.07 148 1083.3823641162985
0.08 0 644.2896065357801
0.08 1 642.0002001974264
0.08 2 649.725732104
0.08 3 654.1292617812511
0.08 4 658.0658342091247
0.08 5 650.9130447248839
0.08 6 663.4617289709516
0.08 7 667.2189313757801
0.08 8 668.4226948523192
0.08 9 673.9182580939186
0.08 10 673.306110289119
0.08 11 679.8733603537686
0.08 12 679.873418161863
0.08 13 679.8741422006071
0.08 14 689.3218413744466
0.08 15 692.7231884182294
0.08 16 692.7987627948446
0.08 17 716.553238128567
0.08 18 700.8100038213229
0.08 19 699.9395279250122
0.08 20 706.9782652748311
0.08 21 716.5208487497475
0.08 22 716.5059239772979
0.08 23 715.9052916081324
0.08 24 721.933790977237
0.08 25 722.5778817014032
0.08 26 728.7856950306996
0.08 27 729.4709961232487
0.08 28 737.2233761660535
0.08 29 735.9875406256681
0.08 30 742.3117216583465
0.08 31 742.3371911719742
0.08 32 747.5882132937661
0.08 33 747.5882169252743
0.08 34 752.2790167710463
0.08 35 753.7002585560698
0.08 36 756.8728734221738
0.08 37 759.7939259738005
0.08 38 762.9687445581151
0.08 39 765.8735442524521
0.08 40 769.9121473937562
0.08 41 771.4752179850058
0.08 42 774.4444435629019
0.08 43 777.6922391776609
0.08 44 782.912167128
0.08 45 784.4903194544128
0.08 46 786.8554258117997
0.08 47 791.1646944161193
0.08 48 792.763708446
0.08 49 795.837629882759
0.08 50 821.9925168770901
0.08 51 803.5736375826029
0.08 52 811.020561753195
0.08 53 808.471630137797
0.08 54 810.2726683464739
0.08 55 815.1627116082234
0.08 56 817.9016020400732
0.08 57 821.0274935921367
0.08 58 821.9990292275348
0.08 59 826.5304275165217
0.08 60 830.0228139986643
0.08 61 832.8858790419685
0.08 62 838.3167907556971
0.08 63 838.3159039483044
0.08 64 843.7440585625003
0.08 65 844.153420118
0.08 66 849.1727993916274
0.08 67 849.1747202001407
0.08 68 854.4194722028225
0.08 69 854.602111431677
0.08 70 860.0340529406387
0.08 71 860.0341003236326
0.08 72 865.4703282054039
0.08 73 865.4713089658447
0.08 74 870.9131456640365
0.08 75 876.3602409106544
0.08 76 876.3598566085229
0.08 77 881.8105187906328
0.08 78 881.8107438472261
0.08 79 887.2663999884261
0.08 80 887.2666308007903
0.08 81 892.7245986144547
0.08 82 892.7246732436861
0.08 83 898.1858073860108
0.08 84 898.1856150646082
0.08 85 903.648467523026
0.08 86 909.1119143635553
0.08 87 909.1119214831253
0.08 88 914.5758155142636
0.08 89 914.5761185659296
0.08 90 920.0394714838267
0.08 91 920.0395424498392
0.08 92 925.5022066588296
0.08 93 925.5024984907458
0.08 94 930.964471615624
0.08 95 930.9643285185048
0.08 96 936.4254921242816
0.08 97 936.4254501134334
0.08 98 941.885622570505
0.08 99 947.3451053889033
0.08 100 947.3449853381686
0.08 101 952.8038107324219
0.08 102 952.8037351710155
0.08 103 958.2623140924895
0.08 104 958.2622801575028
0.08 105 963.7206229944263
0.08 106 963.720642322131
0.08 107 969.1788314302834
0.08 108 969.1788287984291
0.08 109 974.6373444501158
0.08 110 974.6373090222893
0.08 111 980.0960775843006
0.08 112 980.0960661950153
0.08 113 985.5553250202752
0.08 114 985.5552757831872
0.08 115 991.0149125998845
0.08 116 991.0149172851098
0.08 117 996.4750860266944
0.08 118 1001.935848266669
0.08 119 1001.9358335964239
0.08 120 1001.9357912897979
0.08 121 1007.3970553895422
0.08 122 1012.8588631005058
0.08 123 1012.8588505833333
0.08 124 1018.3211806968476
0.08 125 1018.3211923512177
0.08 126 1023.7840505322212
0.08 127 1023.7840651907734
0.08 128 1029.2475048056463
0.08 129 1029.2474899290078
0.08 130 1034.7115195015779
0.08 131 1029.2474750246483
0.08 132 1040.176177521722
0.08 133 1045.6415082314277
0.08 134 1045.641518110734
0.08 135 1045.641529633232
0.08 136 1051.1075807076377
0.08 137 1056.5744854421657
0.08 138 1056.5744980952986
0.08 139 1056.5744788613931
0.08 140 1062.0422918740528
0.08 141 1065.376366056
0.08 142 1067.5111245887556
0.08 143 1072.9810226349946
0.08 144 1072.9810163827021
0.08 145 1078.4521499645066
0.08 146 1078.4521546805342
0.08 147 1078.4521531344349
0.08 148 1083.382404952131
0.09 0 644.2895793739777
0.09 1 642.1447221085269
0.09 2 649.7257771932063
0.09 3 654.1297014557122
0.09 4 658.0651529665787
0.09 5 651.2440192023968
0.09 6 663.4618633913684
0.09 7 667.2112622122586
0.09 8 667.223362973363
0.09 9 673.2988026213995
0.09 10 673.2987651453876
0.09 11 685.783109514355
0.09 12 679.8680510453928
0.09 13 679.8656373971098
0.09 14 689.3222690224925
0.09 15 696.5377918465427
0.09 16 694.5394065700114
0.09 17 710.2887648212974
0.09 18 700.808755706604
0.09 19 702.9190143652785
0.09 20 706.9779663926006
0.09 21 716.5019414867146
0.09 22 716.5381771528747
0.09 23 715.9054079035137
0.09 24 722.0329050774471
0.09 25 722.578723392
0.09 26 729.2177496783892
0.09 27 729.471144759907
0.09 28 737.1761864554436
0.09 29 735.987005093797
0.09 30 742.3290011344495
0.09 31 742.3117749910238
0.09 32 747.5885931651064
0.09 33 747.5885876733547
0.09 34 752.2790837349598
0.09 35 753.7006388671548
0.09 36 756.8743489595254
0.09 37 759.7943787848639
0.09 38 762.968937234
0.09 39 765.8740310098847
0.09 40 769.911871221586
0.09 41 771.4752759590538
0.09 42 774.44519575194
0.09 43 777.6922886188665
0.09 44 782.9122100586906
0.09 45 784.4896770900817
0.09 46 786.8538159193637
0.09 47 791.165740022
0.09 48 792.763708446
0.09 49 795.8373635968005
0.09 50 816.5263124799119
0.09 51 803.5736829830379
0.09 52 811.0340484697166
0.09 53 808.4776869134249
0.09 54 810.2742237140416
0.09 55 815.1630260575514
0.09 56 816.5341245576975
0.09 57 821.0267820035692
0.09 58 823.9282256974908
0.09 59 826.5298413657732
0.09 60 830.0078734551048
0.09 61 832.8857778337427
0.09 62 838.3169341731004
0.09 63 838.317332951289
0.09 64 841.2869506085098
0.09 65 844.153420118
0.09 66 849.1726337284402
0.09 67 849.1737456937321
0.09 68 854.601587756583
0.09 69 854.5739926565636
0.09 70 860.035627073857
0.09 71 860.0353283673484
0.09 72 865.4722353336291
0.09 73 865.4727285694372
0.09 74 870.9138893505008
0.09 75 876.3612035185411
0.09 76 876.3604272045043
0.09 77 881.8115508052177
0.09 78 881.8117003770761
0.09 79 887.2671219586692
0.09 80 887.267033109874
0.09 81 892.725363382325
0.09 82 892.7253705376463
0.09 83 898.1863526413811
0.09 84 898.186033502565
0.09 85 903.6488113859732
0.09 86 909.1114493099257
0.09 87 909.1127675902678
0.09 88 914.576658799828
0.09 89 914.5762804923233
0.09 90 920.0399416126423
0.09 91 920.0398638975302
0.09 92 925.5028409119969
0.09 93 925.5028887625375
0.09 94 930.9649802020812
0.09 95 930.9649510914837
0.09 96 936.4258828224245
0.09 97 936.4259171724228
0.09 98 941.8861110125354
0.09 99 947.3455239889412
0.09 100 947.3455702596215
0.09 101 952.8042129797558
0.09 102 952.8041618123756
0.09 103 958.262672419328
0.09 104 958.2627440660196
0.09 105 963.720927702195
0.09 106 963.7209372447431
0.09 107 969.1792008721754
0.09 108 969.1792302331327
0.09 109 974.6377402185336
0.09 110 974.6377088999348
0.09 111 980.0964437355719
0.09 112 952.8042087696582
0.09 113 985.5556022529757
0.09 114 985.5555703453708
0.09 115 991.0152011678676
0.09 116 991.0152887205109
0.09 117 996.4754052719248
0.09 118 1001.9361586910376
0.09 119 1001.9361394317259
0.09 120 1001.9361484166938
0.09 121 1007.3973780599363
0.09 122 1012.8591708235729
0.09 123 1012.8591707710311
0.09 124 1018.32149087512
0.09 125 1018.3214928575708
0.09 126 1023.7843713977848
0.09 127 1023.7843072742685
0.09 128 1029.2477906007164
0.09 129 1029.2477992085667
0.09 130 1034.7117522394203
0.09 131 1029.2477839649068
0.09 132 1040.1764519645667
0.09 133 1045.6417804772875
0.09 134 1045.6417636734832
0.09 135 1045.6417923631984
0.09 136 1051.1078349829597
0.09 137 1056.5747408137768
0.09 138 1056.5747415606431
0.09 139 1056.5747418363806
0.09 140 1067.5113417155503
0.09 141 1067.5113448715801
0.09 142 1067.511335689749
0.09 143 1072.9812371655635
0.09 144 1072.9812617909765
0.09 145 1078.4523669099058
0.09 146 1078.4523707652083
0.09 147 1078.4523598277622
0.09 148 1083.382445801619
