0.44668017023706746
0.44502655534475644
0.3042748526669575
1.3778139406356335e-07
5.1020013390245705e-70
0.2 0 1089.4007976941637
0.2 1 1089.4007954525541
0.2 2 1089.4008001277236
0.2 3 1094.8760958011508
0.2 4 1098.995135126
0.2 5 1103.3532751362598
0.2 6 1103.353228238824
0.2 7 1107.529944238
0.2 8 1103.3532746600386
0.2 9 1083.382896142383
0.2 10 1116.7235014241933
0.2 11 1105.83171144044
0.2 12 1100.3647957604219
0.2 13 1125.118415232
0.2 14 1158.5014832986203
0.2 15 1154.0839538907755
0.2 16 1133.255368160989
0.2 17 1103.0420920462238
0.2 18 1150.8428644298474
0.2 19 1083.931573262036
0.2 20 1150.2282562176542
0.2 21 1150.8454326548158
0.2 22 1166.4800783823741
0.2 23 1153.8590364448992
0.2 24 1155.2256191244558
0.2 25 1158.5030460046362
0.2 26 1160.1294088242948
0.2 27 1166.2312617502769
0.2 28 1166.4800783784337
0.2 29 1168.443982538983
0.2 30 1171.7486259746029
0.2 31 1171.74862251625
0.2 32 1177.2721002594626
0.2 33 1177.272105646728
0.2 34 1175.540741836067
0.2 35 1185.1427166
0.2 36 1171.7486207631034
0.2 37 1198.8300211803607
0.2 38 1192.3644457421383
0.2 39 1198.8295688398184
0.2 40 1199.095507440783
0.2 41 1205.1240654676574
0.2 42 1205.158335772
0.2 43 1205.116788926728
0.2 44 1205.1164070503455
0.2 45 838.3244933291196
0.2 46 1216.826434622
0.2 47 1226.6985882566257
0.2 48 1224.1194276569702
0.2 49 1223.548419242
0.2 50 1228.2181896780266
0.2 51 1230.4310259906254
0.2 52 1230.43102599169
0.2 53 1236.8741509701022
0.2 54 1238.3066321240592
0.2 55 1240.545787344
0.2 56 1250.0428813949022
0.2 57 1256.2388797137437
0.2 58 1254.4740737171935
0.2 59 1254.4745046178311
0.2 60 1254.7950232954872
0.2 61 1256.237219658192
0.2 62 1260.4142552375417
0.2 63 1261.3635849750613
0.2 64 1273.3885071429659
0.2 65 1267.093716504
0.2 66 1273.3885176570761
0.2 67 1266.0058891202557
0.2 68 1273.3885174865577
0.2 69 1273.3885473370976
0.2 70 1254.4745084995006
0.2 71 1304.7739058210661
0.2 72 1294.1589842365079
0.2 73 1294.1590036618422
0.2 74 1294.159021177501
0.2 75 1294.158988648681
0.2 76 1294.1590535501414
0.2 77 1297.7484441633753
0.2 78 1301.4993040456982
0.2 79 1307.102750168638
0.2 80 1304.7739136225002
0.2 81 1323.3718860286713
0.2 82 1339.7089382785573
0.2 83 1346.2379939716618
0.2 84 1307.1027500939376
0.2 85 1321.3533982146773
0.2 86 1326.1466376169908
0.2 87 1304.773896433221
0.2 88 1332.7841460442355
0.2 89 1333.183826870231
0.2 90 1333.1838268810884
0.2 91 1338.0929267281524
0.2 92 1339.708938282581
0.2 93 1344.1170643289806
0.2 94 1346.2379939745624
0.2 95 1344.1170599966397
0.2 96 1349.7721898398513
0.2 97 1349.7721830380615
0.2 98 1349.7721802020458
0.2 99 1363.3174675196653
0.21 0 1089.400996384665
0.21 1 1089.4010037813584
0.21 2 1089.4009859085788
0.21 3 1094.8726703169104
0.21 4 1098.995135126
0.21 5 1103.3570455984607
0.21 6 1103.356811035594
0.21 7 1107.529944238
0.21 8 1103.357097018376
0.21 9 1083.9224806785858
0.21 10 1116.5370026748717
0.21 11 1105.8318921953394
0.21 12 1100.3653684658377
0.21 13 1125.118415232
0.21 14 1158.3172601933961
0.21 15 1148.3733510551633
0.21 16 1133.2554986371529
0.21 17 1103.042132423843
0.21 18 1150.8416373748537
0.21 19 1072.9839072969344
0.21 20 1150.2282873939619
0.21 21 1150.84339028575
0.21 22 1166.4801192361117
0.21 23 1153.8612223742077
0.21 24 1155.225794225407
0.21 25 1159.850841405456
0.21 26 1160.129459331752
0.21 27 1166.2313634517527
0.21 28 1166.4801192367474
0.21 29 1168.443870676149
0.21 30 1171.748717614492
0.21 31 1171.7487107927575
0.21 32 1177.2721845335534
0.21 33 1177.2721788508254
0.21 34 1175.5404164175422
0.21 35 1184.8365436327763
0.21 36 1166.2313611729965
0.21 37 1198.8884038115189
0.21 38 1192.4764394080353
0.21 39 1198.8888300936794
0.21 40 1199.0958669446854
0.21 41 1203.204273472
0.21 42 1205.158335772
0.21 43 1205.1571204787772
0.21 44 1205.1566417538897
0.21 45 1338.4501157371428
0.21 46 1216.826434622
0.21 47 1226.700780928838
0.21 48 1224.1170046910127
0.21 49 1223.548419242
0.21 50 1228.2184061747535
0.21 51 1230.4310270918043
0.21 52 1230.4310271076881
0.21 53 1236.8741570979282
0.21 54 1238.2813521507478
0.21 55 1240.545787344
0.21 56 1250.0344306641737
0.21 57 1256.2393428093683
0.21 58 1254.479797828417
0.21 59 1251.8573616956442
0.21 60 1254.7951473061753
0.21 61 1256.2371946629958
0.21 62 1260.4142804704884
0.21 63 1261.3636982895184
0.21 64 1273.3885652093295
0.21 65 1267.093716504
0.21 66 1273.388571485145
0.21 67 1266.005885564312
0.21 68 1273.3885738912231
0.21 69 1273.3886146727932
0.21 70 1254.4798880811502
0.21 71 1304.773881718616
0.21 72 1294.158782357561
0.21 73 1294.1587444455379
0.21 74 1294.1587667624065
0.21 75 1294.1587570944935
0.21 76 1294.1587975579516
0.21 77 1297.7481174929874
0.21 78 1301.4987851875212
0.21 79 1307.102754315998
0.21 80 1304.7740391326877
0.21 81 1323.3671053946014
0.21 82 1339.7088574674758
0.21 83 1346.2378954671822
0.21 84 1307.1027541378285
0.21 85 1321.3515762363504
0.21 86 1326.1401416295785
0.21 87 1304.774067166661
0.21 88 1332.7842111100115
0.21 89 1333.1837634063297
0.21 90 1333.1837634008994
0.21 91 1338.0929167268528
0.21 92 1339.70885747189
0.21 93 1344.1169896767758
0.21 94 1346.2378954646633
0.21 95 1344.1169883967616
0.21 96 1349.772040784785
0.21 97 1349.7720480065377
0.21 98 1349.772052473831
0.21 99 1363.317127051189
0.22 0 1089.4011874384546
0.22 1 1089.4011853373456
0.22 2 1089.4011823087208
0.22 3 1094.8728667802675
0.22 4 1098.995135126
0.22 5 1103.360928603654
0.22 6 1103.3608433736954
0.22 7 1107.529944238
0.22 8 1103.3610222651196
0.22 9 1083.9197212356607
0.22 10 1116.7195543723121
0.22 11 1105.8320459913512
0.22 12 1100.3658462342823
0.22 13 1125.118415232
0.22 14 1158.3144993031403
0.22 15 1153.8605771349048
0.22 16 1133.2556308410944
0.22 17 1103.0421728214717
0.22 18 1150.8417255575225
0.22 19 1072.9841221230627
0.22 20 1150.2263335983537
0.22 21 1150.841513947577
0.22 22 1166.2314700449256
0.22 23 1153.8616586027645
0.22 24 1154.084479893612
0.22 25 1159.859177984095
0.22 26 1160.129509821909
0.22 27 1166.2314769367188
0.22 28 1166.4801600716899
0.22 29 1168.4437587633954
0.22 30 1171.7488090439685
0.22 31 1171.7488073698635
0.22 32 1177.2722544348326
0.22 33 1177.272263525681
0.22 34 1175.540924797964
0.22 35 1185.1427166
0.22 36 1171.7488087885336
0.22 37 1198.9430064520288
0.22 38 1192.4763442826816
0.22 39 1198.9431532301887
0.22 40 1199.096131635113
0.22 41 1203.204273472
0.22 42 1205.3276289090204
0.22 43 1205.3277914061048
0.22 44 1205.2154812846911
0.22 45 1896.4905530962242
0.22 46 1216.826434622
0.22 47 1226.7029886269634
0.22 48 1224.1145415055644
0.22 49 1223.548419242
0.22 50 1228.2186102266567
0.22 51 1230.4310281990904
0.22 52 1230.4310282009378
0.22 53 1236.8741632117815
0.22 54 1238.257637120786
0.22 55 1240.545787344
0.22 56 1250.0259994401983
0.22 57 1256.2387904469817
0.22 58 1254.4854503273657
0.22 59 1251.8619618269313
0.22 60 1254.7952713541101
0.22 61 1256.2370908685673
0.22 62 1260.4142806925688
0.22 63 1261.3638116428283
0.22 64 1273.3886233922847
0.22 65 1267.093716504
0.22 66 1273.3886321585817
0.22 67 1266.0058907168116
0.22 68 1273.3886304216542
0.22 69 1273.388681730962
0.22 70 1254.485169108669
0.22 71 1304.774050747039
0.22 72 1294.1585267908174
0.22 73 1294.1584851700964
0.22 74 1294.1585122904567
0.22 75 1294.1584976640918
0.22 76 1294.1585415101245
0.22 77 1297.7477736685034
0.22 78 1301.4984025740187
0.22 79 1307.1027584519964
0.22 80 1304.7741524519279
0.22 81 1323.3613014372793
0.22 82 1339.7087766484167
0.22 83 1346.237796946918
0.22 84 1307.102758407403
0.22 85 1321.3502450240073
0.22 86 1326.1330148363888
0.22 87 1304.7740357387536
0.22 88 1332.7842669437944
0.22 89 1333.1836999274801
0.22 90 1333.1836999286002
0.22 91 1338.0933406546128
0.22 92 1339.708776648557
0.22 93 1344.116915874097
0.22 94 1346.2377969444294
0.22 95 1344.1169187158068
0.22 96 1332.7842688523426
0.22 97 1349.77191276942
0.22 98 1349.7719072846044
0.22 99 1363.3167862384933
0.23 0 1089.4013785888744
0.23 1 1089.401389817924
0.23 2 1089.4013903353846
0.23 3 1094.8729461445373
0.23 4 1098.995135126
0.23 5 1103.364530242145
0.23 6 1103.364898023525
0.23 7 1107.529944238
0.23 8 1103.3648094872945
0.23 9 1083.3830192735102
0.23 10 1116.5401652863054
0.23 11 1105.8322408099243
0.23 12 1103.3648702954335
0.23 13 1125.118415232
0.23 14 1158.3093394400023
0.23 15 1155.2262714272458
0.23 16 1133.2557566059538
0.23 17 1103.042213240285
0.23 18 1150.8408919132366
0.23 19 1105.8322314362897
0.23 20 1150.2283428033224
0.23 21 1150.2270018663473
0.23 22 1166.231577703112
0.23 23 1153.8621107816796
0.23 24 1155.2262540021907
0.23 25 1159.867224207076
0.23 26 1160.1295602968407
0.23 27 1166.2315742633675
0.23 28 1166.480200890177
0.23 29 1168.4436468071076
0.23 30 1171.7488970565778
0.23 31 1171.7489045120992
0.23 32 1177.2723382011077
0.23 33 1177.2723369955636
0.23 34 1175.541195803748
0.23 35 1184.8346559468266
0.23 36 1166.2315769417896
0.23 37 1199.0963536063775
0.23 38 1192.476401193131
0.23 39 1199.096480904163
0.23 40 1199.0964797984266
0.23 41 1203.204273472
0.23 42 1205.5207115409303
0.23 43 1205.5199641020126
0.23 44 1205.5200035756202
0.23 45 1906.0377939890013
0.23 46 1216.826434622
0.23 47 1226.7051211865062
0.23 48 1224.1121188253653
0.23 49 1223.548419242
0.23 50 1228.218829604911
0.23 51 1230.4310292793316
0.23 52 1230.431029280045
0.23 53 1236.8741693048978
0.23 54 1238.2350860320335
0.23 55 1240.545787344
0.23 56 1254.4907737470594
0.23 57 1256.2387547457488
0.23 58 1254.4908128215015
0.23 59 1251.862099935134
0.23 60 1254.795395432318
0.23 61 1256.2370963668275
0.23 62 1260.4142990132939
0.23 63 1261.3639250146896
0.23 64 1273.3887653800666
0.23 65 1267.093716504
0.23 66 1273.3887592425485
0.23 67 1266.0058815699551
0.23 68 1273.388687077993
0.23 69 1273.3887485234725
0.23 70 1254.4904973494438
0.23 71 1304.774456208128
0.23 72 1294.158271175535
0.23 73 1294.158271916732
0.23 74 1294.158257761612
0.23 75 1294.1582381674307
0.23 76 1294.1582854066899
0.23 77 1297.7474073765793
0.23 78 1301.4977484081805
0.23 79 1307.1027634329141
0.23 80 1304.7743274670877
0.23 81 1323.3537672568575
0.23 82 1339.7086958161608
0.23 83 1346.237698419085
0.23 84 1307.1027625934403
0.23 85 1321.349130560617
0.23 86 1326.125804744918
0.23 87 1304.7741459372326
0.23 88 1332.7843240427478
0.23 89 1333.1836364454198
0.23 90 1333.1836364453013
0.23 91 1338.0935108188687
0.23 92 1339.7086958202055
0.23 93 1344.1168429821707
0.23 94 1346.2376984159687
0.23 95 1344.1168482960109
0.23 96 1352.279348728
0.23 97 1349.771772805696
0.23 98 1349.7717733591599
0.23 99 1363.3164527772203
0.24 0 1089.4015653433403
0.24 1 1089.4015848469935
0.24 2 1089.4015733342835
0.24 3 1094.8732649093668
0.24 4 1098.995135126
0.24 5 1103.3686043102784
0.24 6 1103.3687968186366
0.24 7 1107.529944238
0.24 8 1103.3687858871147
0.24 9 1083.9224449184126
0.24 10 1116.7156729326784
0.24 11 1105.8323981337678
0.24 12 1103.3685922322002
0.24 13 1125.118415232
0.24 14 1159.8753565069842
0.24 15 1154.085372015412
0.24 16 1133.2558923765334
0.24 17 1103.3687371316817
0.24 18 1150.8411362581298
0.24 19 1105.83239945776
0.24 20 1150.2283670322747
0.24 21 1150.226927370266
0.24 22 1166.2316850382729
0.24 23 1154.0844288259332
0.24 24 1155.22648205872
0.24 25 1159.8757033831228
0.24 26 1160.1296107500557
0.24 27 1166.2316769715208
0.24 28 1166.4802416816226
0.24 29 1168.4435348134218
0.24 30 1171.7489913260406
0.24 31 1171.7489931243736
0.24 32 1177.2724128071295
0.24 33 1177.2724220876585
0.24 34 1175.5415864929537
0.24 35 1185.1427166
0.24 36 1171.7489877150028
0.24 37 1193.8555084469854
0.24 38 1192.4912428493385
0.24 39 1199.0967773340146
0.24 40 1199.0967577749543
0.24 41 1203.204273472
0.24 42 1205.6246966104939
0.24 43 1205.624574612092
0.24 44 1205.624467911051
0.24 45 1662.7211019750719
0.24 46 1216.826434622
0.24 47 1226.7073152367923
0.24 48 1224.109656019965
0.24 49 1223.548419242
0.24 50 1228.219042398196
0.24 51 1230.4310303389188
0.24 52 1230.4310303415884
0.24 53 1236.8741753853583
0.24 54 1238.2136410598073
0.24 55 1240.545787344
0.24 56 1254.4961556347082
0.24 57 1256.2386811050317
0.24 58 1254.4961357416448
0.24 59 1226.7073564405264
0.24 60 1254.795519539347
0.24 61 1256.2370704291795
0.24 62 1260.414318072832
0.24 63 1261.3640384193238
0.24 64 1273.3887401075374
0.24 65 1267.093716504
0.24 66 1273.3887538551855
0.24 67 1266.0058820231557
0.24 68 1273.3887438606248
0.24 69 1273.3888150622122
0.24 70 1254.4958810781245
0.24 71 1304.7743249997027
0.24 72 1294.1580155118045
0.24 73 1294.1580126023593
0.24 74 1294.1580031756782
0.24 75 1294.1579786063144
0.24 76 1294.1580292476738
0.24 77 1297.747071188719
0.24 78 1301.4970952028334
0.24 79 1307.1027668397103
0.24 80 1304.7744827117472
0.24 81 1323.3479869247917
0.24 82 1339.7086149805891
0.24 83 1346.2375998769621
0.24 84 1307.102766760414
0.24 85 1321.3472808433892
0.24 86 1326.117742782203
0.24 87 1304.7745120223337
0.24 88 1332.7843822431173
0.24 89 1333.1835729573029
0.24 90 1333.1835729566417
0.24 91 1338.0936434097955
0.24 92 1339.7086149801241
0.24 93 1344.1167734121616
0.24 94 1346.2375998786504
0.24 95 1344.1167742490409
0.24 96 1352.279348728
0.24 97 1349.7716371814422
0.24 98 1349.7716298628204
0.24 99 1363.316105516069
0.25 0 1089.4017804646405
0.25 1 1089.4017719448013
0.25 2 1089.4017843130298
0.25 3 1094.8949242361512
0.25 4 1098.995135126
0.25 5 1103.3723866208454
0.25 6 1103.3722672287852
0.25 7 1107.529944238
0.25 8 1103.372605483479
0.25 9 1083.9177882514277
0.25 10 1116.713658621992
0.25 11 1105.8325687534204
0.25 12 1103.372543342641
0.25 13 1125.118415232
0.25 14 1159.8838638656239
0.25 15 1153.8633739427455
0.25 16 1133.2560197462203
0.25 17 1103.3727239247862
0.25 18 1150.8403715049642
0.25 19 1105.8325722748134
0.25 20 1150.226408932412
0.25 21 1150.226850585348
0.25 22 1166.2317968689579
0.25 23 1153.8631163823832
0.25 24 1155.226702026257
0.25 25 1159.8839717323494
0.25 26 1160.1296611879154
0.25 27 1166.2317878415022
0.25 28 1166.4802824732426
0.25 29 1168.4434227610277
0.25 30 1171.7490861730362
0.25 31 1171.7490825606833
0.25 32 1177.2724968105797
0.25 33 1177.2724930242616
0.25 34 1175.5424533509638
0.25 35 1185.1427166
0.25 36 1171.7490870211625
0.25 37 1193.855495717895
0.25 38 1192.4764033569325
0.25 39 1199.0969075976473
0.25 40 1199.097036899267
0.25 41 1203.204273472
0.25 42 1205.6812162896115
0.25 43 1205.6822966612665
0.25 44 1205.6813224393272
0.25 45 1815.5034677130584
0.25 46 1216.826434622
0.25 47 1226.7095258576912
0.25 48 1224.107233662348
0.25 49 1223.548419242
0.25 50 1228.2192164871149
0.25 51 1230.431031369842
0.25 52 1230.4310313758308
0.25 53 1236.8741814416976
0.25 54 1238.1932338471393
0.25 55 1240.545787344
0.25 56 1254.5014724712448
0.25 57 1256.238640568803
0.25 58 1254.501406665696
0.25 59 1226.70925292474
0.25 60 1254.7956436870434
0.25 61 1256.237024031265
0.25 62 1260.4143341785064
0.25 63 1261.3641518500351
0.25 64 1273.3889109399456
0.25 65 1267.093716504
0.25 66 1273.3888797772356
0.25 67 1266.0058650250623
0.25 68 1273.3888741103792
0.25 69 1273.3888303311255
0.25 70 1254.501441124279
0.25 71 1304.774696515347
0.25 72 1294.1577597997154
0.25 73 1294.1577532287874
0.25 74 1294.1577485330106
0.25 75 1294.1577759690392
0.25 76 1294.1577730331312
0.25 77 1297.746732422832
0.25 78 1301.4965329342424
0.25 79 1307.1027709310117
0.25 80 1304.7746103920656
0.25 81 1323.3428922182861
0.25 82 1339.7085341352708
0.25 83 1346.2375013178262
0.25 84 1307.1027709269547
0.25 85 1321.3457809070972
0.25 86 1326.111764205553
0.25 87 1304.774449241411
0.25 88 1332.7844404081366
0.25 89 1333.183509463848
0.25 90 1333.1835094633834
0.25 91 1338.0937095185973
0.25 92 1339.708534132458
0.25 93 1344.1167035530827
0.25 94 1346.2375013234118
0.25 95 1344.1167069046369
0.25 96 1332.7844434674282
0.25 97 1349.7714950826985
0.25 98 1349.7715042099733
0.25 99 1363.3157729551103
0.26 0 1089.4019830508303
0.26 1 1089.4019808842547
0.26 2 1089.4019697697572
0.26 3 1094.873623146452
0.26 4 1098.995135126
0.26 5 1103.3761805185918
0.26 6 1103.376296412371
0.26 7 1107.529944238
0.26 8 1103.3765359028516
0.26 9 1072.9849934945767
0.26 10 1116.5447470477259
0.26 11 1105.8327453551674
0.26 12 1103.3765260246253
0.26 13 1125.118415232
0.26 14 1155.2269426788246
0.26 15 1153.8637920251203
0.26 16 1133.2561514969407
0.26 17 1103.3764484023773
0.26 18 1150.8456373348638
0.26 19 1105.832748776414
0.26 20 1150.2259346247704
0.26 21 1150.2252272465244
0.26 22 1166.2318977230077
0.26 23 1155.2269592712464
0.26 24 1155.2269402248812
0.26 25 1159.8909952242782
0.26 26 1160.1297116114622
0.26 27 1166.231889808016
0.26 28 1166.4803232386396
0.26 29 1168.4433106739843
0.26 30 1171.7491812737535
0.26 31 1171.7491766549829
0.26 32 1177.2725731421795
0.26 33 1177.2725750422578
0.26 34 1175.5437958403897
0.26 35 1185.1427166
0.26 36 1171.7491741718786
0.26 37 1193.8555762796361
0.26 38 1192.5285051495805
0.26 39 1199.105742984749
0.26 40 1199.1054239429886
0.26 41 1203.204273472
0.26 42 1205.7127612865017
0.26 43 1205.7129181658947
0.26 44 1205.7251302172692
0.26 45 1796.766857856528
0.26 46 1216.826434622
0.26 47 1226.711245180011
0.26 48 1224.1048315814412
0.26 49 1223.548419242
0.26 50 1228.219422268071
0.26 51 1230.431032396148
0.26 52 1230.4310323966504
0.26 53 1236.8741874969712
0.26 54 1238.1736320217478
0.26 55 1240.545787344
0.26 56 1254.506717349903
0.26 57 1256.2386429594928
0.26 58 1254.5066987749117
0.26 59 1252.038566856
0.26 60 1254.795767859717
0.26 61 1256.236978932812
0.26 62 1260.4143477338519
0.26 63 1261.3642654954274
0.26 64 1273.3889699531298
0.26 65 1267.093716504
0.26 66 1273.3888760175455
0.26 67 1266.0058210484046
0.26 68 1273.3889072569968
0.26 69 1273.388862652036
0.26 70 1254.5066824810722
0.26 71 1304.7747996911176
0.26 72 1294.1575040393411
0.26 73 1294.1574937961022
0.26 74 1294.1574938333108
0.26 75 1294.157516568638
0.26 76 1294.1574974667221
0.26 77 1297.7463916966826
0.26 78 1301.4959936368948
0.26 79 1307.1027751075048
0.26 80 1304.774730226456
0.26 81 1323.3369381168852
0.26 82 1339.7084532802382
0.26 83 1346.2374027534534
0.26 84 1307.1027750497647
0.26 85 1321.3450034689356
0.26 86 1326.09810228027
0.26 87 1304.774601145881
0.26 88 1332.7844972537212
0.26 89 1333.1834459636996
0.26 90 1333.1834459621132
0.26 91 1338.0939121931272
0.26 92 1339.7084532751148
0.26 93 1344.1166324104843
0.26 94 1346.2374027584758
0.26 95 1344.1166248022728
0.26 96 1326.1045455239494
0.26 97 1349.771362749685
0.26 98 1349.7713681749976
0.26 99 1363.3154081976204
0.27 0 1089.4021834472962
0.27 1 1089.4021589140423
0.27 2 1089.4021681875556
0.27 3 1094.9038189837502
0.27 4 1098.995135126
0.27 5 1103.380160689644
0.27 6 1103.3803491052781
0.27 7 1107.529944238
0.27 8 1103.3806672188105
0.27 9 1083.9184251301006
0.27 10 1116.5462672641029
0.27 11 1105.8329083900492
0.27 12 1103.3806735245485
0.27 13 1125.118415232
0.27 14 1159.9001029781775
0.27 15 1153.8639684153363
0.27 16 1133.2562811061719
0.27 17 1103.3805830371302
0.27 18 1150.8392980547812
0.27 19 1105.8329113293435
0.27 20 1150.2254584359341
0.27 21 1150.2266901478752
0.27 22 1166.2319957389498
0.27 23 1151.8788308952667
0.27 24 1154.0872541143544
0.27 25 1159.9001463856728
0.27 26 1160.1297620132423
0.27 27 1166.231988193334
0.27 28 1166.4803639902127
0.27 29 1168.4431985331807
0.27 30 1171.749272552232
0.27 31 1171.7492670167971
0.27 32 1177.2726527461405
0.27 33 1177.272655669849
0.27 34 1175.5432377713917
0.27 35 1185.1427166
0.27 36 1171.7492776782144
0.27 37 1193.8600198352456
0.27 38 1192.5550954940034
0.27 39 1199.150625488375
0.27 40 1199.150462147737
0.27 41 1203.204273472
0.27 42 1205.7120059071906
0.27 43 1205.711980422323
0.27 44 1205.7121967224439
0.27 45 1742.9756445948906
0.27 46 1216.826434622
0.27 47 1226.713904638639
0.27 48 1224.1025101451037
0.27 49 1223.548419242
0.27 50 1228.2196437948446
0.27 51 1230.4310333988756
0.27 52 1230.4310333996218
0.27 53 1236.8741935241737
0.27 54 1238.1548589614872
0.27 55 1240.545787344
0.27 56 1254.5119358727304
0.27 57 1256.2385940851527
0.27 58 1254.5119149376442
0.27 59 1254.5118757232424
0.27 60 1254.7958920742356
0.27 61 1256.238587714277
0.27 62 1260.414363462168
0.27 63 1261.364378794341
0.27 64 1273.3890290870877
0.27 65 1267.093716504
0.27 66 1273.3890007885816
0.27 67 1266.0057157677702
0.27 68 1273.3889649764046
0.27 69 1273.3889349449341
0.27 70 1254.511996793733
0.27 71 1304.7749118554127
0.27 72 1294.157248230774
0.27 73 1294.1572343042942
0.27 74 1294.1572390768008
0.27 75 1294.1572571125394
0.27 76 1294.1572411228956
0.27 77 1297.7460520173645
0.27 78 1301.495409992977
0.27 79 1307.102779273744
0.27 80 1304.774751585181
0.27 81 1323.331320345337
0.27 82 1339.7083724174722
0.27 83 1346.2373041875283
0.27 84 1307.1027792760058
0.27 85 1321.344224227231
0.27 86 1326.0947886628092
0.27 87 1299.8430758697664
0.27 88 1332.7845569632977
0.27 89 1333.1833824566827
0.27 90 1333.1833824590478
0.27 91 1338.092628831572
0.27 92 1339.7083724229778
0.27 93 1344.1165663033535
0.27 94 1346.2373041852934
0.27 95 1344.116555640774
0.27 96 1332.7845531301602
0.27 97 1349.7712257947464
0.27 98 1349.7712221567624
0.27 99 1363.3150843785634
0.28 0 1089.4023644495899
0.28 1 1089.4023543511175
0.28 2 1089.402361042367
0.28 3 1094.8740460123868
0.28 4 1098.995135126
0.28 5 1103.3844918115813
0.28 6 1103.3841520881062
0.28 7 1107.529944238
0.28 8 1103.384463906328
0.28 9 1083.9186815134167
0.28 10 1116.7077660164853
0.28 11 1105.8330873541604
0.28 12 1105.8330868461921
0.28 13 1125.118415232
0.28 14 1159.9075577262263
0.28 15 1156.0051373750216
0.28 16 1133.2564131355143
0.28 17 1102.118672932977
0.28 18 1150.8407460789279
0.28 19 1105.8330835729566
0.28 20 1150.2249803653658
0.28 21 1150.2250639484414
0.28 22 1166.2321058558898
0.28 23 1156.0049695243167
0.28 24 1155.2276006250474
0.28 25 1158.5032898262136
0.28 26 1160.1298124083476
0.28 27 1166.23210891742
0.28 28 1166.4804047235305
0.28 29 1168.4430863509845
0.28 30 1171.7493693844037
0.28 31 1171.7493652218873
0.28 32 1177.2727323597796
0.28 33 1177.2727271758413
0.28 34 1175.5429183168003
0.28 35 1185.1427166
0.28 36 1171.7493655948279
0.28 37 1199.1882129416913
0.28 38 1192.5793704646637
0.28 39 1199.1882638101551
0.28 40 1199.1882729957708
0.28 41 1203.204273472
0.28 42 1205.7112561324996
0.28 43 1205.7113577290845
0.28 44 1205.7112489496794
0.28 45 1326.0908695137764
0.28 46 1216.826434622
0.28 47 1226.7159596557387
0.28 48 1224.0999474105352
0.28 49 1223.548419242
0.28 50 1228.2198377025186
0.28 51 1230.4310343759298
0.28 52 1230.4310343852296
0.28 53 1236.8741995406913
0.28 54 1238.137123243418
0.28 55 1240.545787344
0.28 56 1254.5170863584274
0.28 57 1256.238548756503
0.28 58 1254.5168161693107
0.28 59 1251.893994780503
0.28 60 1254.7960163199966
0.28 61 1256.2385487562917
0.28 62 1260.4143859355422
0.28 63 1261.3644923034758
0.28 64 1273.3890883417475
0.28 65 1267.093716504
0.28 66 1273.3889986450229
0.28 67 1266.0059297931587
0.28 68 1273.3890733850042
0.28 69 1273.3890066615463
0.28 70 1223.7928969517322
0.28 71 1307.1027836865903
0.28 72 1294.1569923741044
0.28 73 1294.1569747534097
0.28 74 1294.156984263498
0.28 75 1294.1569976025137
0.28 76 1294.15698472363
0.28 77 1297.7457042607873
0.28 78 1301.4950279742682
0.28 79 1307.102784102141
0.28 80 1304.7750364397089
0.28 81 1323.3257349735284
0.28 82 1339.708291544479
0.28 83 1346.2372056014801
0.28 84 1307.102783446321
0.28 85 1321.3414008435072
0.28 86 1326.0908665120246
0.28 87 1299.8422236237418
0.28 88 1332.784611228475
0.28 89 1333.183318946422
0.28 90 1333.1833189469673
0.28 91 1338.0940646958077
0.28 92 1339.70829154777
0.28 93 1344.116492935625
0.28 94 1346.2372056047263
0.28 95 1344.1164940848598
0.28 96 1352.279348728
0.28 97 1349.7710925858933
0.28 98 1349.7710954233478
0.28 99 1363.314737914572
0.29 0 1089.4025536627605
0.29 1 1089.4025505613413
0.29 2 1089.4025598278895
0.29 3 1094.87422139344
0.29 4 1098.995135126
0.29 5 1103.3883815644385
0.29 6 1103.3882291416344
0.29 7 1107.529944238
0.29 8 1103.388462465108
0.29 9 1083.9235550505516
0.29 10 1116.7058487858887
0.29 11 1105.833245811875
0.29 12 1105.833240732329
0.29 13 1125.118415232
0.29 14 1159.9160249713998
0.29 15 1177.2728038146718
0.29 16 1133.2565472694869
0.29 17 1103.3886241453272
0.29 18 1150.8462482525208
0.29 19 1105.8332464713924
0.29 20 1150.2245004128642
0.29 21 1150.2234371752618
0.29 22 1168.1532484321474
0.29 23 1159.9154263882872
0.29 24 1155.2276761315504
0.29 25 1159.9158831843965
0.29 26 1160.1298627864624
0.29 27 1166.2322080274848
0.29 28 1166.4804454405898
0.29 29 1168.442974128364
0.29 30 1171.7494628269176
0.29 31 1171.7494609356386
0.29 32 1177.2728077472345
0.29 33 1177.2728112858574
0.29 34 1175.543074883565
0.29 35 1177.2728039109345
0.29 36 1171.7494667002113
0.29 37 1199.2214203589697
0.29 38 1192.6023623342455
0.29 39 1199.2214216771079
0.29 40 1199.2213932877487
0.29 41 1203.204273472
0.29 42 1205.7104655269113
0.29 43 1205.710728052327
0.29 44 1205.71050509781
0.29 45 1725.295243190413
0.29 46 1216.826434622
0.29 47 1226.7182260428308
0.29 48 1224.0974854416465
0.29 49 1223.548419242
0.29 50 1228.2200442967433
0.29 51 1230.431035341498
0.29 52 1230.4310353413828
0.29 53 1236.874205538299
0.29 54 1238.1191046886438
0.29 55 1240.545787344
0.29 56 1254.5222626818988
0.29 57 1256.2385747262506
0.29 58 1254.5205227762076
0.29 59 1226.718119393828
0.29 60 1254.7961405956273
0.29 61 1256.2385747252647
0.29 62 1260.4143922080216
0.29 63 1261.3646058484408
0.29 64 1273.389090822683
0.29 65 1267.093716504
0.29 66 1273.3890912045379
0.29 67 1266.0057815590167
0.29 68 1273.3891319107609
0.29 69 1273.3890538000303
0.29 70 1223.7935104181659
0.29 71 1307.10278763293
0.29 72 1294.1567364694135
0.29 73 1294.1567384216296
0.29 74 1294.1567293932683
0.29 75 1294.1567380403337
0.29 76 1294.1567282690164
0.29 77 1297.745353939591
0.29 78 1301.4943782961755
0.29 79 1307.102788078921
0.29 80 1304.7751654618608
0.29 81 1323.3202685292526
0.29 82 1339.708210664107
0.29 83 1346.2371070068834
0.29 84 1307.102787627941
0.29 85 1321.339946550641
0.29 86 1326.0840105900788
0.29 87 1299.8451769936598
0.29 88 1332.7846683404766
0.29 89 1333.1832554246148
0.29 90 1333.1832554246957
0.29 91 1338.0944080170261
0.29 92 1339.708210665326
0.29 93 1344.1164175104911
0.29 94 1346.2371070072984
0.29 95 1344.116419145432
0.29 96 1352.279348728
0.29 97 1349.770960300671
0.29 98 1349.7709564141926
0.29 99 1363.3144048066827
0.3 0 1089.4027477971033
0.3 1 1089.4027468057604
0.3 2 1089.4027538348187
0.3 3 1094.8744563253288
0.3 4 1098.995135126
0.3 5 1103.392644744458
0.3 6 1103.392652972227
0.3 7 1107.529944238
0.3 8 1103.3926637642082
0.3 9 1083.9190856384344
0.3 10 1116.5508984866315
0.3 11 1105.8334261946566
0.3 12 1105.833422122214
0.3 13 1125.118415232
0.3 14 1159.92382464748
0.3 15 1155.227871996159
0.3 16 1133.256682143573
0.3 17 1103.3924637953623
0.3 18 1150.8436195858399
0.3 19 1105.8334286165812
0.3 20 1150.2250063730532
0.3 21 1150.2279731097055
0.3 22 1166.2323215029471
0.3 23 1160.1299131457686
0.3 24 1155.227853857751
0.3 25 1159.923704477172
0.3 26 1160.1299131480137
0.3 27 1166.232332871819
0.3 28 1166.2323215194763
0.3 29 1168.44286185916
0.3 30 1171.7495514142113
0.3 31 1171.749552858298
0.3 32 1177.272884884163
0.3 33 1177.2728885897645
0.3 34 1175.5435883008854
0.3 35 1184.8524434271374
0.3 36 1171.7495495136736
0.3 37 1199.2513239869927
0.3 38 1192.6244638933945
0.3 39 1199.251353428138
0.3 40 1199.2513631256718
0.3 41 1203.204273472
0.3 42 1205.709823089851
0.3 43 1205.7097276740844
0.3 44 1205.710284239074
0.3 45 1710.2102491163546
0.3 46 1216.826434622
0.3 47 1226.7203486486635
0.3 48 1224.0950438063287
0.3 49 1223.548419242
0.3 50 1228.2202182000526
0.3 51 1230.4310362883673
0.3 52 1230.431036291539
0.3 53 1236.8742115199184
0.3 54 1238.368965196
0.3 55 1240.545787344
0.3 56 1254.527587366209
0.3 57 1256.238600684276
0.3 58 1254.527083928877
0.3 59 1254.5275812585944
0.3 60 1254.7962649064218
0.3 61 1256.23860068591
0.3 62 1260.414407649908
0.3 63 1261.3647194180207
0.3 64 1273.3891501264632
0.3 65 1267.093716504
0.3 66 1273.389106056319
0.3 67 1266.0057675867236
0.3 68 1273.3891905617222
0.3 69 1273.3891484591406
0.3 70 1223.794029356438
0.3 71 1307.1027917888593
0.3 72 1294.1564805167939
0.3 73 1294.156478792123
0.3 74 1294.1564744662019
0.3 75 1294.156478427769
0.3 76 1294.156471759054
0.3 77 1297.7450328196371
0.3 78 1301.493818479746
0.3 79 1307.102791804767
0.3 80 1304.7753250669064
0.3 81 1323.3148199877705
0.3 82 1339.708129778908
0.3 83 1346.2370083975327
0.3 84 1307.1027917888994
0.3 85 1321.33850875197
0.3 86 1326.0771516308976
0.3 87 1299.8405017626983
0.3 88 1332.784726607429
0.3 89 1333.1831918980215
0.3 90 1333.183191900249
0.3 91 1338.0935288083742
0.3 92 1339.7081297798838
0.3 93 1344.1163452837707
0.3 94 1346.2370084028073
0.3 95 1344.1163502783959
0.3 96 1352.279348728
0.3 97 1349.7708179933932
0.3 98 1349.770821138619
0.3 99 1363.314068355768
0.31 0 1089.402950793311
0.31 1 1089.402953634707
0.31 2 1089.402957625181
0.31 3 1094.8746508081747
0.31 4 1100.3706561271931
0.31 5 1103.396730873758
0.31 6 1103.3968045032645
0.31 7 1107.529944238
0.31 8 1103.3967536858543
0.31 9 1083.9192952633457
0.31 10 1116.7019195720172
0.31 11 1105.833589377356
0.31 12 1123.2044822592666
0.31 13 1125.118415232
0.31 14 1155.2281277720333
0.31 15 1156.0041764715997
0.31 16 1133.2568035064285
0.31 17 1103.3966677101737
0.31 18 1150.8420500845218
0.31 19 1105.8335905588633
0.31 20 1150.2245222063934
0.31 21 1150.2263417428608
0.31 22 1166.232415996892
0.31 23 1166.2324262068585
0.31 24 1155.2280959698933
0.31 25 1159.9310365156668
0.31 26 1160.1299634815864
0.31 27 1166.2324265301174
0.31 28 1166.2324244510894
0.31 29 1168.4427495461466
0.31 30 1171.7496483117957
0.31 31 1171.7496439688475
0.31 32 1177.2729617344296
0.31 33 1177.2729623875719
0.31 34 1175.5438649867012
0.31 35 1185.1427166
0.31 36 1171.749642920668
0.31 37 1199.27889075225
0.31 38 1192.6457262811123
0.31 39 1199.278890827337
0.31 40 1199.278854034814
0.31 41 1203.204273472
0.31 42 1205.709188389201
0.31 43 1205.7091020895496
0.31 44 1205.708986715578
0.31 45 1834.9498452294717
0.31 46 1216.826434622
0.31 47 1226.7225413059043
0.31 48 1224.092622368155
0.31 49 1223.548419242
0.31 50 1228.2204372979265
0.31 51 1230.4310372115926
0.31 52 1230.4310372137113
0.31 53 1236.8742174969668
0.31 54 1238.368965196
0.31 55 1240.545787344
0.31 56 1254.5327469848448
0.31 57 1256.2386266393728
0.31 58 1254.5326994688965
0.31 59 1254.5327510670757
0.31 60 1254.7963892583766
0.31 61 1256.2386266404394
0.31 62 1260.414431764748
0.31 63 1261.3648330179612
0.31 64 1273.3892668292192
0.31 65 1267.093716504
0.31 66 1273.3892442392946
0.31 67 1266.0057599023598
0.31 68 1273.3892493379656
0.31 69 1273.3891775709433
0.31 70 1223.7944624715785
0.31 71 1307.1027959690125
0.31 72 1294.1562245163254
0.31 73 1294.156219103571
0.31 74 1294.1562194823364
0.31 75 1294.1562481379558
0.31 76 1294.156234582033
0.31 77 1297.7448826625314
0.31 78 1301.493303537876
0.31 79 1307.102795972761
0.31 80 1304.7754515702586
0.31 81 1323.3092518716185
0.31 82 1339.7080488779861
0.31 83 1346.2369097853982
0.31 84 1307.1027959646015
0.31 85 1321.3370504792451
0.31 86 1326.0689471997503
0.31 87 1301.4937600102653
0.31 88 1332.7847843363777
0.31 89 1333.1831283692386
0.31 90 1333.1831283706197
0.31 91 1338.0947300657065
0.31 92 1339.7080488761485
0.31 93 1344.1162777051238
0.31 94 1346.236909784334
0.31 95 1344.1162753132664
0.31 96 1332.7847853929818
0.31 97 1349.7706964333574
0.31 98 1349.7706849921526
0.31 99 1363.3137252172335
0.32 0 1089.403140603531
0.32 1 1089.4031513496664
0.32 2 1089.4031391119147
0.32 3 1094.874747639156
0.32 4 1098.995135126
0.32 5 1103.4008514395018
0.32 6 1103.4006114365188
0.32 7 1107.529944238
0.32 8 1103.400602563289
0.32 9 1078.4572622684514
0.32 10 1116.6995901471173
0.32 11 1105.8337570827593
0.32 12 1123.2044509752286
0.32 13 1125.118415232
0.32 14 1159.939118578944
0.32 15 1154.088911009978
0.32 16 1133.2569404837413
0.32 17 1103.4000495012258
0.32 18 1150.8382763535476
0.32 19 1105.8337600417688
0.32 20 1150.2245296094304
0.32 21 1150.2247098013167
0.32 22 1168.4426371841473
0.32 23 1171.7497339128743
0.32 24 1155.2283431470096
0.32 25 1155.2283143545817
0.32 26 1160.130013812068
0.32 27 1166.232524549322
0.32 28 1166.232524469389
0.32 29 1168.4426371813545
0.32 30 1171.7497362605463
0.32 31 1171.7497441482428
0.32 32 1177.2730462870315
0.32 33 1177.2730409245871
0.32 34 1175.5442610473879
0.32 35 1185.1427166
0.32 36 1171.7497399855224
0.32 37 1199.3044512653048
0.32 38 1192.6650635926806
0.32 39 1196.986154692
0.32 40 1199.304490131991
0.32 41 1203.204273472
0.32 42 1205.7083680951523
0.32 43 1205.7085382972202
0.32 44 1205.7082622019848
0.32 45 1674.7966999962832
0.32 46 1216.826434622
0.32 47 1226.723755206613
0.32 48 1224.0902814049296
0.32 49 1223.548419242
0.32 50 1228.220633206864
0.32 51 1230.431038113599
0.32 52 1230.4310381131895
0.32 53 1236.8742234386773
0.32 54 1238.082313574629
0.32 55 1240.545787344
0.32 56 1254.537871814184
0.32 57 1256.2386525917768
0.32 58 1254.5371315893176
0.32 59 1226.7237517759488
0.32 60 1254.5378790361967
0.32 61 1256.2386525951151
0.32 62 1260.4144372248277
0.32 63 1261.3649466421537
0.32 64 1273.3893265659644
0.32 65 1267.093716504
0.32 66 1273.389245292715
0.32 67 1266.0057812738573
0.32 68 1273.3893082396507
0.32 69 1273.38925042539
0.32 70 1223.7949829611546
0.32 71 1307.1028000831495
0.32 72 1294.1559684680994
0.32 73 1294.1560061491539
0.32 74 1294.1560193660812
0.32 75 1294.1559885822164
0.32 76 1294.155977979917
0.32 77 1297.7450336419247
0.32 78 1301.492700458536
0.32 79 1307.1028001876812
0.32 80 1304.7755950304158
0.32 81 1323.3039311744333
0.32 82 1339.707967975145
0.32 83 1346.236811158293
0.32 84 1307.1028001883133
0.32 85 1321.3356084661632
0.32 86 1326.0635589524384
0.32 87 1301.4926596790053
0.32 88 1332.7848462296995
0.32 89 1333.1830648341904
0.32 90 1333.1830648297448
0.32 91 1338.094915532398
0.32 92 1339.707967975207
0.32 93 1344.116206628887
0.32 94 1346.2368111548665
0.32 95 1344.116202639382
0.32 96 1349.7705481467951
0.32 97 1349.7705561212376
0.32 98 1349.7705515239516
0.32 99 1363.3133867061854
0.33 0 1089.4033413912302
0.33 1 1089.4033324992436
0.33 2 1089.4033542426314
0.33 3 1094.875050600116
0.33 4 1098.995135126
0.33 5 1103.4049994497163
0.33 6 1103.4049885282514
0.33 7 1107.529944238
0.33 8 1103.4050337716847
0.33 9 1078.457470725283
0.33 10 1116.6980289305036
0.33 11 1105.8339317975165
0.33 12 1125.105408639855
0.33 13 1125.118415232
0.33 14 1159.9467855350492
0.33 15 1155.2285598677097
0.33 16 1133.2570715792767
0.33 17 1103.4047708971004
0.33 18 1150.8390650647289
0.33 19 1105.833932571461
0.33 20 1150.2245346820139
0.33 21 1150.2230772835098
0.33 22 1168.4425247746394
0.33 23 920.0514665602972
0.33 24 1155.2285745214983
0.33 25 1159.9460237537653
0.33 26 1160.130064125369
0.33 27 1166.2326336245358
0.33 28 1166.2326303063421
0.33 29 1168.442524779235
0.33 30 1171.749831208173
0.33 31 1171.749831861453
0.33 32 1177.273125525232
0.33 33 1177.2731222754344
0.33 34 1175.5456063123447
0.33 35 1177.2731148992243
0.33 36 1171.7498308350987
0.33 37 1199.3284825738185
0.33 38 1192.6892259429496
0.33 39 1199.3284968520604
0.33 40 1199.3284957849141
0.33 41 1203.204273472
0.33 42 1205.707552441415
0.33 43 1205.7075209611835
0.33 44 1205.7075673892177
0.33 45 1660.4304658436768
0.33 46 1216.826434622
0.33 47 1226.7266728576894
0.33 48 1224.0878201178418
0.33 49 1223.548419242
0.33 50 1228.2208353940418
0.33 51 1230.4310390068256
0.33 52 1230.431039000424
0.33 53 1236.8742293746982
0.33 54 1238.0824190075173
0.33 55 1240.545787344
0.33 56 1254.542989813202
0.33 57 1256.2386785404105
0.33 58 1254.5429196554053
0.33 59 1254.5428893719775
0.33 60 1254.5429510450872
0.33 61 1256.238678543319
0.33 62 1260.4144682591123
0.33 63 1261.365060301382
0.33 64 1273.3893864230465
0.33 65 1267.093716504
0.33 66 1273.3893369610037
0.33 67 1266.0056519238817
0.33 68 1273.3893672668971
0.33 69 1273.3892978807203
0.33 70 1223.795256639353
0.33 71 1307.102804323248
0.33 72 1294.1557390705902
0.33 73 1294.1557464213565
0.33 74 1294.1557642180985
0.33 75 1294.1557289831146
0.33 76 1294.1557213226126
0.33 77 1297.7441831521899
0.33 78 1301.4921422559655
0.33 79 1307.1028043760796
0.33 80 1304.7755827434985
0.33 81 1323.2979203438433
0.33 82 1339.707887063495
0.33 83 1346.2367125196497
0.33 84 1307.1028043354506
0.33 85 1321.3341964314216
0.33 86 1326.0539220613182
0.33 87 1301.4928227477692
0.33 88 1332.784903721761
0.33 89 1333.1830012894989
0.33 90 1333.1830012864993
0.33 91 1338.0947842219675
0.33 92 1339.707887060989
0.33 93 1344.1161306737238
0.33 94 1346.23671251926
0.33 95 1344.1161299755381
0.33 96 1352.279348728
0.33 97 1349.770419320337
0.33 98 1349.7704171928472
0.33 99 1363.313049711645
0.34 0 1089.4035366363896
0.34 1 1089.403540727703
0.34 2 1089.4035323359283
0.34 3 1094.875258677781
0.34 4 1098.995135126
0.34 5 1103.409175570311
0.34 6 1103.408997589137
0.34 7 1107.529944238
0.34 8 1103.4091802944597
0.34 9 1078.457682278596
0.34 10 1116.6960828705069
0.34 11 1105.8340992258618
0.34 12 1125.1176360380452
0.34 13 1125.118415232
0.34 14 1159.9551085831247
0.34 15 1161.260759127614
0.34 16 1133.257206893976
0.34 17 1100.4380277374503
0.34 18 1151.8694401426526
0.34 19 1105.8341043833411
0.34 20 1150.2235469015225
0.34 21 1150.2214441889107
0.34 22 1168.4424123289707
0.34 23 1151.612563537777
0.34 24 1155.2287924098107
0.34 25 1159.955425030195
0.34 26 1160.1301144219171
0.34 27 1166.2327399734818
0.34 28 1166.2327341274074
0.34 29 1168.442412327933
0.34 30 1171.7499224606843
0.34 31 1171.749934142996
0.34 32 1177.2732013016152
0.34 33 1177.2731896631733
0.34 34 1175.5447586403918
0.34 35 1185.1427166
0.34 36 1171.7499204038722
0.34 37 1199.3511449377393
0.34 38 1192.7166514322112
0.34 39 1199.3511319903457
0.34 40 1199.3511535876235
0.34 41 1203.204273472
0.34 42 1205.7068647351227
0.34 43 1205.7068664279298
0.34 44 1205.7076202757514
0.34 45 1640.1817268102698
0.34 46 1216.826434622
0.34 47 1226.7289974490004
0.34 48 1224.0853388933988
0.34 49 1223.548419242
0.34 50 1228.2210387134724
0.34 51 1230.4310398673647
0.34 52 1230.43103986806
0.34 53 1236.874235292496
0.34 54 1238.0825093626308
0.34 55 1240.545787344
0.34 56 1254.5479923991602
0.34 57 1256.2387044814798
0.34 58 1254.5478173816568
0.34 59 1251.8948212864009
0.34 60 1254.5477744707578
0.34 61 1256.238704485379
0.34 62 1260.4144747403082
0.34 63 1261.3651739873803
0.34 64 1273.389388520962
0.34 65 1267.093716504
0.34 66 1273.3894280749323
0.34 67 1266.0057496141062
0.34 68 1273.3894264198225
0.34 69 1273.3893942050431
0.34 70 1223.7957702555289
0.34 71 1307.102808571359
0.34 72 1294.1554829163986
0.34 73 1294.1554866344961
0.34 74 1294.1555090133068
0.34 75 1294.155469342429
0.34 76 1294.1554646101354
0.34 77 1297.7436657573542
0.34 78 1301.4917606400777
0.34 79 1307.1028085536022
0.34 80 1304.7758765616338
0.34 81 1323.292674907674
0.34 82 1339.7078061370373
0.34 83 1346.2366138705806
0.34 84 1307.1028085234655
0.34 85 1321.332752222629
0.34 86 1326.049948757806
0.34 87 1301.492045014149
0.34 88 1332.7849573541907
0.34 89 1333.1829377373458
0.34 90 1333.182937738495
0.34 91 1338.0951526062531
0.34 92 1339.707806146361
0.34 93 1344.116064376761
0.34 94 1346.2366138696323
0.34 95 1344.1160642795742
0.34 96 1352.279348728
0.34 97 1349.7702785888507
0.34 98 1349.7702884968285
0.34 99 1363.3127109640293
0.35000000000000003 0 1089.4037321514388
0.35000000000000003 1 1089.4037342867757
0.35000000000000003 2 1089.4037218663
0.35000000000000003 3 1094.8753679011509
0.35000000000000003 4 1100.3727740508284
0.35000000000000003 5 1103.4133804929636
0.35000000000000003 6 1103.4133427754161
0.35000000000000003 7 1107.529944238
0.35000000000000003 8 1103.412970977867
0.35000000000000003 9 1078.4578970054229
0.35000000000000003 10 1116.6941143847007
0.35000000000000003 11 1105.8342747399133
0.35000000000000003 12 1125.1118088811463
0.35000000000000003 13 1125.118415232
0.35000000000000003 14 1159.9640187259824
0.35000000000000003 15 1154.0895762150467
0.35000000000000003 16 1133.2573271664241
0.35000000000000003 17 1100.372782947449
0.35000000000000003 18 1150.8361409982401
0.35000000000000003 19 1105.83426997785
0.35000000000000003 20 1150.224040509629
0.35000000000000003 21 1150.2198105189966
0.35000000000000003 22 1168.4422998289326
0.35000000000000003 23 1151.6103130865833
0.35000000000000003 24 1155.2290270327785
0.35000000000000003 25 1159.9639962122728
0.35000000000000003 26 1160.1301646974546
0.35000000000000003 27 1166.2328485157095
0.35000000000000003 28 1166.2328471135381
0.35000000000000003 29 1168.4422998287516
0.35000000000000003 30 1171.750016326389
0.35000000000000003 31 1171.7500198017485
0.35000000000000003 32 1177.27327791596
0.35000000000000003 33 1177.2732742601993
0.35000000000000003 34 1175.5450973980294
0.35000000000000003 35 1184.8832968951615
0.35000000000000003 36 1171.7500151193167
0.35000000000000003 37 1199.372707830959
0.35000000000000003 38 1192.7408691064563
0.35000000000000003 39 1199.3726587276187
0.35000000000000003 40 1199.3726955462264
0.35000000000000003 41 1203.204273472
0.35000000000000003 42 1205.706205682283
0.35000000000000003 43 1205.7063489008956
0.35000000000000003 44 1205.706080051855
0.35000000000000003 45 1535.8181384260365
0.35000000000000003 46 1216.826434622
0.35000000000000003 47 1226.7310547383388
0.35000000000000003 48 1224.082898017067
0.35000000000000003 49 1223.548419242
0.35000000000000003 50 1228.2212075064406
0.35000000000000003 51 1230.4310407124624
0.35000000000000003 52 1230.4310407163002
0.35000000000000003 53 1236.8742411976925
0.35000000000000003 54 1238.0826070354842
0.35000000000000003 55 1240.545787344
0.35000000000000003 56 1254.5530453843846
0.35000000000000003 57 1256.2387304219428
0.35000000000000003 58 1254.5530171196606
0.35000000000000003 59 1252.038566856
0.35000000000000003 60 1254.551659847749
0.35000000000000003 61 1256.238730421273
0.35000000000000003 62 1260.4144973004454
0.35000000000000003 63 1261.3652876933304
0.35000000000000003 64 1273.389477455936
0.35000000000000003 65 1267.093716504
0.35000000000000003 66 1273.3894605426797
0.35000000000000003 67 1266.0057237687
0.35000000000000003 68 1273.3894856985469
0.35000000000000003 69 1273.389420825694
0.35000000000000003 70 1223.7960781155123
0.35000000000000003 71 1307.1028129072322
0.35000000000000003 72 1294.1552267145032
0.35000000000000003 73 1294.1552267886304
0.35000000000000003 74 1294.1552537515538
0.35000000000000003 75 1294.155269643329
0.35000000000000003 76 1294.1552467661722
0.35000000000000003 77 1297.7433918409192
0.35000000000000003 78 1301.4910274722422
0.35000000000000003 79 1307.102812760709
0.35000000000000003 80 1304.7760228692391
0.35000000000000003 81 1323.2871382758058
0.35000000000000003 82 1339.7077252112817
0.35000000000000003 83 1346.23651521517
0.35000000000000003 84 1307.1028126803633
0.35000000000000003 85 1321.3313472009897
0.35000000000000003 86 1326.0436701518406
0.35000000000000003 87 1301.4910290432945
0.35000000000000003 88 1332.7850154841492
0.35000000000000003 89 1333.1828741804886
0.35000000000000003 90 1333.182874182059
0.35000000000000003 91 1338.095335166715
0.35000000000000003 92 1339.707725208641
0.35000000000000003 93 1344.1159882871045
0.35000000000000003 94 1346.2365152109878
0.35000000000000003 95 1344.11599418232
0.35000000000000003 96 1352.279348728
0.35000000000000003 97 1349.770150132996
0.35000000000000003 98 1349.7701451947269
0.35000000000000003 99 1363.3123678879217
0.36 0 1089.4039106392513
0.36 1 1089.4039320292493
0.36 2 1089.4039276775143
0.36 3 1094.875089781898
0.36 4 1098.995135126
0.36 5 1103.4166442647784
0.36 6 1103.4174940674238
0.36 7 1107.529944238
0.36 8 1103.4175057404912
0.36 9 1078.4581017265232
0.36 10 1116.6921883413806
0.36 11 1105.834439301564
0.36 12 1125.1059888567775
0.36 13 1125.118415232
0.36 14 1155.2292241818195
0.36 15 1153.865622050826
0.36 16 1133.2574655432152
0.36 17 1100.3733180523823
0.36 18 1150.835832594044
0.36 19 1093.6363934416565
0.36 20 1150.2230536384961
0.36 21 1150.218176268259
0.36 22 1166.2329462150803
0.36 23 1151.6095868772777
0.36 24 1154.0896494459903
0.36 25 1159.9724543464013
0.36 26 1160.1302149623584
0.36 27 1166.232951593803
0.36 28 1166.2329511870885
0.36 29 1168.4421872932792
0.36 30 1171.7501122461244
0.36 31 1171.7501094830222
0.36 32 1177.2733564121527
0.36 33 1177.2733508775564
0.36 34 1175.5454368489818
0.36 35 1184.8730150429922
0.36 36 1177.2733579229068
0.36 37 1199.383668577629
0.36 38 1192.764676930243
0.36 39 1199.3836613563697
0.36 40 1199.3836647978137
0.36 41 1203.204273472
0.36 42 1205.705382772326
0.36 43 1205.7054056309046
0.36 44 1205.7057277182473
0.36 45 1625.9360031191795
0.36 46 1216.826434622
0.36 47 1226.7325686150286
0.36 48 1224.0805173803
0.36 49 1223.548419242
0.36 50 1228.221439870927
0.36 51 1230.431041544761
0.36 52 1230.4310415475193
0.36 53 1236.874247080846
0.36 54 1238.0827085893393
0.36 55 1240.545787344
0.36 56 1254.5580875729663
0.36 57 1256.238756355921
0.36 58 1254.5580968670934
0.36 59 1254.5580819736583
0.36 60 1254.5581285030069
0.36 61 1256.2387563536186
0.36 62 1260.4145104543652
0.36 63 1261.365401424598
0.36 64 1273.3895084244834
0.36 65 1267.093716504
0.36 66 1273.3895512252047
0.36 67 1266.0057391170672
0.36 68 1273.3894901479875
0.36 69 1273.3894936832623
0.36 70 1220.7021342514024
0.36 71 1307.1028169538404
0.36 72 1294.154970465001
0.36 73 1294.1549668837893
0.36 74 1294.1549984329765
0.36 75 1294.1550102430397
0.36 76 1294.154989980324
0.36 77 1297.743001173517
0.36 78 1301.4904708932988
0.36 79 1307.1028169239084
0.36 80 1304.776172324464
0.36 81 1323.2822992654371
0.36 82 1339.7076442715997
0.36 83 1346.2364165419735
0.36 84 1307.1028169514261
0.36 85 1321.3299380144379
0.36 86 1326.036958237827
0.36 87 1301.4905934744586
0.36 88 1332.7850752553113
0.36 89 1333.1828106241232
0.36 90 1333.1828106191133
0.36 91 1338.0951372102
0.36 92 1339.707644271176
0.36 93 1344.115917436461
0.36 94 1346.2364165403048
0.36 95 1344.1159217646164
0.36 96 1349.7700160830025
0.36 97 1349.7700082631497
0.36 98 1349.7700127771902
0.36 99 1363.3120286644005
0.37 0 1089.4041245328974
0.37 1 1089.4041054964139
0.37 2 1089.4041167627029
0.37 3 1094.8745000235444
0.37 4 1098.995135126
0.37 5 1103.4216278343617
0.37 6 1103.4217851833055
0.37 7 1107.529944238
0.37 8 1103.4215306192639
0.37 9 1083.9252415923681
0.37 10 1116.690241148459
0.37 11 1105.8346136773675
0.37 12 1125.1191298015822
0.37 13 1125.118415232
0.37 14 1150.8350978264496
0.37 15 1154.0907145692129
0.37 16 1133.257597197431
0.37 17 1100.3737948166338
0.37 18 1150.8355218844795
0.37 19 1093.635589140981
0.37 20 1150.2225576625706
0.37 21 1150.2288196380546
0.37 22 1166.2330562258992
0.37 23 1151.607723756835
0.37 24 1155.2294495618967
0.37 25 1155.2294988609347
0.37 26 1160.130265204345
0.37 27 1166.233055989673
0.37 28 1166.2330495139936
0.37 29 1168.44207470428
0.37 30 1171.750198228592
0.37 31 1171.750204109628
0.37 32 1177.2734299262202
0.37 33 1177.2734374961099
0.37 34 1175.5457769544828
0.37 35 1177.2734254665934
0.37 36 1171.750203561663
0.37 37 1199.3836988468104
0.37 38 1192.7815476518372
0.37 39 1196.986154692
0.37 40 1199.383686387109
0.37 41 1203.204273472
0.37 42 1205.704645100459
0.37 43 1205.7048895028577
0.37 44 1205.704998803656
0.37 45 1627.6096252930022
0.37 46 1216.826434622
0.37 47 1226.7354316701017
0.37 48 1224.0780967611402
0.37 49 1223.548419242
0.37 50 1228.2216405497581
0.37 51 1230.4310423547997
0.37 52 1230.431042357675
0.37 53 1236.8742529494737
0.37 54 1238.0828020178383
0.37 55 1240.545787344
0.37 56 1254.5631580696997
0.37 57 1256.2387822839457
0.37 58 1254.5630610459611
0.37 59 1251.9090150878455
0.37 60 1254.5631323327507
0.37 61 1256.2387822854416
0.37 62 1260.4145205202542
0.37 63 1261.3655151940536
0.37 64 1273.389627053245
0.37 65 1267.093716504
0.37 66 1273.3896129781117
0.37 67 1266.0056191011283
0.37 68 1273.3895491367534
0.37 69 1273.3895461277775
0.37 70 1220.769026117506
0.37 71 1307.102821164079
0.37 72 1294.1547141679787
0.37 73 1294.1547305133001
0.37 74 1294.1547430576545
0.37 75 1294.1547508099861
0.37 76 1294.154733139441
0.37 77 1297.742652223995
0.37 78 1301.4899585424494
0.37 79 1307.1028211199318
0.37 80 1304.7761472347772
0.37 81 1323.2764351229125
0.37 82 1339.7075633257728
0.37 83 1346.2363178598848
0.37 84 1307.1028211321752
0.37 85 1320.686414620421
0.37 86 1326.0302185453904
0.37 87 1301.4899360900235
0.37 88 1332.7851286742364
0.37 89 1333.1827470502203
0.37 90 1333.182747049824
0.37 91 1338.095698741446
0.37 92 1339.7075633322893
0.37 93 1344.1158478334107
0.37 94 1346.2363178600874
0.37 95 1344.1158510737798
0.37 96 1349.7698828215273
0.37 97 1352.7701475638487
0.37 98 1349.7698781076137
0.37 99 1363.3116902696954
0.38 0 1089.4043191316784
0.38 1 1089.404321636945
0.38 2 1089.4043157543908
0.38 3 1094.8739538486088
0.38 4 1100.3743366943218
0.38 5 1103.4251300845378
0.38 6 1103.4251989890984
0.38 7 1107.529944238
0.38 8 1103.4255840575674
0.38 9 1040.184352087447
0.38 10 1116.688301486415
0.38 11 1105.8347853144119
0.38 12 1125.094370168029
0.38 13 1125.118415232
0.38 14 1159.9908238115702
0.38 15 1154.0909619631452
0.38 16 1133.2577344420347
0.38 17 1103.425487882518
0.38 18 1150.835164194126
0.38 19 1103.4258095276957
0.38 20 1150.2245204081257
0.38 21 1150.2271773099383
0.38 22 1168.4419620741642
0.38 23 1151.6051875234077
0.38 24 1155.2296979848982
0.38 25 1159.9908941510043
0.38 26 1160.130315436092
0.38 27 1166.23317448128
0.38 28 1166.2331636750505
0.38 29 1168.4419620740164
0.38 30 1171.750297871009
0.38 31 1171.7502953356548
0.38 32 1177.273516008971
0.38 33 1177.2735093366746
0.38 34 1175.5462954623356
0.38 35 1184.8762093547346
0.38 36 1171.7502973460923
0.38 37 1199.383721305164
0.38 38 1192.8053649839576
0.38 39 1199.383727304272
0.38 40 1199.3837314993618
0.38 41 1203.204273472
0.38 42 1205.7039167362586
0.38 43 1205.7039785499003
0.38 44 1205.7038918336439
0.38 45 2131.04636755893
0.38 46 1216.826434622
0.38 47 1226.737501142254
0.38 48 1224.0756763714123
0.38 49 1223.548419242
0.38 50 1228.2218541846476
0.38 51 1230.4310431507565
0.38 52 1230.431043137163
0.38 53 1236.8742588028579
0.38 54 1238.0828999739979
0.38 55 1240.545787344
0.38 56 1254.5681278498319
0.38 57 1256.2388082070286
0.38 58 1254.568084838721
0.38 59 1226.737603270907
0.38 60 1254.5681057584634
0.38 61 1256.2388082050882
0.38 62 1260.4145305605862
0.38 63 1261.3656290435588
0.38 64 1273.3896287977993
0.38 65 1267.093716504
0.38 66 1273.3896467928946
0.38 67 1266.0056955956932
0.38 68 1273.3896642909008
0.38 69 1273.3896002456472
0.38 70 1223.7977112550986
0.38 71 1307.1028253294705
0.38 72 1294.1544578235262
0.38 73 1294.154470529746
0.38 74 1294.1544876254482
0.38 75 1294.154491345994
0.38 76 1294.1544762435803
0.38 77 1297.7423450771519
0.38 78 1301.489359366606
0.38 79 1307.102825349195
0.38 80 1304.7762788864652
0.38 81 1323.271761301657
0.38 82 1339.7074823692085
0.38 83 1346.2362191675963
0.38 84 1307.1028253467562
0.38 85 1320.6863604710272
0.38 86 1326.0169648262533
0.38 87 1304.776433823793
0.38 88 1332.7851893917937
0.38 89 1333.182683474909
0.38 90 1333.1826834759274
0.38 91 1338.0958676199357
0.38 92 1339.7074823681169
0.38 93 1344.1157767425148
0.38 94 1344.1157804708898
0.38 95 1344.1157777598464
0.38 96 1349.7697402769886
0.38 97 1352.7700306736083
0.38 98 1349.7697425551062
0.38 99 1349.7697426622376
0.39 0 1089.404511939561
0.39 1 1089.4045160500114
0.39 2 1089.4045137043745
0.39 3 1094.8733702801464
0.39 4 1100.3746740344927
0.39 5 1103.4294180442066
0.39 6 1103.4302527782122
0.39 7 1107.529944238
0.39 8 1103.429845861291
0.39 9 1078.4587443849368
0.39 10 1116.6863612827444
0.39 11 1105.834953565173
0.39 12 1125.0885714850403
0.39 13 1125.118415232
0.39 14 1159.999962013433
0.39 15 1177.2735835919323
0.39 16 1133.257855709983
0.39 17 1103.4301026354476
0.39 18 1150.834374979226
0.39 19 1103.430167753142
0.39 20 1150.22057621796
0.39 21 1150.2255343985917
0.39 22 1168.4418493932546
0.39 23 1151.6033144384473
0.39 24 1154.091469519924
0.39 25 1159.9998450805697
0.39 26 1160.1303656479056
0.39 27 1166.2332635514776
0.39 28 1166.2332624121618
0.39 29 1168.4418493987437
0.39 30 1171.7503867964977
0.39 31 1171.7503883852287
0.39 32 1177.2735932906141
0.39 33 1177.27358938628
0.39 34 1175.546459280922
0.39 35 1184.9042305012879
0.39 36 1171.7503878274429
0.39 37 1199.3837575900639
0.39 38 1192.8280077193078
0.39 39 1196.986154692
0.39 40 1199.3837592515101
0.39 41 1205.703210489012
0.39 42 1205.7031897256054
0.39 43 1205.703430264493
0.39 44 1205.703268829373
0.39 45 1023.7932831235672
0.39 46 1216.826434622
0.39 47 1226.7397205307009
0.39 48 1224.0732560343577
0.39 49 1223.548419242
0.39 50 1228.2220504820784
0.39 51 1230.4310439180792
0.39 52 1230.4310439172154
0.39 53 1236.8742646402168
0.39 54 1238.0829956007776
0.39 55 1240.545787344
0.39 56 1254.5729824162959
0.39 57 1256.2388341255871
0.39 58 1254.5721308724333
0.39 59 1254.5730319973156
0.39 60 1254.57218971668
0.39 61 1256.2388341213127
0.39 62 1260.414553445036
0.39 63 1261.3657429362772
0.39 64 1273.3897480883968
0.39 65 1267.093716504
0.39 66 1273.389736839167
0.39 67 1266.0055974954687
0.39 68 1273.3896674982204
0.39 69 1273.3897086834586
0.39 70 1223.7978612335528
0.39 71 1307.1028296215898
0.39 72 1294.1542546936612
0.39 73 1294.1542104872378
0.39 74 1294.1542321364116
0.39 75 1294.1542318529052
0.39 76 1294.1542192927864
0.39 77 1297.7419622628759
0.39 78 1301.4888478873827
0.39 79 1307.1028295403107
0.39 80 1304.7765568599489
0.39 81 1323.2661742080786
0.39 82 1339.7074014063453
0.39 83 1346.2361204637423
0.39 84 1307.1028295872757
0.39 85 1320.6846110612478
0.39 86 1326.0170233421677
0.39 87 1333.1826198945746
0.39 88 1332.7852480606878
0.39 89 1333.1826198942615
0.39 90 1333.1826198959088
0.39 91 1338.0960023285904
0.39 92 1339.707401404099
0.39 93 1344.1157098368258
0.39 94 1344.1157122696743
0.39 95 1344.115708824233
0.39 96 1349.7696102350685
0.39 97 1352.7699137784614
0.39 98 1349.7696095570295
0.39 99 1349.7696151634564
0.4 0 1089.4047165392935
0.4 1 1089.4047134417483
0.4 2 1089.4047050256224
0.4 3 1094.8728029177375
0.4 4 1100.3736696569752
0.4 5 1103.4340186097359
0.4 6 1103.434483013687
0.4 7 1107.529944238
0.4 8 1103.434495423408
0.4 9 1083.9210475173134
0.4 10 1116.6844340326713
0.4 11 1105.8351235716407
0.4 12 1125.118586633596
0.4 13 1125.118415232
0.4 14 1155.2302121938778
0.4 15 1155.2301649743688
0.4 16 1133.2579857775888
0.4 17 1103.4345814548558
0.4 18 1150.8337738968985
0.4 19 1089.4047116516913
0.4 20 1150.2185999541282
0.4 21 1150.223890904421
0.4 22 1160.13041584417
0.4 23 1151.6007361890013
0.4 24 1154.0907753974004
0.4 25 1155.230140160973
0.4 26 1160.130415841418
0.4 27 1166.2333746267511
0.4 28 1166.2333660421941
0.4 29 1168.4417366789617
0.4 30 1171.7504786837108
0.4 31 1171.7504865488409
0.4 32 1177.2736625499906
0.4 33 1177.2736655571598
0.4 34 1175.5468014170324
0.4 35 1184.8808750338314
0.4 36 1171.7504869021477
0.4 37 1199.3837869642077
0.4 38 1192.844103564674
0.4 39 1199.3837957692642
0.4 40 1199.383791278005
0.4 41 1205.7024766495151
0.4 42 1205.7025498526398
0.4 43 1205.702700705224
0.4 44 1205.7031387609193
0.4 45 1583.8978976915
0.4 46 1216.826434622
0.4 47 1226.7417916274355
0.4 48 1224.0707958809735
0.4 49 1223.548419242
0.4 50 1228.2222433398442
0.4 51 1230.431044655929
0.4 52 1230.431044666473
0.4 53 1236.8742704651365
0.4 54 1238.08308998624
0.4 55 1240.545787344
0.4 56 1254.5780280072888
0.4 57 1256.2388600394152
0.4 58 1254.5779044512194
0.4 59 1254.577966316762
0.4 60 1254.5775755988209
0.4 61 1256.2388600355034
0.4 62 1260.4145785377161
0.4 63 1261.3658566574181
0.4 64 1273.389808785714
0.4 65 1267.093716504
0.4 66 1273.3897441408237
0.4 67 1266.0056699944137
0.4 68 1273.38972687124
0.4 69 1273.3898123310078
0.4 70 1223.7986280230327
0.4 71 1307.1028337361695
0.4 72 1294.153998230683
0.4 73 1294.1539978080818
0.4 74 1294.1539765906407
0.4 75 1294.1539688374294
0.4 76 1294.1539622870785
0.4 77 1297.7416671404635
0.4 78 1301.4883367360958
0.4 79 1307.1028337497844
0.4 80 1304.776558529344
0.4 81 1323.2633692430084
0.4 82 1339.707320434363
0.4 83 1344.1156402545769
0.4 84 1307.1028329055564
0.4 85 1320.6837045807888
0.4 86 1326.0110477542366
0.4 87 1332.785303031571
0.4 88 1332.7852964082854
0.4 89 1333.1825563037853
0.4 90 1333.1825563059165
0.4 91 1338.0961328071717
0.4 92 1339.7073204348171
0.4 93 1344.1156365996492
0.4 94 1344.1156387470646
0.4 95 1344.1156386821829
0.4 96 1332.78530173443
0.4 97 1352.7697968574334
0.4 98 1349.7694730052335
0.4 99 1349.7694733966346
0.41000000000000003 0 1089.4049036496083
0.41000000000000003 1 1089.4049071863776
0.41000000000000003 2 1089.4049025647946
0.41000000000000003 3 1094.872249296559
0.41000000000000003 4 1100.3759697376142
0.41000000000000003 5 1103.4380879237651
0.41000000000000003 6 1103.438954438164
0.41000000000000003 7 1107.529944238
0.41000000000000003 8 1103.4385492873396
0.41000000000000003 9 1078.4591593356947
0.41000000000000003 10 1116.6824881147509
0.41000000000000003 11 1105.8353021590003
0.41000000000000003 12 1125.0054719788175
0.41000000000000003 13 1125.118415232
0.41000000000000003 14 1160.0176903446684
0.41000000000000003 15 1155.230371955301
0.41000000000000003 16 1133.25811769688
0.41000000000000003 17 1100.3759420358247
0.41000000000000003 18 1150.834725018519
0.41000000000000003 19 1089.404896906963
0.41000000000000003 20 1150.2205547830624
0.41000000000000003 21 1150.2222468223904
0.41000000000000003 22 1155.2303961063024
0.41000000000000003 23 1151.600415663918
0.41000000000000003 24 1155.2303737762788
0.41000000000000003 25 1160.017714379691
0.41000000000000003 26 1160.1304660331593
0.41000000000000003 27 1166.2334750534685
0.41000000000000003 28 1166.233471323702
0.41000000000000003 29 1168.4416239100144
0.41000000000000003 30 1171.7505734741694
0.41000000000000003 31 1171.7505731622127
0.41000000000000003 32 1177.2737454837359
0.41000000000000003 33 1177.2737430755349
0.41000000000000003 34 1175.5471443315296
0.41000000000000003 35 1185.1427166
0.41000000000000003 36 1171.7505743734089
0.41000000000000003 37 1199.38382699205
0.41000000000000003 38 1192.8656529879902
0.41000000000000003 39 1196.986154692
0.41000000000000003 40 1199.383820399571
0.41000000000000003 41 1205.7017626855647
0.41000000000000003 42 1205.7017547262772
0.41000000000000003 43 1205.7018653779162
0.41000000000000003 44 1205.7016994711903
0.41000000000000003 45 1726.1853090328252
0.41000000000000003 46 1216.826434622
0.41000000000000003 47 1226.7439555678304
0.41000000000000003 48 1224.0683957994731
0.41000000000000003 49 1223.548419242
0.41000000000000003 50 1228.2224497034958
0.41000000000000003 51 1230.4310454053195
0.41000000000000003 52 1230.4310454066203
0.41000000000000003 53 1236.8742762676745
0.41000000000000003 54 1238.0831890516981
0.41000000000000003 55 1240.545787344
0.41000000000000003 56 1254.5829315032563
0.41000000000000003 57 1256.238885943654
0.41000000000000003 58 1254.582911616464
0.41000000000000003 59 1254.5829414995258
0.41000000000000003 60 1254.5829538302085
0.41000000000000003 61 1256.238885943486
0.41000000000000003 62 1260.4145811368287
0.41000000000000003 63 1261.3659705375503
0.41000000000000003 64 1273.3898102368687
0.41000000000000003 65 1267.093716504
0.41000000000000003 66 1273.3898340946425
0.41000000000000003 67 1266.0055090187152
0.41000000000000003 68 1273.3898151963149
0.41000000000000003 69 1273.3898804041617
0.41000000000000003 70 1223.799080860527
0.41000000000000003 71 1307.1027164682573
0.41000000000000003 72 1294.1537417201198
0.41000000000000003 73 1294.1537377260913
0.41000000000000003 74 1294.1537209881276
0.41000000000000003 75 1294.1537031853566
0.41000000000000003 76 1294.1537052265137
0.41000000000000003 77 1297.7412836358337
0.41000000000000003 78 1301.4879556561568
0.41000000000000003 79 1307.102734575115
0.41000000000000003 80 1304.7768392483715
0.41000000000000003 81 1323.2559499113795
0.41000000000000003 82 1339.7072394554773
0.41000000000000003 83 1344.1155650307217
0.41000000000000003 84 1307.1030203144694
0.41000000000000003 85 1320.6730421290417
0.41000000000000003 86 1326.001710211346
0.41000000000000003 87 1260.4145933413288
0.41000000000000003 88 1332.7853599853622
0.41000000000000003 89 1333.1824927120442
0.41000000000000003 90 1333.1824927122302
0.41000000000000003 91 1338.0963379950633
0.41000000000000003 92 1339.7072394554837
0.41000000000000003 93 1344.115568215608
0.41000000000000003 94 1344.1155671140993
0.41000000000000003 95 1344.1155688538709
0.41000000000000003 96 1332.7853575105892
0.41000000000000003 97 1352.7696799259986
0.41000000000000003 98 1349.7693400567903
0.41000000000000003 99 1349.769338606587
0.42 0 1089.4051075847176
0.42 1 1089.405096993638
0.42 2 1089.405109274585
0.42 3 1094.8716341316037
0.42 4 1098.995135126
0.42 5 1103.4432853599978
0.42 6 1103.4433871103201
0.42 7 1107.529944238
0.42 8 1103.443170835014
0.42 9 1078.459391647023
0.42 10 1116.6805717739587
0.42 11 1105.8354683748942
0.42 12 1125.0890763788175
0.42 13 1125.118415232
0.42 14 1160.0265847574353
0.42 15 1155.230601833837
0.42 16 1133.2582443721408
0.42 17 1100.3764635787388
0.42 18 1150.8330740593854
0.42 19 1089.405095439374
0.42 20 1150.2225054891715
0.42 21 1150.220602156115
0.42 22 1160.0263355246796
0.42 23 1151.5985591471178
0.42 24 1155.2305917394096
0.42 25 1160.0266043261067
0.42 26 1160.1305161873963
0.42 27 1166.2335764107877
0.42 28 1166.2335771158705
0.42 29 1168.441511097983
0.42 30 1171.7506664697373
0.42 31 1171.750665040962
0.42 32 1177.2738217820595
0.42 33 1177.2738235416195
0.42 34 1175.5474878424448
0.42 35 1185.1427166
0.42 36 1171.7506632716184
0.42 37 1199.3838604095345
0.42 38 1192.881615817451
0.42 39 1196.986154692
0.42 40 1199.3838590005957
0.42 41 1205.7013406350252
0.42 42 1205.7010957266214
0.42 43 1205.7009869557976
0.42 44 1205.7009748195915
0.42 45 1166.2335790827221
0.42 46 1216.826434622
0.42 47 1226.7461245375753
0.42 48 1224.0659759092496
0.42 49 1223.548419242
0.42 50 1228.2226313832764
0.42 51 1230.431046119164
0.42 52 1230.431046115004
0.42 53 1236.8742820531627
0.42 54 1238.0832813364684
0.42 55 1240.545787344
0.42 56 1254.5878148553804
0.42 57 1256.2389118457565
0.42 58 1254.5877595148652
0.42 59 1251.9199613556132
0.42 60 1254.5857423345178
0.42 61 1256.2389118497626
0.42 62 1260.4145951161365
0.42 63 1261.3660846433609
0.42 64 1273.389900745004
0.42 65 1267.093716504
0.42 66 1273.389923517932
0.42 67 1266.0056515070671
0.42 68 1273.3899041827322
0.42 69 1273.3899480915425
0.42 70 1223.7986666715328
0.42 71 1307.102842145876
0.42 72 1294.1534851620652
0.42 73 1294.1534775850935
0.42 74 1294.1534653287354
0.42 75 1294.153458336383
0.42 76 1294.1535264743957
0.42 77 1297.740941131588
0.42 78 1301.487315420612
0.42 79 1307.1028421769754
0.42 80 1304.776979259671
0.42 81 1323.2508204035234
0.42 82 1339.7071584639964
0.42 83 1344.11549330857
0.42 84 1307.1028421661151
0.42 85 1320.6719786624788
0.42 86 1325.9982896031333
0.42 87 1266.0056312627362
0.42 88 1332.7854163587588
0.42 89 1332.785409069787
0.42 90 1333.1824291110447
0.42 91 1338.0962696472118
0.42 92 1339.707158463958
0.42 93 1344.1154958944876
0.42 94 1344.1154977547953
0.42 95 1344.1154951205745
0.42 96 1352.279348728
0.42 97 1352.769562986038
0.42 98 1349.7692056848366
0.42 99 1352.7695629866716
0.43 0 1089.4052940591869
0.43 1 1089.4052978694401
0.43 2 1089.4052921995622
0.43 3 1094.8711049342817
0.43 4 1100.3769895728392
0.43 5 1103.44720373569
0.43 6 1103.4478527146305
0.43 7 1107.529944238
0.43 8 1103.447556293621
0.43 9 1078.4595789847046
0.43 10 1116.6785470603722
0.43 11 1105.835632616104
0.43 12 1123.2171999577104
0.43 13 1125.118415232
0.43 14 1160.034561234396
0.43 15 1154.0929117158025
0.43 16 1133.2583798750327
0.43 17 1103.245750282071
0.43 18 1150.8380763380105
0.43 19 1089.4052912443776
0.43 20 1150.2205239629463
0.43 21 1150.2189569045233
0.43 22 1160.0325305799518
0.43 23 1151.596814203784
0.43 24 1155.2308699324756
0.43 25 1155.2308434827833
0.43 26 1160.1305663431533
0.43 27 1166.2336780560033
0.43 28 1166.233674318508
0.43 29 1168.4413982498672
0.43 30 1171.7507575414688
0.43 31 1171.750760813594
0.43 32 1177.273897963607
0.43 33 1177.2738973255073
0.43 34 1175.5478319898305
0.43 35 1184.9085078689618
0.43 36 1166.2336759726031
0.43 37 1199.3838909242368
0.43 38 1192.901370932782
0.43 39 1199.3838885388548
0.43 40 1199.3838880055264
0.43 41 1205.7002959617657
0.43 42 1205.7002636151094
0.43 43 1205.7002293320754
0.43 44 1205.7003146800735
0.43 45 1557.6213905194277
0.43 46 1216.826434622
0.43 47 1226.748191188211
0.43 48 1224.0635361676939
0.43 49 1223.548419242
0.43 50 1228.2228596230636
0.43 51 1230.4310468237477
0.43 52 1230.4310468085203
0.43 53 1236.8742878275918
0.43 54 1238.0833799214358
0.43 55 1240.545787344
0.43 56 1254.592688385842
0.43 57 1256.2389377510633
0.43 58 1254.5923352735535
0.43 59 1254.5926605642378
0.43 60 1254.592698998112
0.43 61 1256.23893774941
0.43 62 1260.4146120212883
0.43 63 1261.3661983796283
0.43 64 1273.3899915956806
0.43 65 1267.093716504
0.43 66 1273.3899859805265
0.43 67 1266.0056501177048
0.43 68 1273.3899644723106
0.43 69 1273.3900154200076
0.43 70 1223.7999590990407
0.43 71 1307.102847704547
0.43 72 1294.1532285566
0.43 73 1294.1532173852374
0.43 74 1294.153209612651
0.43 75 1294.1532428366343
0.43 76 1294.1532693780523
0.43 77 1297.740617114543
0.43 78 1301.486762229639
0.43 79 1307.1028463537123
0.43 80 1304.777007488987
0.43 81 1323.2460876289988
0.43 82 1338.4500222698991
0.43 83 1344.1154269687697
0.43 84 1307.1028471246486
0.43 85 1320.670946862374
0.43 86 1325.9919446241024
0.43 87 1267.921876065308
0.43 88 1332.7854705533816
0.43 89 1332.7854750741296
0.43 90 1333.1823655093654
0.43 91 1338.0965800587305
0.43 92 1339.7070774666952
0.43 93 1344.115426814656
0.43 94 1344.11542880228
0.43 95 1344.1154265804005
0.43 96 1332.785477968178
0.43 97 1352.7694460291927
0.43 98 1349.7690680109365
0.43 99 1346.2357255379063
0.44 0 1089.4054963407089
0.44 1 1089.4054958645224
0.44 2 1089.405491559162
0.44 3 1094.870537721075
0.44 4 1100.3775744482605
0.44 5 1103.451667458919
0.44 6 1103.4523520205948
0.44 7 1107.529944238
0.44 8 1103.4523308286505
0.44 9 1078.4598162723023
0.44 10 1116.676690688107
0.44 11 1105.835806366999
0.44 12 1124.9884303907763
0.44 13 1125.118415232
0.44 14 1160.0439736207295
0.44 15 1154.0933009269795
0.44 16 1133.2585185845603
0.44 17 1103.2446711711546
0.44 18 1150.838658223871
0.44 19 1089.405504974411
0.44 20 1150.2205050301666
0.44 21 1150.2234259174318
0.44 22 1177.2739792946586
0.44 23 1149.5557962601035
0.44 24 1155.2310858386759
0.44 25 1155.2310781592118
0.44 26 1160.1306164792618
0.44 27 1166.233787214389
0.44 28 1166.2337893670144
0.44 29 1168.441285339561
0.44 30 1171.7508529504244
0.44 31 1171.7508557212564
0.44 32 1177.273975105718
0.44 33 1177.2739799449982
0.44 34 1175.5481768776267
0.44 35 1184.9042085747215
0.44 36 1171.7508506659358
0.44 37 1199.3839257991874
0.44 38 1192.9130431217138
0.44 39 1196.986154692
0.44 40 1199.383922966311
0.44 41 1205.6995675565577
0.44 42 1205.6996548772652
0.44 43 1205.6995639747042
0.44 44 1205.699580340478
0.44 45 2032.5514518307748
0.44 46 1216.826434622
0.44 47 1226.7503378575157
0.44 48 1224.0613160421358
0.44 49 1223.548419242
0.44 50 1228.2230475094561
0.44 51 1230.4310474854217
0.44 52 1230.4310474897457
0.44 53 1236.8742935785942
0.44 54 1238.0834806062603
0.44 55 1240.545787344
0.44 56 1254.5975598968305
0.44 57 1256.2389636530597
0.44 58 1254.5975457502898
0.44 59 1251.922910250129
0.44 60 1254.5975414117593
0.44 61 1256.2389636461169
0.44 62 1260.4146313529513
0.44 63 1261.3663123364101
0.44 64 1273.3899927283742
0.44 65 1267.093716504
0.44 66 1273.39004856119
0.44 67 1266.0055914322147
0.44 68 1273.390084128333
0.44 69 1273.3899804171322
0.44 70 1223.8591668367394
0.44 71 1307.1028489032858
0.44 72 1294.152971903814
0.44 73 1294.1529571263734
0.44 74 1294.152953839818
0.44 75 1294.1529694144767
0.44 76 1294.1530122270099
0.44 77 1297.7402815448086
0.44 78 1301.4863812638066
0.44 79 1307.1028505775973
0.44 80 1304.7772868963552
0.44 81 1323.2400534066248
0.44 82 1338.4500164976919
0.44 83 1344.1153514304544
0.44 84 1307.102850088682
0.44 85 1320.6698234874787
0.44 86 1325.9855445261733
0.44 87 1267.9219758611202
0.44 88 1332.7855315449044
0.44 89 1332.7855361886761
0.44 90 1333.1823018986643
0.44 91 1338.096720024034
0.44 92 1339.7069964620364
0.44 93 1344.1153590461724
0.44 94 1344.1153581798023
0.44 95 1344.115357566727
0.44 96 1352.279348728
0.44 97 1352.7693290600414
0.44 98 1349.7689426387406
0.44 99 1352.7693290580985
0.45 0 1089.4056909842604
0.45 1 1089.4056952485896
0.45 2 1089.4056833076875
0.45 3 1094.8699557072741
0.45 4 1100.3780532778173
0.45 5 1103.4558272205345
0.45 6 1103.4566785134284
0.45 7 1107.529944238
0.45 8 1103.4567821541195
0.45 9 1078.4600077047483
0.45 10 1116.6747202920794
0.45 11 1105.8359749810732
0.45 12 1123.2197767673376
0.45 13 1078.460036940906
0.45 14 1160.05232930924
0.45 15 1166.2339012171087
0.45 16 1133.258637228612
0.45 17 1103.2442302079644
0.45 18 1150.8321740849885
0.45 19 1094.8699002407857
0.45 20 1150.220483746955
0.45 21 1150.2217760185565
0.45 22 1177.2740600381462
0.45 23 1151.5922840773108
0.45 24 1155.2313100285153
0.45 25 1160.0528438571923
0.45 26 1160.130666589143
0.45 27 1166.2338940060918
0.45 28 1166.2338953258254
0.45 29 1168.4411723939388
0.45 30 1171.7509407147645
0.45 31 1171.7509502980552
0.45 32 1177.2740628824836
0.45 33 1177.2740524603375
0.45 34 1175.5484633984831
0.45 35 1184.900910836032
0.45 36 1171.7509581668999
0.45 37 1193.8561365856451
0.45 38 1192.9345472517346
0.45 39 1196.986154692
0.45 40 1199.3839510453215
0.45 41 1205.6987726452758
0.45 42 1205.6987885729648
0.45 43 1205.699053508509
0.45 44 1205.6990686263032
0.45 45 1542.3637940837748
0.45 46 1216.8421337038505
0.45 47 1226.7521210447878
0.45 48 1224.0586970300449
0.45 49 1223.548419242
0.45 50 1228.2232436227173
0.45 51 1230.4310481392188
0.45 52 1230.4310481472512
0.45 53 1236.8742993242263
0.45 54 1238.0835717873522
0.45 55 1240.545787344
0.45 56 1254.602370953849
0.45 57 1256.238989532444
0.45 58 1254.6022871793823
0.45 59 1251.924944714765
0.45 60 1254.6012815797678
0.45 61 1256.2389895342671
0.45 62 1260.414660057178
0.45 63 1261.3664263269056
0.45 64 1273.390114066534
0.45 65 1267.093716504
0.45 66 1273.3901112598587
0.45 67 1266.0056220146014
0.45 68 1273.3900854321987
0.45 69 1273.3900777053148
0.45 70 1223.800879195288
0.45 71 1307.1028555590397
0.45 72 1294.1527152038016
0.45 73 1294.1526968086353
0.45 74 1294.1526980102688
0.45 75 1294.1526957078281
0.45 76 1294.1527550212993
0.45 77 1297.739935329458
0.45 78 1301.485657500648
0.45 79 1307.1028556570982
0.45 80 1304.7772403484184
0.45 81 1323.2347585509158
0.45 82 1338.450010489277
0.45 83 1344.115287265861
0.45 84 1307.1028545009756
0.45 85 1320.6692527536957
0.45 86 1325.9789544285547
0.45 87 1301.4855073416509
0.45 88 1332.78558409556
0.45 89 1332.7855879458407
0.45 90 1333.182238279326
0.45 91 1338.0969316330738
0.45 92 1339.7069154461656
0.45 93 1344.115279170267
0.45 94 1344.1152851812328
0.45 95 1344.1152853125216
0.45 96 1352.279348728
0.45 97 1352.7692120782142
0.45 98 1349.7687997752712
0.45 99 1352.7692120775002
0.46 0 1089.4058787288482
0.46 1 1089.405887897528
0.46 2 1089.4058729580843
0.46 3 1094.8694064165074
0.46 4 1100.378596060462
0.46 5 1103.4614097289234
0.46 6 1103.4613657154655
0.46 7 1107.529944238
0.46 8 1103.4605585145464
0.46 9 1078.4602334927795
0.46 10 1116.6727982479958
0.46 11 1105.8361506254216
0.46 12 1123.221331294169
0.46 13 1078.4602382290698
0.46 14 1160.0615366214104
0.46 15 1166.2339988934605
0.46 16 1133.2587713700618
0.46 17 1100.3786810614833
0.46 18 1150.8331092629194
0.46 19 1083.922413852544
0.46 20 1150.2204601104017
0.46 21 1150.2201255310783
0.46 22 1171.7510412930474
0.46 23 1151.5899687982635
0.46 24 1155.2315191992184
0.46 25 1160.061550331261
0.46 26 1160.1307166890754
0.46 27 1166.2339996926366
0.46 28 1166.233999712448
0.46 29 1168.4410594016858
0.46 30 1171.7510361711563
0.46 31 1171.751042193939
0.46 32 1177.274133213151
0.46 33 1177.2741316319537
0.46 34 1175.5490459123414
0.46 35 1185.1427166
0.46 36 1171.7510372881634
0.46 37 1199.3839830963084
0.46 38 1192.947989076885
0.46 39 1196.986154692
0.46 40 1199.3839842774285
0.46 41 1205.6981108771267
0.46 42 1205.6981282772579
0.46 43 1205.6981039439606
0.46 44 1205.698096911892
0.46 45 1056.5838703666946
0.46 46 1216.8408111755266
0.46 47 1226.7544098687604
0.46 48 1224.0563175147336
0.46 49 1223.548419242
0.46 50 1228.2234469143473
0.46 51 1230.4310487863017
0.46 52 1230.4310487752919
0.46 53 1236.8743050531657
0.46 54 1238.0836729314306
0.46 55 1240.545787344
0.46 56 1254.6071497464436
0.46 57 1256.2390154221846
0.46 58 1254.6071607428896
0.46 59 1252.038566856
0.46 60 1254.6070563522317
0.46 61 1256.2390154180782
0.46 62 1260.4146657830377
0.46 63 1261.36654103713
0.46 64 1273.3901149726587
0.46 65 1267.093716504
0.46 66 1273.3901740764782
0.46 67 1266.00559293168
0.46 68 1273.3901461027
0.46 69 1273.390126815606
0.46 70 1221.3644953495236
0.46 71 1307.1028590306057
0.46 72 1294.1524584566484
0.46 73 1294.1524603780229
0.46 74 1294.1524421240688
0.46 75 1294.152451650368
0.46 76 1294.1524977609656
0.46 77 1297.7396039391392
0.46 78 1301.4852767603786
0.46 79 1307.1028588814333
0.46 80 1304.7775444638817
0.46 81 1323.2298192343846
0.46 82 1338.450006788297
0.46 83 1344.1152153746436
0.46 84 1307.1028590298897
0.46 85 1320.667637755453
0.46 86 1325.9723853925636
0.46 87 1301.4850266306391
0.46 88 1332.7856465674615
0.46 89 1332.785643764611
0.46 90 1333.1821746512014
0.46 91 1338.0966465259924
0.46 92 1339.7068344210807
0.46 93 1344.1152152107773
0.46 94 1344.1152097921745
0.46 95 1344.1152141844088
0.46 96 1338.0971063068625
0.46 97 1352.7690950849062
0.46 98 1349.768667225688
0.46 99 1352.7690950817926
0.47000000000000003 0 1089.4060763926716
0.47000000000000003 1 1089.406081378445
0.47000000000000003 2 1089.4060823801692
0.47000000000000003 3 1094.8688368739693
0.47000000000000003 4 1100.379137174833
0.47000000000000003 5 1103.4659338888691
0.47000000000000003 6 1103.4659680048746
0.47000000000000003 7 1107.529944238
0.47000000000000003 8 1103.4656694859714
0.47000000000000003 9 1078.460444536855
0.47000000000000003 10 1116.6708211806276
0.47000000000000003 11 1105.8363180381282
0.47000000000000003 12 1124.971451335399
0.47000000000000003 13 1078.4604466839492
0.47000000000000003 14 1160.0701497288062
0.47000000000000003 15 1154.094312269572
0.47000000000000003 16 1133.2588961020438
0.47000000000000003 17 1100.3791299602472
0.47000000000000003 18 1150.832457093418
0.47000000000000003 19 1078.460446476944
0.47000000000000003 20 1150.220434119541
0.47000000000000003 21 1150.2215266700323
0.47000000000000003 22 1171.7511305971504
0.47000000000000003 23 1151.5888804337715
0.47000000000000003 24 1155.2317652899467
0.47000000000000003 25 1160.069812621242
0.47000000000000003 26 1160.130766776017
0.47000000000000003 27 1166.2341058323425
0.47000000000000003 28 1166.234104418773
0.47000000000000003 29 1168.440946358836
0.47000000000000003 30 1171.7511306645415
0.47000000000000003 31 1171.7511332496213
0.47000000000000003 32 1177.2742221265073
0.47000000000000003 33 1177.274209310114
0.47000000000000003 34 1175.5491565455407
0.47000000000000003 35 1184.9057960543203
0.47000000000000003 36 1171.7511320552617
0.47000000000000003 37 1199.3840163661782
0.47000000000000003 38 1192.9658444452177
0.47000000000000003 39 1196.986154692
0.47000000000000003 40 1199.3840136205226
0.47000000000000003 41 1205.697330684357
0.47000000000000003 42 1205.697342494454
0.47000000000000003 43 1205.6975949098469
0.47000000000000003 44 1205.6973937262317
0.47000000000000003 45 1056.5841102140614
0.47000000000000003 46 1216.839487944595
0.47000000000000003 47 1226.7564829945566
0.47000000000000003 48 1224.0538982001715
0.47000000000000003 49 1223.548419242
0.47000000000000003 50 1228.223647093142
0.47000000000000003 51 1230.4310494009737
0.47000000000000003 52 1230.4310493991482
0.47000000000000003 53 1236.8743107607324
0.47000000000000003 54 1238.0837637232464
0.47000000000000003 55 1240.545787344
0.47000000000000003 56 1251.9333719593951
0.47000000000000003 57 1256.239041297856
0.47000000000000003 58 1254.6119745815145
0.47000000000000003 59 1232.5304313122915
0.47000000000000003 60 1254.611839723318
0.47000000000000003 61 1256.23904130388
0.47000000000000003 62 1260.4147393822
0.47000000000000003 63 1261.3666543968218
0.47000000000000003 64 1273.3902066420599
0.47000000000000003 65 1267.093716504
0.47000000000000003 66 1273.390186679161
0.47000000000000003 67 1266.0055869244018
0.47000000000000003 68 1273.3901764937773
0.47000000000000003 69 1273.390240415753
0.47000000000000003 70 1221.4299388082766
0.47000000000000003 71 1307.1028635990872
0.47000000000000003 72 1294.1522016624467
0.47000000000000003 73 1294.152199981541
0.47000000000000003 74 1294.1522132570244
0.47000000000000003 75 1294.15223810579
0.47000000000000003 76 1294.1522404460486
0.47000000000000003 77 1297.73925577217
0.47000000000000003 78 1301.4848956939352
0.47000000000000003 79 1307.1028632512168
0.47000000000000003 80 1304.777685989301
0.47000000000000003 81 1323.2246016889435
0.47000000000000003 82 1338.4500012930566
0.47000000000000003 83 1344.115137352768
0.47000000000000003 84 1307.1028638617952
0.47000000000000003 85 1320.6664196073673
0.47000000000000003 86 1325.9667848712645
0.47000000000000003 87 1294.1521936182248
0.47000000000000003 88 1332.7857005693693
0.47000000000000003 89 1332.7857008780156
0.47000000000000003 90 1333.182111020637
0.47000000000000003 91 1338.0971866912403
0.47000000000000003 92 1339.7067533953593
0.47000000000000003 93 1344.1151494000171
0.47000000000000003 94 1344.115144371579
0.47000000000000003 95 1344.1151439226658
0.47000000000000003 96 1352.279348728
0.47000000000000003 97 1352.7689780724434
0.47000000000000003 98 1349.7685346539297
0.47000000000000003 99 1352.7689780702256
0.48 0 1089.406266888776
0.48 1 1089.406269800876
0.48 2 1089.4062714457707
0.48 3 1094.868269264234
0.48 4 1100.3796835075273
0.48 5 1103.469891868671
0.48 6 1103.4706297719133
0.48 7 1107.529944238
0.48 8 1103.4705255054525
0.48 9 1078.4606666312532
0.48 10 1116.6687984236794
0.48 11 1105.8364854003637
0.48 12 1123.2244153173851
0.48 13 1078.4606496434878
0.48 14 1161.242972645526
0.48 15 1154.0946942431513
0.48 16 1133.259024934414
0.48 17 1094.8682500263517
0.48 18 1150.831330725037
0.48 19 1109.2508884612134
0.48 20 1150.2201608227615
0.48 21 1150.2198732616212
0.48 22 1171.7512225688074
0.48 23 1151.5865592463267
0.48 24 1155.23198006089
0.48 25 1155.2319744583206
0.48 26 1160.1308168407638
0.48 27 1166.2342108481648
0.48 28 1166.2342089842596
0.48 29 1168.4408332799514
0.48 30 1171.7512207506768
0.48 31 1171.7512163176523
0.48 32 1177.2742931278012
0.48 33 1177.274285784754
0.48 34 1175.5495041600573
0.48 35 1185.1427166
0.48 36 1171.7512197931214
0.48 37 1199.3840523197598
0.48 38 1192.9808667316202
0.48 39 1196.986154692
0.48 40 1199.384049088138
0.48 41 1205.696627941068
0.48 42 1205.6966364972036
0.48 43 1205.696865670573
0.48 44 1205.6966649428898
0.48 45 2049.5808544292586
0.48 46 1216.8381640854295
0.48 47 1226.7587927079355
0.48 48 1224.0514591470626
0.48 49 1223.548419242
0.48 50 1228.2237794801117
0.48 51 1230.431050000636
0.48 52 1230.4310499987675
0.48 53 1236.8743164490186
0.48 54 1238.0838645576796
0.48 55 1240.545787344
0.48 56 1254.6169410016485
0.48 57 1256.239067170646
0.48 58 1254.6167202424388
0.48 59 1232.5305294960417
0.48 60 1254.6169667535012
0.48 61 1256.2390671729709
0.48 62 1260.4146924975773
0.48 63 1261.3667684661737
0.48 64 1273.3902376825617
0.48 65 1267.093716504
0.48 66 1273.3903000633127
0.48 67 1266.0055781150563
0.48 68 1273.3902371586182
0.48 69 1273.3902327427131
0.48 70 1221.4952395500736
0.48 71 1307.102867545369
0.48 72 1294.1519448212844
0.48 73 1294.1519395262865
0.48 74 1294.1519572311286
0.48 75 1294.1519644080659
0.48 76 1294.151983076597
0.48 77 1297.7389334133206
0.48 78 1301.4845143012549
0.48 79 1307.10286741845
0.48 80 1304.777831996338
0.48 81 1323.2195824426294
0.48 82 1338.4499962756734
0.48 83 1344.1150745623445
0.48 84 1307.1028681470093
0.48 85 1321.31249188417
0.48 86 1325.9604321335553
0.48 87 1302.20051331018
0.48 88 1332.7857550231035
0.48 89 1332.7857508722896
0.48 90 1332.785757232378
0.48 91 1338.0973401763192
0.48 92 1339.706672355643
0.48 93 1344.1150710553568
0.48 94 1344.1150767251877
0.48 95 1344.115073535454
0.48 96 1332.7857583419675
0.48 97 1352.7688610487494
0.48 98 1349.7683996000424
0.48 99 1352.7688610507341
0.49 0 1089.4064690263888
0.49 1 1089.4064644019015
0.49 2 1089.4064717242593
0.49 3 1094.8676796570915
0.49 4 1100.3801890795198
0.49 5 1103.9591377016325
0.49 6 1103.4750636623698
0.49 7 1107.529944238
0.49 8 1103.474587522972
0.49 9 1078.4608865244616
0.49 10 1116.6670692787143
0.49 11 1100.3802318479309
0.49 12 1123.2242853049768
0.49 13 1078.4608771351961
0.49 14 1160.080568952871
0.49 15 1177.2743729809208
0.49 16 1133.2591599696234
0.49 17 1100.3802180547523
0.49 18 1150.830226118541
0.49 19 1072.9900920187874
0.49 20 1150.2197629700515
0.49 21 1150.2197436327804
0.49 22 1171.7513220924266
0.49 23 1151.5848507340645
0.49 24 1155.2321907697874
0.49 25 1160.0872873145258
0.49 26 1160.1308668928848
0.49 27 1166.2343162369064
0.49 28 1166.2343183334656
0.49 29 1168.4407201556219
0.49 30 1171.7513104593213
0.49 31 1171.7513095763888
0.49 32 1177.2743651007604
0.49 33 1177.274367688537
0.49 34 1175.550619587617
0.49 35 1177.2743695640884
0.49 36 1171.7513187714292
0.49 37 1199.3840780485143
0.49 38 1192.9944259501551
0.49 39 1199.3840812271721
0.49 40 1199.3840823316373
0.49 41 1205.6958808297834
0.49 42 1205.6960029160452
0.49 43 1205.6961364713602
0.49 44 1205.6959701316327
0.49 45 1753.256558339012
0.49 46 1216.836839672446
0.49 47 1226.7608308283286
0.49 48 1224.0490998094576
0.49 49 1223.548419242
0.49 50 1228.2240514540194
0.49 51 1230.4310505819988
0.49 52 1230.431050576973
0.49 53 1236.8743221281354
0.49 54 1238.083960621552
0.49 55 1240.545787344
0.49 56 1254.6223249126112
0.49 57 1256.2390930447993
0.49 58 1254.6217759056583
0.49 59 1252.038566856
0.49 60 1254.6223034974173
0.49 61 1256.2390930454364
0.49 62 1260.4147240570585
0.49 63 1261.3668823925063
0.49 64 1273.3902992118458
0.49 65 1267.093716504
0.49 66 1273.3903632334077
0.49 67 1266.005610097888
0.49 68 1273.3903288784495
0.49 69 1273.3903069178011
0.49 70 1223.8026617936905
0.49 71 1307.1028719870237
0.49 72 1294.1516879332544
0.49 73 1294.1517271381376
0.49 74 1294.1517011485057
0.49 75 1294.1516904271696
0.49 76 1294.151725687856
0.49 77 1297.7385733923318
0.49 78 1301.4841325823386
0.49 79 1307.1028717082481
0.49 80 1304.7779727069772
0.49 81 1323.2147041922005
0.49 82 1338.4499895322328
0.49 83 1344.1150040960813
0.49 84 1307.1028719671997
0.49 85 1321.3111791414042
0.49 86 1338.4499933580796
0.49 87 1302.1712519692435
0.49 88 1332.785815026002
0.49 89 1332.7858173971777
0.49 90 1332.7858117561811
0.49 91 1338.0975308765803
0.49 92 1339.7065913078914
0.49 93 1344.115004965909
0.49 94 1344.115005439494
0.49 95 1344.1149999813151
0.49 96 1352.279348728
0.49 97 1352.7687440125114
0.49 98 1349.7682751187372
0.49 99 1349.7682704300676
