0.05 0 42.006348363382614
0.05 1 49.9924147985294
0.05 2 60.80205604060933
0.05 3 65.84678603396185
0.05 4 75.13044972582631
0.05 5 81.79462736213682
0.05 6 86.63156741784867
0.05 7 96.01026716305051
0.05 8 99.547664956
0.05 9 105.94063679930947
0.05 10 112.89249487518163
0.05 11 118.694088006
0.05 12 121.66355705
0.05 13 130.22509464520448
0.05 14 134.15962201749866
0.05 15 139.09280291826246
0.05 16 144.13431231649412
0.05 17 151.40937931911014
0.05 18 154.289680138
0.05 19 158.67475428986313
0.05 20 165.820761708
0.05 21 169.4709919908249
0.05 22 174.850549226
0.05 23 177.61822432042555
0.05 24 184.983798542
0.05 25 189.302688082
0.05 26 191.74127118607757
0.05 27 197.6624138567828
0.05 28 202.63570712193535
0.05 29 207.45107711042064
0.05 30 210.89324400896385
0.05 31 214.33708940929156
0.05 32 222.059071086
0.05 33 223.7493301058088
0.05 34 228.64040735814936
0.05 35 232.453360642
0.05 36 237.58207943065977
0.05 37 242.73089637471915
0.05 38 245.89363732527633
0.05 39 248.5136557076279
0.05 40 255.03338353054465
0.05 41 259.1573493479036
0.05 42 262.1753478131397
0.05 43 266.9954727033648
0.05 44 269.5130148933196
0.05 45 276.23208852451523
0.05 46 279.47242477811426
0.05 47 282.2474197569053
0.05 48 286.223691616
0.05 49 292.0019926000807
0.05 50 294.93972385379243
0.05 51 300.107040842
0.05 52 302.6241163837186
0.05 53 306.0493925453364
0.05 54 312.22568936607155
0.05 55 315.08351031196526
0.05 56 317.699976342
0.05 57 321.3263767165018
0.05 58 326.061419374
0.05 59 331.07473145297087
0.05 60 334.3375777776735
0.05 61 338.18887022167337
0.05 62 339.82305140403264
0.05 63 346.8230866861195
0.05 64 349.508383046
0.05 65 352.8829938842675
0.05 66 358.45289441757234
0.05 67 359.83296804
0.05 68 365.6638245981357
0.05 69 369.7492728164393
0.05 70 371.2892923912672
0.05 71 374.457845168
0.05 72 378.83235427191613
0.05 73 384.05319611556
0.05 74 386.1594411066505
0.05 75 390.5307992693224
0.05 76 393.753076713849
0.05 77 400.63829300493677
0.05 78 402.5297780950832
0.05 79 404.98713746527636
0.05 80 408.379343606
0.05 81 410.7884711088502
0.05 82 415.8126784560764
0.05 83 419.1532874634616
0.05 84 423.3817841125523
0.05 85 426.7038250715525
0.05 86 429.09411521917593
0.05 87 432.33913985386016
0.05 88 438.1396334684503
0.05 89 441.42985586623195
0.05 90 442.8615072385559
0.05 91 448.01400051
0.05 92 449.9667506211758
0.05 93 454.8432130399024
0.05 94 458.67491295476805
0.05 95 462.5003774
0.05 96 463.97446264503685
0.05 97 467.3874534566479
0.05 98 473.04844320299776
0.05 99 475.5401284122508
0.05 100 479.1113927773664
0.05 101 482.0984621337644
0.05 102 485.6465180446674
0.05 103 488.14215442948984
0.05 104 494.2738644904044
0.05 105 496.20420454040254
0.05 106 499.14737929
0.05 107 502.0300366433511
0.05 108 506.1399462549739
0.05 109 510.61290908904095
0.05 110 512.76147681666
0.05 111 517.2209535430073
0.05 112 519.7507981393749
0.05 113 521.6103511314516
0.05 114 527.1478479312857
0.05 115 531.1323584196408
0.05 116 533.3865967710808
0.05 117 535.843830166
0.05 118 539.9410693249519
0.05 119 542.988455517417
0.05 120 546.9192701886702
0.05 121 551.174985298
0.05 122 552.901255566959
0.05 123 556.50148706
0.05 124 558.4584366411148
0.05 125 564.9305418821397
0.05 126 561.9990569767481
0.05 127 569.671927962
0.05 128 573.3352668615236
0.05 129 575.824118374506
0.05 130 565.4086511163771
0.05 131 583.692582658
0.05 132 588.7084797970158
0.05 133 589.9312921388575
0.05 134 591.0806658229061
0.05 135 595.958554124
0.05 136 601.2709423721607
0.05 137 603.3143615758881
0.05 138 605.3956281999189
0.05 139 609.7288087331182
0.05 140 611.4590914981517
0.05 141 614.4390929526082
0.05 142 620.2192375234341
0.05 143 622.6321698734407
0.05 144 625.871397864099
0.05 145 627.9707080409476
0.05 146 630.9514469570402
0.05 147 635.4679938875696
0.05 148 637.7069523779691
0.06 0 41.99880670052768
0.06 1 49.98655264692853
0.06 2 60.79253464887746
0.06 3 65.8421031447482
0.06 4 75.12207454943537
0.06 5 81.78608199288325
0.06 6 86.6270371276434
0.06 7 96.01036642805722
0.06 8 99.547664956
0.06 9 105.940642956
0.06 10 112.89249461758648
0.06 11 118.694088006
0.06 12 121.66355777985179
0.06 13 130.2251033738733
0.06 14 134.159621058
0.06 15 139.092803422
0.06 16 144.134315348
0.06 17 151.409381398
0.06 18 154.28967955842631
0.06 19 158.6747740134275
0.06 20 165.820761708
0.06 21 169.470985962
0.06 22 174.85055917100968
0.06 23 177.61822394197594
0.06 24 184.98380086350446
0.06 25 189.30272663000622
0.06 26 191.74127105363266
0.06 27 197.66235134560924
0.06 28 202.635702012
0.06 29 207.45107738158399
0.06 30 210.893246104
0.06 31 214.337277728474
0.06 32 222.059071086
0.06 33 223.749318354
0.06 34 228.64053846513823
0.06 35 232.45336297195814
0.06 36 237.58194179557196
0.06 37 242.73702125487716
0.06 38 245.89369780620686
0.06 39 248.5136455656872
0.06 40 255.0333558417842
0.06 41 259.1574084
0.06 42 262.1747263299011
0.06 43 266.995474406
0.06 44 269.513019506
0.06 45 276.2320570657826
0.06 46 279.4723620693406
0.06 47 282.2473657074419
0.06 48 286.223691616
0.06 49 292.00195725384935
0.06 50 295.10491334731336
0.06 51 300.1070763460186
0.06 52 302.6248368460922
0.06 53 306.04939745160056
0.06 54 312.22571985573643
0.06 55 315.08526396563906
0.06 56 317.699976342
0.06 57 321.32760224367604
0.06 58 326.06143307392347
0.06 59 331.07471114120267
0.06 60 334.3436542044152
0.06 61 338.1893960437801
0.06 62 339.823952958
0.06 63 346.8229836273564
0.06 64 349.508383046
0.06 65 352.88305662591495
0.06 66 358.93366811051754
0.06 67 359.83296804
0.06 68 366.3810448921386
0.06 69 369.7489769722324
0.06 70 371.32320012005283
0.06 71 374.457845168
0.06 72 378.8323743622293
0.06 73 384.05334852328633
0.06 74 386.1595063000004
0.06 75 390.53079336
0.06 76 393.7531447578992
0.06 77 401.67655493766
0.06 78 402.5301807145494
0.06 79 404.9870482442155
0.06 80 408.379343606
0.06 81 410.78846909208136
0.06 82 415.81261183195346
0.06 83 419.1532884226595
0.06 84 423.38178135785853
0.06 85 426.7018687381217
0.06 86 429.0940015139597
0.06 87 432.3392658527676
0.06 88 438.13492214261987
0.06 89 441.4298273816238
0.06 90 442.8615209239684
0.06 91 448.01401833547675
0.06 92 449.9667408356615
0.06 93 454.84337740520095
0.06 94 458.674826612
0.06 95 462.5004130531571
0.06 96 463.97453539691384
0.06 97 467.38653435184455
0.06 98 473.04844737250926
0.06 99 475.5391575076838
0.06 100 479.110955146
0.06 101 482.0984530487527
0.06 102 485.6464665662528
0.06 103 488.1421651895154
0.06 104 494.2734604945674
0.06 105 496.2038506034485
0.06 106 499.14737929
0.06 107 502.0301088337724
0.06 108 506.139973496
0.06 109 510.6128523338581
0.06 110 512.7615206877914
0.06 111 517.221227995474
0.06 112 519.7495999519786
0.06 113 521.6106616804545
0.06 114 527.1478489282267
0.06 115 531.1231205649326
0.06 116 533.3870763348542
0.06 117 535.8437684651029
0.06 118 539.9411001145336
0.06 119 542.9879559234298
0.06 120 546.919218376
0.06 121 551.174985298
0.06 122 552.9056218466185
0.06 123 556.5015054451617
0.06 124 558.4593100669679
0.06 125 564.9305422549872
0.06 126 562.024255315868
0.06 127 569.671927962
0.06 128 573.3350795992202
0.06 129 575.8240472942193
0.06 130 565.422211712259
0.06 131 583.692582658
0.06 132 587.4900836456239
0.06 133 589.9311555440553
0.06 134 591.0817869550749
0.06 135 595.958554124
0.06 136 601.6597576467873
0.06 137 603.3143126771581
0.06 138 605.3925721925477
0.06 139 609.728742682
0.06 140 611.449013634866
0.06 141 614.4391293484919
0.06 142 620.2173411033092
0.06 143 622.6332275851738
0.06 144 625.8715845495236
0.06 145 627.970571462
0.06 146 630.9512894804624
0.06 147 635.4688171670734
0.06 148 637.7073758066673
0.07 0 41.99126654178411
0.07 1 49.980689806030625
0.07 2 60.78301916205648
0.07 3 65.837415184922
0.07 4 75.11370166956182
0.07 5 81.77753175844877
0.07 6 86.62251582085884
0.07 7 96.01035684260184
0.07 8 99.547664956
0.07 9 105.94062802756979
0.07 10 112.892495394
0.07 11 118.694088006
0.07 12 121.66355705
0.07 13 130.22502017832397
0.07 14 134.159621058
0.07 15 139.092803422
0.07 16 144.134315348
0.07 17 151.4093697359478
0.07 18 154.289680138
0.07 19 158.67476317135998
0.07 20 165.820761708
0.07 21 169.470985962
0.07 22 174.85055688916535
0.07 23 177.618222416
0.07 24 184.9838022619003
0.07 25 189.30280607677898
0.07 26 191.7412711560774
0.07 27 197.662402305816
0.07 28 202.6357066035254
0.07 29 207.45107608
0.07 30 210.89324398065256
0.07 31 214.33729410731246
0.07 32 222.059071086
0.07 33 223.74934026322472
0.07 34 228.6405002483957
0.07 35 232.45336291822787
0.07 36 237.58189131315723
0.07 37 242.7417552784316
0.07 38 245.8936811755596
0.07 39 248.51364648170517
0.07 40 255.0333603311966
0.07 41 259.15738262502384
0.07 42 262.1753452803661
0.07 43 266.995474406
0.07 44 269.513019506
0.07 45 276.23203985951403
0.07 46 279.47246295264273
0.07 47 282.24739082030777
0.07 48 286.22370327376115
0.07 49 292.00197908028986
0.07 50 294.99456505869983
0.07 51 300.1070967571432
0.07 52 302.6266681635093
0.07 53 306.049387622
0.07 54 312.2253360638709
0.07 55 315.08530970386215
0.07 56 317.70006635970617
0.07 57 321.3282302343967
0.07 58 326.061419374
0.07 59 331.0768454677947
0.07 60 334.3469507203417
0.07 61 338.1892919877746
0.07 62 339.82355429753676
0.07 63 346.82307304
0.07 64 349.508383046
0.07 65 352.8829725334968
0.07 66 359.5107420423003
0.07 67 359.83296804
0.07 68 365.9951047760616
0.07 69 369.7489729151149
0.07 70 371.30027458878374
0.07 71 374.457845168
0.07 72 378.8323385583381
0.07 73 384.05320080561313
0.07 74 386.15935893805414
0.07 75 390.5307788072908
0.07 76 393.75336402931697
0.07 77 400.298339088756
0.07 78 402.5299151192866
0.07 79 404.9871475599153
0.07 80 408.37926638530604
0.07 81 410.78854885708466
0.07 82 415.8126849042141
0.07 83 419.1534204186426
0.07 84 423.38174652834255
0.07 85 426.6940587181857
0.07 86 429.094089566
0.07 87 432.33928153426604
0.07 88 438.1347474390825
0.07 89 441.429856751662
0.07 90 442.86169865861626
0.07 91 448.01397070575524
0.07 92 449.96637275770564
0.07 93 454.8441380075569
0.07 94 458.67456347268023
0.07 95 462.50031287721646
0.07 96 463.974470506
0.07 97 467.3865198474747
0.07 98 473.048459332
0.07 99 475.53999431512347
0.07 100 479.110955146
0.07 101 482.09860934250213
0.07 102 485.6467393810363
0.07 103 488.141796994
0.07 104 494.27469122954915
0.07 105 496.2038654931898
0.07 106 499.14737929
0.07 107 502.0300164910139
0.07 108 506.139973496
0.07 109 510.61234915039074
0.07 110 512.7614403890215
0.07 111 517.2197779375716
0.07 112 519.7494662246415
0.07 113 521.6104864823396
0.07 114 527.1479232254343
0.07 115 531.1243184966343
0.07 116 533.387555842043
0.07 117 535.8438144216219
0.07 118 539.9410363801203
0.07 119 542.9885303747217
0.07 120 546.9191888153894
0.07 121 551.1748760441207
0.07 122 552.9062038234562
0.07 123 556.50148706
0.07 124 558.4579563446019
0.07 125 564.9305449481199
0.07 126 561.9781514288156
0.07 127 569.6712986239033
0.07 128 573.334984218547
0.07 129 575.8239787014277
0.07 130 565.4423331605097
0.07 131 583.692582658
0.07 132 587.2711996961326
0.07 133 589.9316421041046
0.07 134 591.0831521546937
0.07 135 595.9584475111199
0.07 136 601.279283665775
0.07 137 603.3215644483655
0.07 138 605.3956354538502
0.07 139 609.7289880135309
0.07 140 611.4572543823532
0.07 141 614.4386375698443
0.07 142 620.2201136057859
0.07 143 622.6333751804597
0.07 144 625.8717712033961
0.07 145 627.9707256706398
0.07 146 630.9511257478144
0.07 147 635.4755344904291
0.07 148 637.7061359055878
0.08 0 41.983727886044754
0.08 1 49.97482627743339
0.08 2 60.7735095636172
0.08 3 65.83272209224631
0.08 4 75.10533078466403
0.08 5 81.76899456415279
0.08 6 86.61796845177895
0.08 7 96.01036621345747
0.08 8 99.547664956
0.08 9 105.94064515951638
0.08 10 112.892495394
0.08 11 118.694088006
0.08 12 121.66355753083069
0.08 13 130.22507742322236
0.08 14 134.15962177487728
0.08 15 139.092803422
0.08 16 144.134315348
0.08 17 151.409381398
0.08 18 154.2896790075187
0.08 19 158.67478907296424
0.08 20 165.82076617805058
0.08 21 169.47098863997724
0.08 22 174.850549226
0.08 23 177.618222416
0.08 24 184.983798542
0.08 25 189.302688082
0.08 26 191.74127130092577
0.08 27 197.66239136532752
0.08 28 202.63570835296525
0.08 29 207.45107608
0.08 30 210.8932436116294
0.08 31 214.337824264024
0.08 32 222.059071086
0.08 33 223.74930992702855
0.08 34 228.64053506845443
0.08 35 232.453362900753
0.08 36 237.58191604939913
0.08 37 242.740250004
0.08 38 245.89370176970422
0.08 39 248.5136636667116
0.08 40 255.03336776
0.08 41 259.15740270193663
0.08 42 262.1793542745895
0.08 43 266.995474406
0.08 44 269.513019506
0.08 45 276.23204666393883
0.08 46 279.4723674428239
0.08 47 282.24742512005855
0.08 48 286.2236659149358
0.08 49 292.00198010852876
0.08 50 294.9963601811681
0.08 51 300.1070589714719
0.08 52 302.0930528581188
0.08 53 306.0493974561686
0.08 54 312.22562146942005
0.08 55 315.08614855734834
0.08 56 317.699976342
0.08 57 321.3291236862181
0.08 58 326.06141219315566
0.08 59 331.11181299270805
0.08 60 333.9141663506219
0.08 61 338.18932077424705
0.08 62 339.823693277299
0.08 63 346.8231148516955
0.08 64 349.508383046
0.08 65 352.88300061694656
0.08 66 358.5077680308827
0.08 67 359.83296804
0.08 68 365.5920481050783
0.08 69 369.74870853028034
0.08 70 371.30394660590383
0.08 71 374.45785191452114
0.08 72 378.83234725962404
0.08 73 384.0531960016881
0.08 74 386.159399625402
0.08 75 390.53079336
0.08 76 393.7532556549776
0.08 77 404.0108838185822
0.08 78 402.5301736562382
0.08 79 404.98703548617726
0.08 80 408.379343606
0.08 81 410.78860519729477
0.08 82 415.81262418010846
0.08 83 419.15308286858374
0.08 84 423.3817481451995
0.08 85 426.69907985279696
0.08 86 429.094089566
0.08 87 432.3393096059567
0.08 88 438.1396452871754
0.08 89 441.429918195151
0.08 90 442.86154997611453
0.08 91 448.01400051
0.08 92 449.96671158737325
0.08 93 454.84275578153336
0.08 94 458.67493756954167
0.08 95 462.5003774
0.08 96 463.97436421614424
0.08 97 467.386564391431
0.08 98 473.048459332
0.08 99 475.5401842138064
0.08 100 479.1099996323754
0.08 101 482.0984822235055
0.08 102 485.6467594740275
0.08 103 488.1434110106065
0.08 104 494.2745326879276
0.08 105 496.20423112778184
0.08 106 499.14737929
0.08 107 502.03007966654513
0.08 108 506.1389773198291
0.08 109 510.61234109380007
0.08 110 512.7614746502871
0.08 111 517.2206618180376
0.08 112 519.7497170704726
0.08 113 521.610069560391
0.08 114 527.1479137738688
0.08 115 531.0852532188507
0.08 116 533.230072405231
0.08 117 535.843830166
0.08 118 539.941061553056
0.08 119 542.9884791988799
0.08 120 546.9191057139917
0.08 121 551.1750379653156
0.08 122 552.9030720864013
0.08 123 556.50148706
0.08 124 558.4567176767234
0.08 125 564.9300777746652
0.08 126 561.9909673308476
0.08 127 569.671927962
0.08 128 573.3350505474469
0.08 129 575.8239775816133
0.08 130 565.4463817185961
0.08 131 583.692582658
0.08 132 588.0116738999558
0.08 133 589.9304843742494
0.08 134 591.083011818258
0.08 135 595.9585673698167
0.08 136 601.6255648533833
0.08 137 603.3167434910683
0.08 138 605.3956820093678
0.08 139 609.7297740153654
0.08 140 611.459432694821
0.08 141 614.4388906789321
0.08 142 620.2203041755051
0.08 143 622.6340021726902
0.08 144 625.8719578274541
0.08 145 627.9706061296012
0.08 146 630.9514528862198
0.08 147 635.4710106883452
0.08 148 637.706392138286
0.09 0 41.976190732239566
0.09 1 49.96896206272645
0.09 2 60.764005836343706
0.09 3 65.82802396389448
0.09 4 75.09696159564317
0.09 5 81.76046185564334
0.09 6 86.61340795071803
0.09 7 96.01018358124847
0.09 8 99.547664956
0.09 9 105.94063597706814
0.09 10 112.892495394
0.09 11 118.694088006
0.09 12 121.66355705
0.09 13 130.2250321978699
0.09 14 134.159621058
0.09 15 139.092803422
0.09 16 144.13431776446055
0.09 17 151.40937985385094
0.09 18 154.289680138
0.09 19 158.6747565325926
0.09 20 165.820761708
0.09 21 169.470985962
0.09 22 174.8505526999683
0.09 23 177.61822439810564
0.09 24 184.98380204791283
0.09 25 189.30266582886537
0.09 26 191.7412722913536
0.09 27 197.66240717007437
0.09 28 202.63571144796018
0.09 29 207.45107608
0.09 30 210.89324379329835
0.09 31 214.3372909871455
0.09 32 222.059071086
0.09 33 223.74929218250142
0.09 34 228.64023138173172
0.09 35 232.45336312322976
0.09 36 237.5823828242095
0.09 37 242.74010153809135
0.09 38 245.89365221850534
0.09 39 248.51365492439203
0.09 40 255.03337544867867
0.09 41 259.157429241765
0.09 42 262.1753318581868
0.09 43 266.995474406
0.09 44 269.513019506
0.09 45 276.23204889287933
0.09 46 279.4724535249576
0.09 47 282.2473873602013
0.09 48 286.223691616
0.09 49 292.0019864470337
0.09 50 295.03081907309576
0.09 51 300.10710226712007
0.09 52 302.6282627465201
0.09 53 306.0493927501758
0.09 54 312.22569133757986
0.09 55 315.08718703219
0.09 56 317.699976342
0.09 57 321.33025310956896
0.09 58 326.061419374
0.09 59 331.0747271115923
0.09 60 333.8693884402037
0.09 61 338.1894714471707
0.09 62 339.8241076928527
0.09 63 346.822986479118
0.09 64 349.508383046
0.09 65 352.8827035681079
0.09 66 354.7277044671791
0.09 67 359.83296804
0.09 68 366.0712683885251
0.09 69 369.7479224192709
0.09 70 371.31199418707865
0.09 71 374.457845168
0.09 72 378.8323492172452
0.09 73 384.0534646692669
0.09 74 386.1595516150526
0.09 75 390.53079336
0.09 76 393.75306868757457
0.09 77 408.65806369577166
0.09 78 402.52932567855225
0.09 79 404.98697209882414
0.09 80 408.379343606
0.09 81 410.7898991270576
0.09 82 415.81236641403626
0.09 83 419.1533556698244
0.09 84 423.3817689555972
0.09 85 426.69258074579614
0.09 86 429.09419276979725
0.09 87 432.33928545171347
0.09 88 438.13476288686536
0.09 89 441.4301628584146
0.09 90 442.86147549400766
0.09 91 448.01400051
0.09 92 449.96632406449106
0.09 93 454.8431851169337
0.09 94 458.67503302258336
0.09 95 462.50030953818293
0.09 96 463.974349580507
0.09 97 467.38624611449086
0.09 98 473.048459332
0.09 99 475.54001124405846
0.09 100 479.110955146
0.09 101 482.0985653234927
0.09 102 485.6467497093697
0.09 103 488.141796994
0.09 104 494.2747586835673
0.09 105 496.20438241138424
0.09 106 499.14737929
0.09 107 502.030086788193
0.09 108 506.1386711573961
0.09 109 510.6123216288466
0.09 110 512.761427388
0.09 111 517.2207211640873
0.09 112 519.749346997104
0.09 113 521.6100646790069
0.09 114 527.1478657534018
0.09 115 531.1306199808965
0.09 116 533.2302060862436
0.09 117 535.8439548749741
0.09 118 539.9411792718586
0.09 119 542.9875436488471
0.09 120 546.919188914963
0.09 121 551.174985298
0.09 122 552.9039408890159
0.09 123 556.5015087824617
0.09 124 558.4584926846289
0.09 125 564.9305444264345
0.09 126 561.9664804649316
0.09 127 569.6713012411032
0.09 128 573.3349590904355
0.09 129 575.8241744865969
0.09 130 567.193651834833
0.09 131 583.692582658
0.09 132 589.0768038626383
0.09 133 589.9307392379999
0.09 134 591.0836149234051
0.09 135 595.958554124
0.09 136 601.6734667374296
0.09 137 603.3193173803782
0.09 138 605.392009085713
0.09 139 609.7287029550134
0.09 140 611.4611026817868
0.09 141 614.4385788202117
0.09 142 620.2199243761978
0.09 143 622.6342061642433
0.09 144 625.8721444416058
0.09 145 627.9707055688114
0.09 146 630.9512461382435
0.09 147 635.466942646476
0.09 148 637.7069537170026
